clone,alt,depth,id
0,51,100,ebb2d8dX0
0,36,99,ebb2d8dX1
0,47,98,ebb2d8dX2
0,51,100,ebb2d8dX3
0,57,117,ebb2d8dX4
0,56,116,ebb2d8dX5
0,53,107,ebb2d8dX6
0,42,95,ebb2d8dX7
0,53,110,ebb2d8dX8
0,43,90,ebb2d8dX9
0,52,109,ebb2d8fX0
0,44,96,ebb2d8fX1
0,44,91,ebb2d8fX2
0,39,97,ebb2d8fX3
0,34,96,ebb2d8fX4
0,49,91,ebb2d8fX5
0,46,101,ebb2d8fX6
0,48,113,ebb2d8fX7
0,49,106,ebb2d8fX8
0,48,92,ebb2d8fX9
0,57,109,ebb2d8fXa
0,40,96,ebb2d92X0
0,38,98,ebb2d92X1
0,53,98,ebb2d92X2
0,45,99,ebb2d92X3
0,46,109,ebb2d92X4
0,42,114,ebb2d92X5
0,51,121,ebb2d92X6
0,45,107,ebb2d92X7
0,42,108,ebb2d92X8
0,43,113,ebb2d92X9
1,51,106,ebb2d9cX0
1,41,102,ebb2d9cX1
1,43,99,ebb2d9cX2
1,37,93,ebb2d9cX3
1,39,101,ebb2d9cX4
1,33,88,ebb2d9cX5
1,51,108,ebb2d9cX6
1,46,105,ebb2d9cX7
1,42,92,ebb2d9cX8
1,52,112,ebb2d9cX9
1,41,110,ebb2d9cXa
1,49,118,ebb2d9cXb
1,43,115,ebb2dadX0
1,39,97,ebb2dadX1
1,42,86,ebb2dadX2
1,35,98,ebb2dadX3
1,39,83,ebb2dadX4
1,48,102,ebb2dadX5
1,6,96,ebb2dbaX4
1,6,99,ebb2dbaX5
1,5,84,ebb2dbaX6
1,6,104,ebb2dd8X3
1,8,111,ebb2dd8X4
1,9,93,ebb2dd8X7
1,7,93,ebb2dd8X8
1,6,106,ebb2dd8Xb
1,5,87,ebb2dd8Xd
1,5,112,ebb2dd8Xf
1,10,110,ebb2dd8X10
1,5,111,ebb2dd8X11
1,5,96,ebb2e53X0
1,10,98,ebb2e53X2
1,7,108,ebb2e53X4
1,6,94,ebb2e53X6
1,7,93,ebb2e53X7
1,5,95,ebb2eb3X1
1,6,115,ebb2f87X1
1,8,88,ebb2f87X2
1,6,92,ebb2f87X3
1,5,102,ebb2f87X4
1,11,90,ebb2f87X7
1,5,105,ebb2f87X8
1,5,115,ebb338eX3
1,5,96,ebb338eX5
1,8,108,ebb338eX7
1,8,95,ebb338eX8
1,7,108,ebb33f3X0
1,6,117,ebb33f3X1
1,6,97,ebb33f3X2
1,7,96,ebb33f3X6
1,5,103,ebb36b7X2
1,6,113,ebb36b7X6
1,7,96,ebb36b7X7
1,5,96,ebb36b7Xa
1,6,102,ebb36b7Xb
1,9,95,ebb378aX0
1,6,110,ebb378aX1
1,5,101,ebb378aX3
1,5,90,ebb378aX4
1,5,99,ebb378aX5
1,6,93,ebb378aX7
1,5,125,ebb378aX8
1,11,116,ebb3bb3X0
1,6,111,ebb3bb3X1
1,5,106,ebb3bb3X5
1,7,89,ebb3bb3X6
1,12,106,ebb3bb3X8
1,8,101,ebb3bb3X9
1,7,97,ebb3bb3Xb
1,5,104,ebb4378X0
1,5,90,ebb4378X1
1,5,88,ebb4378X2
1,6,116,ebb4378X7
1,6,106,ebb4378X8
1,5,75,ebb4378X9
1,9,104,ebb4378Xa
1,7,118,ebb4757X1
1,12,94,ebb4757X4
1,8,112,ebb4757X6
1,5,84,ebb4757X7
1,9,111,ebb4757X8
1,7,96,ebb4757X9
1,7,100,ebb4a5cX1
1,5,109,ebb4a5cX2
1,5,101,ebb4a5cX6
1,6,95,ebb5086X1
1,5,105,ebb5086X2
1,10,86,ebb5086X3
1,8,100,ebb5086X4
1,11,102,ebb5086X6
1,6,90,ebb5086X9
1,6,105,ebb5086Xd
1,5,103,ebb5086Xe
1,7,97,ebb519fX0
1,10,94,ebb519fX6
1,5,103,ebb519fX8
1,9,121,ebb519fXb
1,7,111,ebb559aX1
1,6,107,ebb559aX2
1,5,109,ebb559aX3
1,8,113,ebb559aX4
1,6,112,ebb559aX5
1,5,92,ebb559aX6
1,5,113,ebb559aX7
1,5,125,ebb559aX8
1,6,99,ebb5a81X0
1,5,96,ebb5a81X1
1,6,107,ebb5a81X2
1,7,93,ebb5a81X3
1,8,113,ebb5a81X4
1,5,101,ebb5a81X5
1,5,105,ebb5a81X6
1,9,95,ebb5a81X7
1,5,95,ebb5a81X8
1,5,93,ebb5a81X9
1,5,98,ebb5a81Xa
1,5,118,ebb5a81Xd
1,8,99,ebb5a81Xe
1,5,114,ebb73c5X0
1,9,105,ebb73c5X1
1,6,117,ebb73c5X2
1,10,106,ebb73c5X3
1,7,105,ebb73c5X5
1,13,118,ebb73c5X6
1,8,99,ebb73c5X7
1,5,103,ebb73c5Xa
1,9,101,ebb73c5Xb
1,5,97,ebb749eX4
1,8,91,ebb749eX5
1,9,107,ebb749eX7
1,14,122,ebb749eX8
1,8,98,ebb749eX9
1,10,110,ebb749eXa
1,6,103,ebb7f7cX1
1,6,120,ebb7f7cX2
1,6,108,ebb7f7cX3
1,6,107,ebb7f7cX5
1,6,105,ebb7f7cX6
1,5,104,ebb7f7cX7
1,8,101,ebb7f7cX8
1,5,107,ebb9049X0
1,5,103,ebb9049X2
1,6,107,ebb9049X4
1,8,121,ebb9049X5
1,7,86,ebb9049X9
1,5,94,ebb9049Xa
1,6,92,ebb9049Xd
1,6,92,ebb9049Xe
1,6,103,ebb9049Xf
1,5,114,ebb9049X10
1,5,99,ebbb1e0X0
1,5,94,ebbb1e0X1
1,5,102,ebbb1e0X3
1,6,94,ebbb1e0X5
1,5,96,ebbb1e0X6
1,5,115,ebbb1e0X9
1,5,88,ebbc498X1
1,6,88,ebbc498X2
1,7,112,ebbc498X3
1,5,103,ebbc498X5
1,11,87,ebbc498X6
1,5,95,ebbc498X7
1,5,108,ebbda83X0
1,6,94,ebbda83X4
1,7,86,ebbda83X5
1,8,108,ebbda83X7
1,6,88,ebbda83Xa
1,9,125,ebbda83Xb
1,7,112,ebbf69dX1
1,8,101,ebbf69dX2
1,6,103,ebbf69dX3
1,6,93,ebbf69dX4
1,6,106,ebbf69dX7
1,9,100,ebc02a3X3
1,9,96,ebc02a3X6
1,5,107,ebc02a3X7
1,5,103,ebc02a3X9
1,10,93,ebc12a7X0
1,10,114,ebc12a7X1
1,5,87,ebc12a7X2
1,5,99,ebc12a7X5
1,5,78,ebc12a7X8
1,5,108,ebc5712X1
1,5,93,ebc5712X2
1,6,90,ebc5712X3
1,7,96,ebc5712X4
1,6,95,ebc5712X5
1,7,96,ebc5712X6
1,6,106,ebc5712X8
1,7,99,ebc5712X9
1,5,98,ebc5712Xc
1,10,108,ebc5d0fX1
1,7,98,ebc5d0fX2
1,8,98,ebc5d0fX6
1,5,89,ebc5d0fX7
1,6,117,ebc5d0fX8
1,8,106,ebc5d0fX9
1,6,110,ebc6caeX1
1,6,85,ebc6caeX3
1,6,88,ebc6caeX4
1,10,111,ebc6caeX7
1,6,114,ebc6caeX8
1,6,104,ebc6caeX9
1,5,101,ebc6caeXa
1,9,82,ebc6caeXd
1,9,105,ebcbb55X0
1,6,97,ebcbb55X1
1,5,103,ebcbb55X5
1,9,94,ebcbb55X6
1,9,114,ebcbb55X7
1,6,98,ebcbb55X9
1,6,108,ebcbb55Xa
1,6,95,ebcbc4bX0
1,7,99,ebcbc4bX1
1,5,105,ebcbc4bX3
1,6,104,ebcbc4bX4
1,7,101,ebcbc4bX5
1,11,92,ebcbc4bX7
1,6,106,ebcbc4bXa
1,6,93,ebcbc4bXb
1,5,106,ebcbd2eX1
1,7,94,ebcbd2eX2
1,5,81,ebcca78X2
1,12,99,ebcca78X7
1,8,91,ebcca78X9
1,5,91,ebcca78Xc
1,8,100,ebcca78Xd
1,5,114,ebcca78Xe
1,5,98,ebcd39bX1
1,5,104,ebcd39bX3
1,10,109,ebcd39bX5
1,5,92,ebce817X0
1,5,88,ebce817X1
1,11,112,ebce817X2
1,6,91,ebce817X5
1,9,115,ebce817X6
1,5,98,ebce817X7
1,6,103,ebce817X8
1,7,97,ebce817Xc
1,6,104,ebd28d8X0
1,9,106,ebd28d8X1
1,6,125,ebd28d8X2
1,7,101,ebd28d8X3
1,5,103,ebd28d8X5
1,7,106,ebd28d8X6
1,7,121,ebd28d8X9
1,8,110,ebd28d8Xb
1,6,109,ebd2fbfX0
1,5,94,ebd2fbfX1
1,7,88,ebd2fbfX3
1,7,104,ebd2fbfX5
1,8,106,ebd4556X1
1,5,92,ebd4556X2
1,7,88,ebd4556X5
1,5,100,ebd4556Xa
1,9,105,ebd4556Xb
1,5,80,ebd68b8X0
1,8,107,ebd68b8X5
1,6,118,ebd68b8X6
1,5,106,ebd68b8X7
1,5,102,ebd68b8X8
1,7,123,ebd68b8X9
1,5,106,ebd691cX2
1,5,94,ebd691cX3
1,8,91,ebd691cX4
1,6,105,ebd691cX6
1,6,114,ebd839bX0
1,6,100,ebd839bX5
1,7,99,ebd839bX6
1,7,90,ebdae13X2
1,9,98,ebdae13X4
1,5,116,ebdae13X5
1,6,85,ebdae13X8
1,5,104,ebdae13X9
1,6,95,ebde057X0
1,5,99,ebde057X1
1,6,108,ebde057X3
1,8,111,ebde057X5
1,5,85,ebde057X6
1,6,98,ebde057X8
1,10,119,ebde057Xa
1,5,90,ebde057Xd
1,6,96,ebdf625X2
1,5,92,ebdf625X3
1,5,100,ebdf625X4
1,9,98,ebe4b04X1
1,5,105,ebe4b04X5
1,6,126,ebe9829X0
1,5,103,ebf8b4cX0
1,5,115,ebf8b4cX2
1,7,97,ebf8b4cX4
1,6,104,ebf8b4cX6
1,5,99,ebf8b4cX7
1,6,98,ebff7efX8
1,6,111,ec03515X1
1,6,87,ec03515X2
1,5,99,ec03515X6
1,5,84,ec03515X7
1,5,91,ec12b09X3
1,5,112,ec12b09X8
1,5,103,ec12b09X9
1,5,103,ec12b09Xa
1,32,90,ebb2dbbX0
1,28,77,ebb2dbbX1
1,40,97,ebb2dbbX2
1,45,118,ebb2dbbX3
1,34,89,ebb2dbbX4
1,40,105,ebb2dcbX0
1,37,101,ebb2dcbX1
1,35,96,ebb2dcbX2
1,30,93,ebb2dcbX3
1,41,114,ebb2dcbX4
1,40,98,ebb2dcbX5
1,42,106,ebb2dcbX6
1,35,99,ebb2dcbX7
1,38,110,ebb2dcbX8
1,35,92,ebb2dcbX9
1,32,92,ebb2dcbXa
1,39,94,ebb2dcbXb
1,36,97,ebb2dcbXc
1,31,85,ebb2dcbXd
1,37,109,ebb2dcbXe
1,44,100,ebb2dd6X0
1,44,111,ebb2dd6X1
1,48,113,ebb2dd6X2
1,33,112,ebb2dd6X3
1,31,92,ebb2dd6X4
1,39,101,ebb2dd6X5
1,51,116,ebb2dd6X6
1,43,104,ebb2dd6X7
1,34,84,ebb2dd6X8
1,42,110,ebb2defX0
1,41,97,ebb2defX1
1,39,104,ebb2defX2
1,27,81,ebb2defX3
1,41,113,ebb2defX4
1,39,101,ebb2defX5
1,37,101,ebb2defX6
1,47,107,ebb2defX7
1,37,107,ebb2defX8
1,40,105,ebb2defX9
1,39,109,ebb2defXa
1,43,105,ebb2defXb
1,31,95,ebb2defXc
1,29,97,ebb2e11X0
1,31,94,ebb2e11X1
1,42,114,ebb2e11X2
1,40,102,ebb2e11X3
1,29,89,ebb2e11X4
1,49,123,ebb2e11X5
1,31,80,ebb2e11X6
1,44,111,ebb2e11X7
1,39,110,ebb2e11X8
1,50,126,ebb2e11X9
1,47,100,ebb2e11Xa
1,34,79,ebb2e11Xb
1,40,106,ebb2e11Xc
1,45,118,ebb2e11Xd
1,38,126,ebb2e11Xe
1,41,88,ebb2e60X0
1,25,84,ebb2e60X1
1,56,119,ebb2e60X2
1,25,91,ebb2e60X3
1,33,113,ebb2e60X4
1,42,116,ebb2e60X5
1,32,80,ebb2e60X6
1,41,122,ebb2e60X7
1,39,99,ebb2e60X8
1,44,109,ebb2e60X9
1,42,106,ebb2e60Xa
1,43,100,ebb2e60Xb
1,47,115,ebb2e7bX0
1,31,84,ebb2e7bX1
1,36,91,ebb2e7bX2
1,40,108,ebb2e7bX3
1,40,93,ebb2e7bX4
1,41,105,ebb2e7bX5
1,29,94,ebb2e7bX6
1,48,116,ebb2e7bX7
1,37,95,ebb2e7bX8
1,45,101,ebb2f6bX0
1,54,120,ebb2f6bX1
1,41,103,ebb2f6bX2
1,37,96,ebb2f6bX3
1,30,97,ebb2f6bX4
1,32,106,ebb2f6bX5
1,37,96,ebb2f6bX6
1,47,121,ebb2f6bX7
1,48,117,ebb2f6bX8
1,39,98,ebb2f77X0
1,41,119,ebb2f77X1
1,33,112,ebb2f77X2
1,35,98,ebb2f77X3
1,29,93,ebb2f77X4
1,42,114,ebb2f77X5
1,35,89,ebb2f77X6
1,39,106,ebb2f77X7
1,39,113,ebb2f77X8
1,46,124,ebb2f77X9
1,44,120,ebb2f77Xa
1,17,84,ebb2fa1X0
1,13,107,ebb2fa1X1
1,22,81,ebb2fa1X2
1,17,98,ebb2fa1X3
1,17,87,ebb2fa1X4
1,23,97,ebb2fa1X5
1,19,92,ebb2fa1X6
1,22,110,ebb2fa1X7
1,22,108,ebb2fa1X8
1,23,106,ebb2fa1X9
1,23,103,ebb2fa1Xa
1,24,102,ebb359dX0
1,14,89,ebb359dX1
1,15,82,ebb359dX2
1,19,96,ebb359dX3
1,28,101,ebb359dX4
1,14,104,ebb359dX5
1,13,109,ebb359dX6
1,27,116,ebb359dX7
1,24,98,ebb359dX8
1,23,100,ebb3726X0
1,29,112,ebb3726X1
1,23,98,ebb3726X2
1,20,89,ebb3726X3
1,28,114,ebb3726X4
1,21,111,ebb3726X5
1,27,123,ebb3726X6
1,12,84,ebb3726X7
1,17,94,ebb3726X8
1,24,113,ebb3726X9
1,33,96,ebb3726Xa
1,26,103,ebb3726Xb
1,25,101,ebb3726Xc
1,23,105,ebb3809X0
1,19,97,ebb3809X1
1,23,98,ebb3809X2
1,14,98,ebb3809X3
1,13,85,ebb3809X4
1,20,89,ebb3809X5
1,20,88,ebb3809X6
1,23,94,ebb3809X7
1,16,78,ebb3809X8
1,20,101,ebb3893X0
1,21,102,ebb3893X1
1,24,94,ebb3893X2
1,29,93,ebb3893X3
1,27,105,ebb3893X4
1,22,119,ebb3893X5
1,18,90,ebb3893X6
1,24,101,ebb3893X7
1,20,92,ebb3893X8
1,15,97,ebb3893X9
1,12,87,ebb3893Xa
1,22,111,ebb3917X0
1,25,108,ebb3917X1
1,23,104,ebb3917X2
1,23,83,ebb3917X3
1,24,106,ebb3917X4
1,20,97,ebb3917X5
1,28,103,ebb3917X6
1,16,92,ebb3917X7
1,25,105,ebb3917X8
1,18,90,ebb3917X9
1,15,115,ebb3917Xa
1,16,88,ebb3917Xb
1,17,87,ebb3917Xc
1,12,86,ebb3917Xd
1,14,99,ebb3917Xe
1,19,92,ebb3917Xf
1,21,104,ebb3ac4X0
1,26,101,ebb3ac4X1
1,19,102,ebb3ac4X2
1,28,107,ebb3ac4X3
1,16,97,ebb3ac4X4
1,19,91,ebb3ac4X5
1,25,105,ebb3ac4X6
1,25,103,ebb3ac4X7
1,21,113,ebb3ac4X8
1,14,96,ebb3ac4X9
1,20,97,ebb3ac4Xa
1,17,83,ebb3ac4Xb
1,20,106,ebb3ac4Xc
1,13,93,ebb3ac4Xd
1,18,86,ebb3d7fX0
1,11,91,ebb3d7fX1
1,24,105,ebb3d7fX2
1,22,93,ebb3d7fX3
1,22,108,ebb3d7fX4
1,21,92,ebb3d7fX5
1,23,109,ebb3d7fX6
1,22,95,ebb3d7fX7
1,17,105,ebb3d7fX8
1,20,90,ebb3d7fX9
1,28,109,ebb3d7fXa
1,29,105,ebb3d7fXb
1,15,99,ebb3d7fXc
1,21,97,ebb3d7fXd
1,23,89,ebb3dfcX0
1,18,101,ebb3dfcX1
1,18,97,ebb3dfcX2
1,20,107,ebb3dfcX3
1,18,97,ebb3dfcX4
1,21,101,ebb3dfcX5
1,20,94,ebb3dfcX6
1,15,85,ebb3dfcX7
1,28,90,ebb3dfcX8
1,20,98,ebb3dfcX9
1,20,107,ebb3dfcXa
1,16,102,ebb42ccX0
1,17,102,ebb42ccX1
1,26,109,ebb42ccX2
1,23,115,ebb42ccX3
1,21,97,ebb42ccX4
1,15,97,ebb42ccX5
1,20,111,ebb42ccX6
1,23,119,ebb42ccX7
1,24,118,ebb42ccX8
1,17,80,ebb42ccX9
1,22,103,ebb42ccXa
1,14,97,ebb42ccXb
1,17,89,ebb4941X0
1,21,90,ebb4941X1
1,18,107,ebb4941X2
1,25,100,ebb4941X3
1,20,97,ebb4941X4
1,14,101,ebb4941X5
1,16,91,ebb4941X6
1,29,108,ebb4941X7
1,18,99,ebb4941X8
1,20,110,ebb4941X9
1,19,109,ebb58caX0
1,24,117,ebb58caX1
1,18,88,ebb58caX2
1,23,109,ebb58caX3
1,18,103,ebb58caX4
1,23,109,ebb58caX5
1,11,90,ebb58caX6
1,20,110,ebb58caX7
1,20,112,ebb58caX8
1,24,97,ebb58caX9
1,23,107,ebb6120X0
1,30,118,ebb6120X1
1,19,104,ebb6120X2
1,28,103,ebb6120X3
1,25,94,ebb6120X4
1,15,80,ebb6120X5
1,20,104,ebb6120X6
1,19,99,ebb6120X7
1,17,101,ebb6120X8
1,23,93,ebb6120X9
1,12,85,ebb6b45X0
1,23,113,ebb6b45X1
1,26,104,ebb6b45X2
1,14,100,ebb6b45X3
1,19,109,ebb6b45X4
1,21,103,ebb6b45X5
1,27,109,ebb6b45X6
1,27,100,ebb6b45X7
1,26,113,ebb6b45X8
1,20,110,ebb6b45X9
1,16,82,ebb6c30X0
1,27,107,ebb6c30X1
1,23,109,ebb6c30X2
1,28,117,ebb6c30X3
1,16,86,ebb6c30X4
1,20,97,ebb6c30X5
1,21,97,ebb6c30X6
1,17,94,ebb6c30X7
1,23,111,ebb6c30X8
1,27,115,ebb6c30X9
1,17,85,ebb6c30Xa
1,19,110,ebb6c30Xb
1,14,95,ebb6c30Xc
1,25,109,ebb6ff7X0
1,31,115,ebb6ff7X1
1,28,98,ebb6ff7X2
1,26,106,ebb6ff7X3
1,13,90,ebb6ff7X4
1,21,88,ebb6ff7X5
1,17,93,ebb6ff7X6
1,28,99,ebb884cX0
1,21,106,ebb884cX1
1,22,82,ebb884cX2
1,17,83,ebb884cX3
1,16,112,ebb884cX4
1,23,87,ebb884cX5
1,21,106,ebb884cX6
1,15,100,ebb884cX7
1,18,98,ebb884cX8
1,25,102,ebb884cX9
1,24,115,ebb884cXa
1,14,105,ebb884cXb
1,23,93,ebba7abX0
1,23,113,ebba7abX1
1,20,103,ebba7abX2
1,22,107,ebba7abX3
1,22,108,ebba7abX4
1,15,88,ebba7abX5
1,18,101,ebba7abX6
1,24,94,ebba7abX7
1,17,96,ebba7abX8
1,23,107,ebba87fX0
1,23,99,ebba87fX1
1,18,125,ebba87fX2
1,21,93,ebba87fX3
1,15,102,ebba87fX4
1,22,97,ebba87fX5
1,26,107,ebba87fX6
1,20,107,ebba87fX7
1,17,99,ebba87fX8
1,26,95,ebba87fX9
1,21,103,ebbaa90X0
1,9,88,ebbaa90X1
1,15,103,ebbaa90X2
1,16,123,ebbaa90X3
1,13,92,ebbaa90X4
1,16,91,ebbaa90X5
1,11,89,ebbaa90X6
1,5,96,ebbcae0X0
1,14,109,ebbcae0X1
1,15,92,ebbcae0X2
1,10,96,ebbcae0X3
1,12,116,ebbcae0X4
1,12,89,ebbcae0X5
1,10,88,ebbcae0X6
1,16,92,ebbcae0X7
1,10,106,ebbcae0X8
1,6,91,ebbcae0X9
1,15,105,ebbcae0Xa
1,10,130,ebbcae0Xb
1,18,98,ebbcae0Xc
1,13,92,ebbcae0Xd
1,14,99,ebbcbf2X0
1,12,113,ebbcbf2X1
1,15,101,ebbcbf2X2
1,12,95,ebbcbf2X3
1,16,90,ebbcbf2X4
1,18,107,ebbcbf2X5
1,14,100,ebbcbf2X6
1,14,106,ebbcbf2X7
1,12,117,ebbcbf2X8
1,12,107,ebbe94bX0
1,13,99,ebbe94bX1
1,14,107,ebbe94bX2
1,13,81,ebbe94bX3
1,13,91,ebbe94bX4
1,7,85,ebbe94bX5
1,12,85,ebbe94bX6
1,12,106,ebbe94bX7
1,15,93,ebbe9d3X0
1,14,103,ebbe9d3X1
1,17,99,ebbe9d3X2
1,9,89,ebbe9d3X3
1,8,87,ebbe9d3X4
1,11,89,ebbee97X0
1,9,99,ebbee97X1
1,17,96,ebbee97X2
1,8,87,ebbee97X3
1,18,101,ebbee97X4
1,13,101,ebbee97X5
1,13,98,ebbee97X6
1,14,100,ebbee97X7
1,12,71,ebbee97X8
1,12,89,ebbee97X9
1,16,91,ebbee97Xa
1,15,89,ebbee97Xb
1,14,98,ebbee97Xc
1,12,98,ebbee97Xd
1,15,111,ebbfe2dX0
1,7,89,ebbfe2dX1
1,13,102,ebbfe2dX2
1,10,105,ebbfe2dX3
1,18,92,ebbfe2dX4
1,20,103,ebbfe2dX5
1,14,95,ebbfe2dX6
1,16,103,ebbfe2dX7
1,18,114,ebbfe2dX8
1,10,88,ebc054eX0
1,17,109,ebc054eX1
1,12,113,ebc054eX2
1,12,112,ebc054eX3
1,13,98,ebc054eX4
1,8,111,ebc054eX5
1,11,91,ebc054eX6
1,8,99,ebc054eX7
1,16,100,ebc054eX8
1,16,101,ebc054eX9
1,16,122,ebc054eXa
1,12,96,ebc054eXb
1,14,102,ebc054eXc
1,8,104,ebc15e0X0
1,10,92,ebc15e0X1
1,15,102,ebc15e0X2
1,12,97,ebc15e0X3
1,13,98,ebc15e0X4
1,9,77,ebc15e0X5
1,19,107,ebc15e0X6
1,11,81,ebc15e0X7
1,8,102,ebc15e0X8
1,11,83,ebc15e0X9
1,13,102,ebc15e0Xa
1,12,121,ebc15e0Xb
1,16,105,ebc15e0Xc
1,8,87,ebc15e0Xd
1,13,116,ebc15e0Xe
1,20,101,ebc15e0Xf
1,9,94,ebc15e0X10
1,15,90,ebc15e0X11
1,10,86,ebc15e0X12
1,12,98,ebc2905X0
1,9,88,ebc2905X1
1,17,107,ebc2905X2
1,13,110,ebc2905X3
1,13,98,ebc2905X4
1,10,99,ebc2905X5
1,11,95,ebc2905X6
1,10,112,ebc2905X7
1,16,101,ebc2905X8
1,6,75,ebc2905X9
1,15,113,ebc37d0X0
1,10,94,ebc37d0X1
1,14,108,ebc37d0X2
1,13,90,ebc37d0X3
1,11,121,ebc37d0X4
1,12,103,ebc37d0X5
1,9,76,ebc37d0X6
1,6,71,ebc37d0X7
1,16,112,ebc37d0X8
1,12,94,ebc37d0X9
1,21,114,ebc37d0Xa
1,12,94,ebc37d0Xb
1,18,105,ebc37d0Xc
1,13,83,ebc414eX0
1,16,100,ebc414eX1
1,16,95,ebc414eX2
1,15,115,ebc414eX3
1,8,100,ebc455fX0
1,17,91,ebc455fX1
1,9,109,ebc455fX2
1,24,110,ebc455fX3
1,17,110,ebc455fX4
1,8,80,ebc455fX5
1,7,95,ebc455fX6
1,5,80,ebca6abX1
1,6,110,ebca78dX7
1,5,116,ebdb2e0X5
1,5,95,ebe0817X0
1,13,90,ebc4c2fX0
1,14,91,ebc4c2fX1
1,6,85,ebc4c2fX2
1,16,106,ebc4c2fX3
1,22,116,ebc4c2fX4
1,15,110,ebc4c2fX5
1,14,93,ebc4c2fX6
1,10,89,ebc4c2fX7
1,9,83,ebc4c2fX8
1,17,107,ebc4c2fX9
1,9,92,ebc5b58X0
1,10,104,ebc5b58X1
1,18,104,ebc5b58X2
1,11,99,ebc5b58X3
1,11,94,ebc5b58X4
1,14,106,ebc5b58X5
1,13,111,ebc5b58X6
1,8,100,ebc5b58X7
1,14,89,ebc5b58X8
1,12,105,ebc5b58X9
1,7,88,ebc5b58Xa
1,6,93,ebc5b58Xb
1,5,82,ebc5b58Xc
1,12,94,ebc5b58Xd
1,7,97,ebc5b58Xe
1,8,105,ebc5b58Xf
1,10,94,ebc5b58X10
1,16,114,ebc5b58X11
1,10,94,ebc6efdX0
1,8,110,ebc6efdX1
1,10,94,ebc6efdX2
1,12,80,ebc6efdX3
1,10,84,ebc6efdX4
1,9,93,ebc6efdX5
1,7,75,ebc6efdX6
1,9,92,ebc6efdX7
1,15,112,ebc6efdX8
1,17,107,ebc6efdX9
1,9,108,ebc6efdXa
1,10,107,ebc6efdXb
1,12,96,ebc8537X0
1,14,111,ebc8537X1
1,17,98,ebc8537X2
1,19,108,ebc8537X3
1,14,100,ebc8537X4
1,10,98,ebc8537X5
1,7,106,ebc8537X6
1,13,84,ebc8537X7
1,8,106,ebc8537X8
1,11,83,ebc8537X9
1,5,93,ebc8537Xa
1,11,111,ebc8537Xb
1,9,97,ebc8537Xc
1,7,94,ebc8fb4X0
1,12,89,ebc8fb4X1
1,6,92,ebc8fb4X2
1,10,87,ebc8fb4X3
1,14,106,ebc8fb4X4
1,11,91,ebc8fb4X5
1,6,104,ebc8fb4X6
1,11,93,ebc8fb4X7
1,11,105,ebca743X0
1,8,95,ebca743X1
1,9,90,ebca743X2
1,17,110,ebca743X3
1,7,93,ebca743X4
1,14,94,ebca743X5
1,14,97,ebca743X6
1,11,92,ebca743X7
1,10,102,ebca743X8
1,15,115,ebca743X9
1,17,103,ebca743Xa
1,18,96,ebca743Xb
1,8,93,ebca743Xc
1,15,100,ebca743Xd
1,7,94,ebcbc0cX0
1,18,104,ebcbc0cX2
1,11,118,ebcbc0cX3
1,12,107,ebcbc0cX4
1,8,101,ebcbc0cX5
1,11,118,ebcbc0cX6
1,11,108,ebcc3e9X0
1,14,98,ebcc3e9X1
1,19,110,ebcc3e9X2
1,11,114,ebcc3e9X3
1,11,91,ebcc3e9X4
1,13,104,ebcc3e9X5
1,9,93,ebcc3e9X6
1,16,99,ebcc3e9X7
1,8,102,ebcd36dX0
1,12,104,ebcd36dX1
1,12,102,ebcd36dX2
1,14,108,ebcd36dX3
1,15,107,ebcd36dX4
1,6,111,ebcd36dX5
1,10,116,ebcd36dX6
1,6,83,ebcd36dX7
1,10,105,ebcd36dX8
1,7,90,ebcd36dX9
1,6,92,ebcd36dXa
1,10,93,ebcd36dXb
1,12,101,ebd0371X0
1,10,98,ebd0371X1
1,13,98,ebd0371X2
1,8,100,ebd0371X3
1,12,109,ebd0371X4
1,5,97,ebd0371X5
1,11,101,ebd0371X6
1,17,95,ebd0371X7
1,5,109,ebd0371X8
1,11,121,ebd0371X9
1,11,92,ebd0371Xa
1,21,126,ebd0371Xb
1,9,88,ebd0371Xc
1,21,111,ebd0371Xd
1,8,90,ebd0371Xe
1,9,81,ebd0371Xf
1,10,86,ebd0371X10
1,8,110,ebd0371X11
1,5,100,ebd1b2fX0
1,5,103,ebd1b2fX1
1,6,90,ebd1b2fX2
1,7,86,ebd1b2fX4
1,7,128,ebd1b2fX5
1,5,102,ebd1b2fX6
1,6,100,ebd28e2X1
1,7,90,ebd28e2X2
1,6,84,ebd28e2X3
1,7,96,ebd73cdX0
1,6,105,ebd73cdX1
1,7,117,ebd73cdX2
1,11,102,ebd73cdX3
1,5,114,ebd73cdX4
1,7,110,ebd73cdX5
1,6,93,ebd73cdX6
1,5,104,ebd73cdX7
1,5,120,ebd8bd4X3
1,7,113,ebd8bd4X4
1,6,99,ebd8bd4X5
1,5,118,ebe2945X3
1,5,89,ebe2945X9
1,5,97,ebf2afbX8
1,7,125,ebf4f01X0
1,5,107,ebf4f01X9
1,6,110,ebd8bd5X0
1,5,97,ebd8bd5X2
1,5,89,ebd8bd5X3
1,6,101,ebda4d1X1
1,6,112,ebda4d1X6
1,8,114,ebf1eefX2
1,5,94,ebfc92cX6
1,7,103,ebd1b30X0
1,8,98,ebd1b30X1
1,6,111,ebd1b30X3
1,6,101,ebd1b30X4
1,6,107,ebd1b30X6
1,6,101,ebd1b30X8
1,8,111,ebd617eX1
1,6,90,ebd617eX2
1,5,90,ebd617eX6
1,5,83,ebd617eX8
1,6,112,ebd617eX9
1,7,116,ebd8addX0
1,7,96,ebd8addX1
1,5,107,ebd8addX3
1,8,90,ebd8addX6
1,9,106,ebd8addX7
1,5,93,ebd8addX8
1,8,120,ebd8addXa
1,9,105,ebd8addXb
1,9,111,ebd96eaX0
1,5,111,ebd96eaX1
1,7,100,ebd96eaX2
1,11,105,ebd96eaX3
1,5,96,ebd96eaX4
1,6,96,ebd96eaX5
1,9,115,ebd96eaX6
1,9,77,ebd96eaX7
1,5,108,ebd96eaX8
1,6,104,ebd96eaX9
1,5,114,ebd96eaXa
1,8,103,ebdb160X0
1,9,104,ebdb160X3
1,10,124,ebdb160X5
1,6,108,ebdb160X6
1,5,80,ebdb160X7
1,6,84,ebdb160X8
1,7,111,ebdb160Xa
1,6,119,ebdb160Xb
1,7,116,ebde4feX0
1,6,90,ebde4feX2
1,7,102,ebde4feX3
1,5,101,ebde4feX5
1,5,90,ebde4feX7
1,8,111,ebde4feX9
1,7,110,ebde4feXb
1,6,105,ebde4feXd
1,7,116,ebde4feXe
1,9,99,ebde4feXf
1,6,102,ebde4feX10
1,9,109,ebded4eX0
1,8,101,ebded4eX1
1,7,117,ebded4eX2
1,6,104,ebded4eX3
1,8,107,ebded4eX4
1,9,99,ebded4eX5
1,6,102,ebded4eX6
1,7,91,ebded4eX7
1,10,92,ebded4eX8
1,8,119,ebe1588X1
1,6,93,ebe1588X2
1,5,79,ebe1588X3
1,5,101,ebe1588X5
1,6,123,ebe1588X6
1,6,107,ebe1588X9
1,7,96,ebe1588Xb
1,8,111,ebe1588Xc
1,6,94,ebe1588Xe
1,5,105,ebe16d5X0
1,7,108,ebe16d5X1
1,5,102,ebe16d5X3
1,7,111,ebe16d5X5
1,6,95,ebe16d5X8
1,6,101,ebe16d5Xa
1,10,104,ebe16d5Xb
1,6,107,ebe4646X0
1,14,115,ebe4646X1
1,7,108,ebe4646X2
1,5,101,ebe4646X4
1,10,100,ebe4646X5
1,8,89,ebe4dccX2
1,5,110,ebe4dccX3
1,5,99,ebe4dccX5
1,6,105,ebe4dccX7
1,8,112,ebe4dccX8
1,6,91,ebe4dccX9
1,9,103,ebe4dccXa
1,5,101,ebe4dccXb
1,7,109,ebe4dccXc
1,5,99,ebe4dccXd
1,7,87,ebe781dX1
1,10,119,ebe781dX2
1,6,90,ebe781dX3
1,9,106,ebe781dX4
1,8,110,ebe781dX5
1,6,96,ebe781dX7
1,5,93,ebe781dX8
1,8,99,ebe8d62X3
1,7,94,ebe8d62X4
1,9,116,ebe8d62X5
1,10,108,ebe8d62X6
1,5,105,ebe8d62X7
1,7,87,ebe8d62X8
1,6,111,ebe8d62Xb
1,7,91,ebee29aX0
1,6,97,ebee29aX1
1,8,98,ebee29aX3
1,7,107,ebee29aX4
1,6,86,ebee29aX5
1,7,90,ebee29aX6
1,6,98,ebee29aX7
1,7,88,ebee29aX9
1,9,97,ebee29aXa
1,6,88,ebee29aXb
1,7,112,ebee29aXc
1,5,90,ebee29aXd
1,5,82,ebee29aXe
1,12,103,ebee55cX1
1,5,94,ebee55cX2
1,6,101,ebee55cX3
1,5,92,ebee55cX5
1,6,93,ebee55cX6
1,5,98,ebee55cX7
1,6,85,ebf546dX1
1,6,91,ebf546dX2
1,8,92,ebf546dX3
1,9,108,ebf546dX4
1,7,97,ebf546dX5
1,6,90,ebf546dX7
1,5,102,ebf546dXa
1,5,99,ebf7655X3
1,6,105,ebf8c60X0
1,5,84,ebf8c60X2
1,6,94,ebf8c60X3
1,7,113,ebf8c60X4
1,7,107,ebf8c60X5
1,7,105,ebf8c60X6
1,6,97,ebf8c60X7
1,6,104,ec036e7X0
1,5,71,ec036e7X2
1,5,102,ec036e7X4
1,5,91,ec03f74X2
1,8,99,ec03f74X3
1,6,96,ec03f74X4
1,9,112,ec03f74X6
1,6,107,ec03f74X7
1,5,108,ec03f74X8
1,6,92,ec042bdX0
1,7,111,ec042bdX2
1,5,108,ec042bdX3
1,6,101,ec042bdX4
1,7,98,ec042bdX5
1,5,109,ec042bdX6
1,6,107,ec042bdX7
1,5,102,ec042bdX8
1,7,84,ec042bdX9
1,5,107,ec042bdXc
1,6,105,ec08ed0X0
1,7,105,ec08ed0X1
1,5,110,ec08ed0X2
1,5,92,ec08ed0X4
1,6,106,ec08ed0X5
1,6,85,ec08ed0X7
1,5,105,ec0af48X0
1,5,97,ec1c54aX6
1,5,87,ec1c54aX7
1,5,108,ec1e24aX7
1,6,118,ec0af49X3
1,5,107,ec11acdX5
1,9,101,ebbaa91X2
1,8,97,ebbaa91X3
1,7,84,ebbaa91X5
1,9,106,ebbaa91X6
1,10,86,ebbba28X0
1,11,107,ebbba28X1
1,7,91,ebbba28X2
1,9,97,ebbba28X3
1,8,105,ebbba28X4
1,10,110,ebbba28X5
1,9,128,ebbba28X7
1,7,105,ebbba28X9
1,7,104,ebbba28Xa
1,10,82,ebbba28Xb
1,8,97,ebbba28Xc
1,7,101,ebbba28Xd
1,8,105,ebbcf58X2
1,6,115,ebbcf58X3
1,7,87,ebbcf58X4
1,5,85,ebbcf58X5
1,8,130,ebbcf58X6
1,6,112,ebbcf58X7
1,6,106,ebbcf58X8
1,11,106,ebbcf58X9
1,8,97,ebbcf58Xa
1,5,90,ebbcf58Xc
1,9,103,ebbcf58Xd
1,6,94,ebbd272X0
1,5,93,ebbd272X1
1,5,106,ebbd272X2
1,5,98,ebbd272X3
1,9,96,ebbd272X4
1,5,102,ebbd272X5
1,6,123,ebbd272X6
1,9,127,ebbd272X7
1,10,93,ebbd8fdX0
1,11,109,ebbd8fdX1
1,5,108,ebbd8fdX2
1,12,109,ebbd8fdX3
1,6,87,ebbd8fdX4
1,5,99,ebbd8fdX5
1,10,100,ebc3c34X0
1,6,101,ebc3c34X1
1,9,97,ebc3c34X2
1,10,100,ebc3c34X4
1,10,102,ebc3c34X5
1,10,108,ebc3c34X6
1,5,99,ebc3c34X7
1,10,105,ebc3c34X8
1,10,100,ebc3c34X9
1,13,117,ebc3c34Xa
1,8,92,ebc3c34Xb
1,8,101,ebc3c34Xc
1,6,93,ebc3c34Xd
1,6,105,ebc498dX0
1,7,117,ebc498dX1
1,6,97,ebc498dX2
1,6,88,ebc498dX3
1,5,101,ebc498dX4
1,9,109,ebc498dX5
1,8,92,ebc498dX6
1,6,107,ebc498dX7
1,8,97,ebc53efX0
1,13,114,ebc53efX1
1,8,113,ebc53efX2
1,5,109,ebc53efX3
1,9,114,ebc53efX4
1,5,124,ebc53efX6
1,10,93,ebc53efX7
1,7,73,ebc53efX8
1,8,95,ebc53efX9
1,13,108,ebc53efXa
1,7,91,ebc53efXb
1,13,105,ebc546bX0
1,7,119,ebc546bX1
1,11,108,ebc546bX2
1,6,89,ebc546bX3
1,9,99,ebc546bX4
1,11,94,ebc546bX5
1,9,95,ebc546bX6
1,7,103,ebc5b79X0
1,6,98,ebc5b79X1
1,7,108,ebc5b79X2
1,5,81,ebc5b79X3
1,8,96,ebc5b79X4
1,6,107,ebc5b79X7
1,10,103,ebc5b79X8
1,9,109,ebc9389X0
1,5,108,ebc9389X1
1,5,108,ebc9389X2
1,9,96,ebc9389X3
1,11,110,ebc9389X4
1,6,90,ebc9389X6
1,7,116,ebc9389X7
1,6,77,ebcf743X0
1,5,113,ebcf743X1
1,8,88,ebcf743X2
1,6,100,ebcf743X7
1,5,106,ebcf743X9
1,6,99,ebcf743Xa
1,6,105,ebd352cX0
1,6,117,ebd352cX4
1,9,86,ebd352cX6
1,7,95,ebd352cX8
1,7,101,ebd352cX9
1,7,91,ebd352cXa
1,9,112,ebd352cXb
1,6,95,ebd352cXc
1,8,111,ebd56adX0
1,6,94,ebd56adX3
1,9,105,ebd56adX5
1,7,99,ebd56adX6
1,6,96,ebd56adX7
1,6,97,ebd56adX8
1,6,107,ebd56adX9
1,12,102,ebd73a9X2
1,5,90,ebd73a9X5
1,6,94,ebd73a9X6
1,7,107,ebd73a9X7
1,5,88,ebd7f90X1
1,10,106,ebd7f90X2
1,5,104,ebda5e6X1
1,8,103,ebda5e6X4
1,5,93,ebda5e6X6
1,6,103,ebda5e6X8
1,6,100,ebda5e6X9
1,5,104,ebda5e6Xa
1,5,98,ebda5e6Xb
1,8,115,ebda5e6Xd
1,5,121,ebdc2a2X3
1,5,96,ebdc2a2X6
1,5,92,ebdc707X5
1,5,107,ebe7289X3
1,8,105,ebe7289X7
1,6,97,ebf486aX1
1,5,92,ebf8b2fX8
1,7,121,ebf8b30X1
1,5,103,ebdc7abX7
1,5,120,ebf3d4bX7
1,5,96,ebfbf7cX1
1,5,109,ebfbf7cX2
1,6,100,ebcc9efX7
1,5,106,ebce497X2
1,5,114,ebce497X9
1,5,114,ebcefbeX4
1,6,99,ebd84deX1
1,6,113,ebdcefbX1
1,5,117,ebde184X0
1,6,115,ebe2200X9
1,5,113,ebe7b3aXa
1,5,98,ec11d50Xb
1,18,102,ebb2fa2X0
1,15,116,ebb2fa2X1
1,20,112,ebb2fa2X2
1,21,108,ebb2fa2X3
1,24,118,ebb2fa2X4
1,18,100,ebb3039X0
1,15,80,ebb3039X1
1,22,107,ebb3039X2
1,10,81,ebb3039X3
1,13,91,ebb3039X4
1,16,94,ebb3039X5
1,20,92,ebb3039X6
1,16,96,ebb33a0X0
1,10,86,ebb33a0X1
1,20,89,ebb33a0X2
1,23,105,ebb33a0X3
1,22,112,ebb33a0X4
1,19,99,ebb33a0X5
1,13,110,ebb33a0X6
1,14,90,ebb33a0X7
1,18,119,ebb33a0X8
1,8,102,ebb33a0X9
1,11,96,ebb33a0Xa
1,11,91,ebb33a0Xb
1,15,96,ebb33a0Xc
1,16,109,ebb35fbX0
1,17,113,ebb35fbX1
1,18,103,ebb35fbX2
1,18,107,ebb35fbX3
1,21,105,ebb35fbX4
1,18,112,ebb35fbX5
1,14,92,ebb3672X0
1,13,102,ebb3672X1
1,20,104,ebb3672X2
1,13,100,ebb3672X3
1,13,93,ebb3672X4
1,18,109,ebb3672X5
1,20,117,ebb3672X6
1,7,90,ebb3785X0
1,19,108,ebb3785X1
1,22,113,ebb3785X2
1,16,92,ebb3785X3
1,11,88,ebb3785X4
1,15,97,ebb3785X5
1,28,112,ebb3785X6
1,15,98,ebb3785X7
1,19,109,ebb395eX0
1,20,103,ebb395eX1
1,20,95,ebb395eX2
1,16,84,ebb395eX3
1,20,107,ebb395eX4
1,19,94,ebb395eX5
1,25,113,ebb395eX6
1,20,108,ebb395eX7
1,15,103,ebb395eX8
1,26,107,ebb395eX9
1,11,96,ebb395eXa
1,16,81,ebb395eXb
1,13,107,ebb395eXc
1,17,90,ebb395eXd
1,25,99,ebb3c1fX0
1,7,68,ebb3c1fX1
1,19,99,ebb3c1fX2
1,20,114,ebb3c1fX3
1,21,108,ebb3c1fX4
1,21,108,ebb3c1fX5
1,11,89,ebb3c1fX6
1,13,105,ebb3c1fX7
1,18,105,ebb3d70X0
1,18,90,ebb3d70X1
1,10,95,ebb3d70X2
1,20,105,ebb3d70X3
1,18,123,ebb3d70X4
1,11,94,ebb3d70X5
1,15,105,ebb3d70X6
1,12,116,ebb4132X0
1,19,108,ebb4132X1
1,15,102,ebb47faX0
1,18,92,ebb47faX1
1,14,120,ebb47faX2
1,14,92,ebb47faX3
1,16,112,ebb47faX4
1,16,89,ebb47faX5
1,17,96,ebb47faX6
1,22,104,ebb47faX7
1,15,95,ebb47faX8
1,15,89,ebb47faX9
1,18,95,ebb47faXa
1,17,99,ebb4e2fX0
1,14,106,ebb4e2fX1
1,21,111,ebb4e2fX2
1,22,99,ebb4e2fX3
1,14,94,ebb4e2fX4
1,22,92,ebb4e2fX5
1,9,85,ebb4e43X0
1,21,94,ebb4e43X1
1,14,78,ebb4e43X2
1,23,106,ebb4e43X3
1,16,102,ebb4e43X4
1,16,93,ebb4e43X5
1,21,105,ebb4e43X6
1,26,109,ebb4e43X7
1,17,88,ebb4e43X8
1,21,104,ebb4e43X9
1,17,115,ebb6448X0
1,18,100,ebb6448X1
1,21,90,ebb6448X2
1,23,86,ebb6448X3
1,13,106,ebb6448X4
1,29,111,ebb6448X5
1,23,100,ebb6448X6
1,26,91,ebb6448X7
1,15,87,ebb6448X8
1,10,98,ebb6448X9
1,16,90,ebb67c5X0
1,20,87,ebb67c5X1
1,18,111,ebb67c5X2
1,9,94,ebb67c5X3
1,20,108,ebb67c5X4
1,22,97,ebb67c5X5
1,18,87,ebb67c5X6
1,18,106,ebb6afdX0
1,14,93,ebb6afdX1
1,12,102,ebb6afdX2
1,19,96,ebb6afdX3
1,15,106,ebb6afdX4
1,15,93,ebb6afdX5
1,22,101,ebb6afdX6
1,20,95,ebb6afdX7
1,11,76,ebb76e0X0
1,27,119,ebb76e0X1
1,18,115,ebb76e0X2
1,16,97,ebb76e0X3
1,16,103,ebb76e0X4
1,13,103,ebb76e0X5
1,30,103,ebb76e0X6
1,12,97,ebb76e0X7
1,19,96,ebb76e0X8
1,16,101,ebb76e0X9
1,17,105,ebb76e0Xa
1,19,111,ebb7d9cX0
1,24,98,ebb7d9cX1
1,20,108,ebb7d9cX2
1,20,110,ebb7d9cX3
1,18,97,ebb7d9cX4
1,14,94,ebb7d9cX5
1,20,93,ebb7d9cX6
1,17,100,ebb7d9cX7
1,21,97,ebb7d9cX8
1,26,109,ebb7d9cX9
1,29,99,ebb7d9cXa
1,21,89,ebb7d9cXb
1,16,98,ebb7d9cXc
1,23,113,ebb866dX0
1,19,105,ebb866dX1
1,17,107,ebb866dX2
1,12,100,ebb866dX3
1,21,110,ebb866dX4
1,20,101,ebb866dX5
1,16,90,ebb866dX6
1,13,89,ebb866dX7
1,9,79,ebb866dX8
1,17,97,ebb866dX9
1,18,106,ebb866dXa
1,20,102,ebb866dXb
1,19,99,ebb866dXc
1,19,108,ebb866dXd
1,15,110,ebb866dXe
1,13,89,ebb866dXf
1,15,89,ebb866dX10
1,15,103,ebb866dX11
1,19,98,ebbb5f5X0
1,18,98,ebbb5f5X1
1,15,92,ebbb5f5X2
1,12,103,ebbb5f5X3
1,14,87,ebbb5f5X4
1,21,109,ebbb5f5X5
1,16,103,ebbb5f5X6
1,29,111,ebbb5f5X7
1,22,101,ebbbb89X0
1,24,96,ebbbb89X1
1,19,102,ebbbb89X2
1,21,107,ebbbb89X3
1,14,84,ebbbb89X4
1,22,125,ebbbb89X5
1,10,101,ebbbb89X6
1,18,104,ebbbb89X7
1,20,97,ebbbb89X8
1,13,102,ebbbb89X9
1,18,100,ebbbb89Xa
1,17,89,ebbd744X0
1,19,84,ebbd744X1
1,14,106,ebbd744X2
1,21,117,ebbd744X3
1,9,92,ebbd744X4
1,20,100,ebbd744X5
1,15,111,ebbd744X6
1,18,114,ebbd744X7
1,19,102,ebbd744X8
1,16,98,ebbd744X9
1,21,98,ebbd744Xa
1,21,110,ebc06f1X0
1,13,98,ebc06f1X1
1,17,102,ebc06f1X2
1,20,102,ebc06f1X3
1,19,108,ebc06f1X4
1,19,82,ebc06f1X5
1,14,100,ebc06f1X6
1,12,114,ebc06f1X7
1,14,75,ebc06f1X8
1,25,106,ebc06f1X9
1,12,88,ebc06f1Xa
1,13,95,ebc1fc3X0
1,14,91,ebc1fc3X1
1,19,101,ebc1fc3X2
1,17,100,ebc1fc3X3
1,20,110,ebc1fc3X4
1,17,101,ebc1fc3X5
1,17,97,ebc1fc3X6
1,15,112,ebc1fc3X7
1,17,90,ebc4393X0
1,19,108,ebc4393X1
1,19,96,ebc4393X2
1,13,97,ebc4393X3
1,11,89,ebc4393X4
1,19,103,ebc4393X5
1,19,103,ebc4393X6
1,18,99,ebc4393X7
1,22,115,ebc4393X8
1,21,102,ebc53d3X0
1,15,91,ebc53d3X1
1,18,96,ebc53d3X2
1,18,107,ebc53d3X3
1,18,106,ebc53d3X4
1,16,93,ebc53d3X5
1,21,114,ebc53d3X6
1,16,92,ebc53d3X7
1,13,94,ebc53d3X8
1,19,98,ebc53d3X9
1,15,100,ebc53d3Xa
1,16,113,ebc594fX0
1,22,108,ebc594fX1
1,23,99,ebc594fX2
1,15,87,ebc594fX3
1,20,101,ebc594fX4
1,17,109,ebc594fX5
1,10,104,ebc594fX6
1,20,99,ebc594fX7
1,16,93,ebc594fX8
1,19,101,ebc594fX9
1,15,105,ebc594fXa
1,13,107,ebc667cX0
1,8,104,ebc667cX1
1,11,107,ebc667cX2
1,14,92,ebc667cX3
1,15,100,ebc667cX4
1,9,113,ebc667cX5
1,13,104,ebc667cX6
1,11,100,ebc667cX7
1,17,104,ebc667cX8
1,10,93,ebc667cX9
1,12,119,ebc6f5bX0
1,12,97,ebc6f5bX1
1,15,95,ebc6f5bX2
1,11,116,ebc6f5bX3
1,10,82,ebc6f5bX4
1,11,104,ebc6f5bX5
1,12,111,ebc6f5bX6
1,13,112,ebc6f5bX7
1,18,124,ebc6f5bX8
1,6,107,ebc7028X0
1,5,101,ebc7028X4
1,6,91,ebc7028X6
1,5,112,ebc7028X7
1,9,99,ebc7028Xa
1,10,112,ebc8524X4
1,7,118,ebc8524X5
1,8,117,ebc8524X7
1,5,107,ebc8697X0
1,8,105,ebc8697X1
1,6,101,ebc8697X3
1,5,100,ebc8697X4
1,5,118,ebc8697X5
1,5,107,ebc8697X6
1,7,106,ebc8697X8
1,5,100,ebc8697X9
1,8,103,ebc9accX0
1,6,86,ebc9accX5
1,6,106,ebc9accX6
1,8,120,ebc9accX7
1,12,110,ebcc5d2X0
1,8,105,ebcc5d2X1
1,6,90,ebcc5d2X4
1,5,98,ebcc5d2X6
1,7,102,ebcc5d2X8
1,6,117,ebcc5d2Xa
1,6,106,ebcc5d2Xb
1,9,79,ebcc5d2Xc
1,8,97,ebccea0X0
1,5,101,ebccea0X5
1,9,88,ebccea0Xb
1,10,104,ebccea0Xc
1,6,100,ebced77X2
1,5,89,ebced77X3
1,7,109,ebced77X7
1,8,97,ebced77X9
1,5,104,ebced77Xb
1,6,109,ebced77Xc
1,6,104,ebcfdfaX2
1,8,100,ebcfdfaX4
1,5,118,ebd0392X1
1,5,113,ebd0392X2
1,5,113,ebd0392X5
1,7,109,ebd0899X1
1,5,102,ebd0899X2
1,5,101,ebd0899X5
1,6,132,ebd0899X8
1,7,115,ebd2f49X0
1,5,101,ebd2f49X1
1,6,88,ebd2f49X3
1,6,99,ebd2f49X5
1,6,105,ebd2f49Xa
1,5,112,ebd2f49X10
1,5,124,ebd2f49X11
1,7,102,ebd45e6X0
1,5,92,ebd50d8X2
1,7,110,ebd50d8X4
1,5,99,ebd50d8X6
1,5,113,ebdab9cX3
1,11,112,ebc7029X0
1,10,111,ebc7029X1
1,10,118,ebc7029X3
1,5,85,ebc7029X4
1,15,114,ebc7029X5
1,7,115,ebc7029X6
1,8,91,ebc7029X7
1,5,129,ebc7029X8
1,9,104,ebc7029X9
1,10,91,ebc7212X0
1,6,81,ebc7212X1
1,7,104,ebc7212X2
1,9,114,ebc7212X3
1,6,102,ebc7212X4
1,12,103,ebc7212X5
1,6,90,ebc7212X6
1,6,88,ebc7212X7
1,7,107,ebc7212X8
1,8,94,ebc84c9X0
1,10,98,ebc84c9X1
1,13,113,ebc84c9X2
1,7,86,ebc84c9X3
1,10,107,ebc84c9X4
1,8,107,ebc84c9X5
1,7,88,ebc9334X2
1,10,105,ebc9334X6
1,5,81,ebc9334X7
1,10,105,ebc9334X8
1,6,105,ebc9334X9
1,7,106,ebc9334Xa
1,8,107,ebc9334Xd
1,7,107,ebc9334X10
1,10,102,ebcbc79X2
1,9,101,ebcbc79X3
1,8,93,ebcbc79X4
1,6,117,ebcbc79X5
1,7,117,ebcbc79X6
1,10,89,ebcbc79X8
1,5,98,ebd07d7X1
1,6,93,ebd07d7X2
1,6,94,ebd07d7X3
1,6,102,ebd07d7X4
1,6,113,ebd07d7X7
1,7,109,ebd07d7X8
1,11,115,ebd07d7Xa
1,9,113,ebd07d7Xc
1,8,98,ebd4d95X1
1,8,103,ebd4d95X2
1,7,94,ebd4d95X3
1,5,90,ebd4d95X5
1,10,108,ebd4d95X6
1,7,103,ebd4d95X7
1,7,106,ebd4d95X8
1,5,114,ebd4d95X9
1,9,120,ebd4d95Xb
1,8,105,ebd4d95Xc
1,5,120,ebdfa6fX0
1,7,87,ebdfa6fX2
1,7,95,ebdfa6fX4
1,6,102,ebe0605X0
1,6,104,ebe0605X1
1,5,93,ebe0605X2
1,11,106,ebe0605X3
1,8,100,ebe0605X6
1,6,96,ebe11a1X4
1,5,119,ebe11a1X5
1,5,96,ebe11a2X0
1,7,103,ebe11a2X5
1,8,109,ebe11a2X6
1,5,99,ebe3da8X1
1,7,114,ebe3da8X5
1,7,91,ebe3da8X8
1,8,96,ebe41deX0
1,10,115,ebe41deX2
1,6,109,ebe5dfcX0
1,6,97,ebe5dfcX1
1,5,95,ebe5dfcX3
1,8,94,ebe5dfcX4
1,5,114,ebe5dfcX5
1,5,102,ebe5dfcX6
1,5,91,ebe956aX0
1,6,105,ebe956aX3
1,5,108,ebe956aX6
1,5,111,ebeb9d6X0
1,6,98,ebeb9d6X6
1,5,86,ebecb44X2
1,5,104,ebecc77X8
1,5,116,ebfddd1X8
1,7,96,ebc9335Xa
1,6,95,ebc9335Xd
1,5,96,ebcbffbX6
1,6,99,ebcbffbX10
1,5,90,ebcdbf5X7
1,7,124,ebd6af6X1
1,6,104,ebdcf2fXb
1,5,95,ebddd4dX1
1,5,85,ebddd4dX7
1,5,87,ebddd4dXa
1,5,102,ebe9afcX8
1,7,97,ebc667dX0
1,5,97,ebc667dX1
1,5,103,ebc7342X0
1,6,108,ebc7342X2
1,6,105,ebc7342X6
1,10,107,ebc7797X0
1,6,111,ebc7797X2
1,7,113,ebc7797X7
1,6,96,ebc9823X1
1,5,124,ebc9823X3
1,9,97,ebc9823X4
1,5,99,ebc9823X5
1,7,94,ebc9823X8
1,9,93,ebc9c91X0
1,6,104,ebc9c91X1
1,5,100,ebc9c91X3
1,6,87,ebc9c91X5
1,6,74,ebc9c91X8
1,6,100,ebc9c91X9
1,5,110,ebc9c91Xb
1,6,92,ebc9c91Xc
1,6,94,ebcace9X0
1,6,100,ebcace9X1
1,8,89,ebcace9X2
1,6,100,ebcace9X5
1,6,94,ebcad9dX0
1,5,92,ebcad9dX3
1,8,101,ebcad9dX6
1,7,106,ebcb99fX0
1,6,101,ebcb99fX2
1,6,120,ebcb99fX4
1,8,115,ebcb99fX5
1,5,104,ebcb99fX6
1,5,95,ebcb99fX7
1,6,99,ebcc009X3
1,5,91,ebcc009X4
1,9,92,ebcc009X6
1,9,109,ebcc009X7
1,5,116,ebcff0cX1
1,6,97,ebd281fX1
1,5,106,ebd281fX2
1,6,99,ebd281fX3
1,9,89,ebd281fX4
1,9,90,ebd281fX5
1,8,82,ebd281fX6
1,5,89,ebd7cfeX3
1,6,100,ebd7cfeX5
1,6,78,ebd7cfeX7
1,5,97,ebd7cfeX8
1,5,100,ebdb89fX0
1,7,92,ebdb89fX2
1,6,100,ebdb89fX3
1,7,96,ebdb89fX6
1,5,109,ebdc2d2X1
1,5,106,ebdc2d2X2
1,7,107,ebdc2d2X3
1,6,90,ebdc2d2X6
1,6,101,ebdc2d2X8
1,5,102,ebdfacdX0
1,5,100,ebdfacdX1
1,6,103,ebdfacdX3
1,6,86,ebdfacdX7
1,8,113,ebdfacdX8
1,5,87,ebdfacdXa
1,5,85,ebdfacdXb
1,8,101,ebe0819X5
1,5,103,ebe2cadX1
1,6,102,ebe2cadX3
1,6,88,ebe2cadX4
1,6,102,ebe305fX0
1,5,100,ebe305fX1
1,5,90,ebe305fX7
1,5,126,ebe305fXa
1,5,100,ebe5537X2
1,7,98,ebe5537X5
1,7,114,ebe5537X7
1,5,95,ebeed58X2
1,5,97,ebeed58X7
1,6,103,ebeed58Xd
1,5,113,ebf01adX4
1,5,101,ebfe16dX5
1,7,121,ec0317aX6
1,10,103,ebb2d93X0
1,5,96,ebb2d93X2
1,5,96,ebb2d93X3
1,9,114,ebb2d93X4
1,7,106,ebb2d93X5
1,8,106,ebb2d93X6
1,8,111,ebb2d93X7
1,6,100,ebb2d93X8
1,6,109,ebb2daaX6
1,6,99,ebb2f86X7
1,5,93,ebb2fc0X9
1,5,94,ebb3027X0
1,5,97,ebb36e6X0
1,6,110,ebb36e6X7
1,6,113,ebb36e6X9
1,5,107,ebb3b08X0
1,5,99,ebb3b08X4
1,6,94,ebb4248X9
1,6,115,ebb42faX6
1,5,112,ebb42faX7
1,7,96,ebb42faX9
1,6,108,ebb49f4X0
1,6,113,ebb49f4Xd
1,5,91,ebb4bd3X1
1,5,104,ebb63b0X0
1,5,102,ebb75e2X7
1,5,92,ebb8f94X1
1,5,115,ebb8f94X2
1,5,90,ebb8f94X4
1,5,117,ebbc72eX8
1,5,109,ebbc72eXd
1,7,114,ebbf39bX0
1,5,107,ebbf39bX3
1,7,104,ebbf39bX6
1,7,108,ebc0d60X1
1,5,111,ebc0f18X0
1,6,105,ebc0f18X1
1,6,89,ebc0f18X2
1,5,115,ebc4b93X9
1,7,106,ebc4b93Xa
1,5,100,ebc7f4bX7
1,6,114,ebcae7bX4
1,5,102,ebcd189X5
1,5,107,ebb2dabX1
1,5,104,ebb2dabX2
1,5,82,ebb2dabX3
1,5,110,ebb2dabX4
1,5,106,ebb2dabX6
1,6,109,ebb2dabX8
1,7,107,ebb2dabX9
1,9,124,ebb2dafX1
1,7,102,ebb2dcdX1
1,5,113,ebb2dcdX3
1,5,87,ebb2dcdX5
1,5,103,ebb2dcdX7
1,7,111,ebb2dcdX8
1,6,108,ebb2e1aX0
1,5,99,ebb2e1aX2
1,6,95,ebb2e1aX4
1,6,96,ebb2e1aX6
1,7,88,ebb2e1aX9
1,6,98,ebb2e3dX1
1,6,102,ebb2e3dX6
1,6,105,ebb2e3dXb
1,5,109,ebb2e8fX0
1,7,104,ebb2e8fX1
1,6,90,ebb2e8fX3
1,7,93,ebb2e8fX8
1,6,105,ebb2f4dX0
1,5,101,ebb2f4dX1
1,8,104,ebb2f4dX2
1,9,104,ebb2f4dX3
1,5,86,ebb2f4dX5
1,7,94,ebb2f4dX7
1,5,125,ebb2f68X0
1,5,84,ebb2f68X4
1,6,86,ebb2f68X8
1,7,108,ebb2f68X9
1,6,108,ebb2f68Xc
1,5,97,ebb2f68Xd
1,5,104,ebb2ff8X0
1,6,109,ebb2ff8X3
1,5,107,ebb2ff8X5
1,6,100,ebb2ff8X7
1,5,105,ebb2ff8Xb
1,5,91,ebb2ff8Xc
1,6,90,ebb2ff8Xd
1,5,109,ebb2ff8Xe
1,5,91,ebb2ff8Xf
1,5,106,ebb2ff8X12
1,9,110,ebb3056X0
1,8,99,ebb3056X3
1,8,108,ebb3056Xc
1,10,103,ebb3649X2
1,6,90,ebb3649X3
1,6,89,ebb3649X5
1,5,92,ebb3649X6
1,7,103,ebb38adX3
1,5,86,ebb38adX5
1,5,96,ebb38adX7
1,7,107,ebb38adX8
1,9,101,ebb3ad4X2
1,7,115,ebb4312X3
1,5,112,ebb4312X9
1,12,118,ebb4312Xb
1,6,105,ebb4347X2
1,5,109,ebb4347X3
1,5,102,ebb4347X4
1,8,110,ebb4347X6
1,7,115,ebb49f9X3
1,5,103,ebb49f9X4
1,7,108,ebb49f9X7
1,6,109,ebb539fX4
1,5,106,ebb539fX6
1,5,104,ebb539fX7
1,5,120,ebb58d9X5
1,5,91,ebb58d9X6
1,5,99,ebb592bX0
1,5,122,ebb592bX1
1,5,88,ebb592bX5
1,5,117,ebb592bX8
1,6,102,ebb5cf2X3
1,5,101,ebb5cf2X4
1,10,120,ebb5ea1X1
1,5,108,ebb5ea1X2
1,6,110,ebb5ea1X3
1,6,88,ebb618dX3
1,7,99,ebb618dX6
1,6,116,ebb618dX8
1,6,114,ebb64a8X1
1,6,112,ebb64a8X7
1,6,90,ebb64a8X9
1,5,92,ebb64a8Xb
1,7,119,ebb67a3X0
1,7,104,ebb67a3X5
1,9,93,ebb67a3X6
1,5,82,ebb77ffX1
1,6,122,ebb77ffX2
1,7,104,ebb77ffX3
1,9,114,ebb77ffX6
1,5,90,ebb7c46X0
1,6,113,ebb7c46X7
1,8,83,ebb7c46X9
1,5,99,ebb7c46Xa
1,5,109,ebb7c46Xb
1,6,115,ebb7d8aX1
1,6,91,ebb7d8aX6
1,6,113,ebb7d8aX7
1,5,109,ebb7d8aX9
1,7,103,ebb7d8aXb
1,9,90,ebb8421X4
1,9,101,ebb8421X5
1,5,102,ebb9149X2
1,5,97,ebb9149X3
1,5,83,ebb9149X6
1,5,111,ebb9149X8
1,5,115,ebb9149Xa
1,5,99,ebbaa1aX1
1,5,110,ebbaa1aX3
1,6,109,ebbaa1aX7
1,5,110,ebbaa1aX8
1,5,105,ebbaa1aX9
1,5,132,ebbaa1aXb
1,6,90,ebbc38dX1
1,6,105,ebbc38dX2
1,6,102,ebbc38dX4
1,8,100,ebbd2f8X0
1,6,94,ebbd2f8X1
1,5,74,ebbd2f8X2
1,6,99,ebbd2f8X3
1,6,108,ebbd2f8X4
1,6,100,ebbd2f8X5
1,6,93,ebbd2f8X7
1,5,106,ebbde92X1
1,7,105,ebbde92X3
1,6,84,ebbdff4X0
1,5,100,ebbdff4X2
1,8,110,ebbea05X2
1,8,97,ebbea05X3
1,6,91,ebbea05X5
1,5,97,ebbea05X9
1,5,89,ebbea05Xa
1,5,102,ebbea05Xd
1,6,107,ebbf9bfX0
1,5,92,ebbf9bfX2
1,9,116,ebbf9bfX3
1,8,113,ebbf9bfXb
1,5,114,ebbfe35X2
1,5,101,ebbfe35X4
1,5,88,ebbfe35X6
1,5,90,ebc06c8X0
1,6,98,ebc06c8X1
1,5,104,ebc06c8X5
1,7,111,ebc06c8X9
1,6,97,ebc0922X0
1,8,101,ebc0922X2
1,5,117,ebc0922X4
1,6,102,ebc14fcX1
1,5,95,ebc14fcX6
1,6,93,ebc14fcX9
1,6,90,ebc1f13X6
1,6,105,ebc1f13X7
1,8,117,ebc31ccX0
1,6,94,ebc31ccX1
1,5,104,ebc31ccX2
1,7,93,ebc31ccX3
1,5,75,ebc4422X1
1,5,104,ebc4422X2
1,5,106,ebc4422X3
1,6,98,ebc4422X6
1,6,87,ebc4422X7
1,5,101,ebc4422X8
1,5,100,ebc4422Xc
1,5,105,ebc4422Xd
1,5,95,ebc4702X3
1,7,105,ebc4702X5
1,5,94,ebc4702X6
1,5,101,ebc4702Xb
1,7,101,ebc4874X0
1,7,111,ebc4874X1
1,5,99,ebc4874X4
1,8,133,ebc4874X6
1,6,101,ebc4874X12
1,5,92,ebc4874X13
1,5,94,ebc4874X14
1,7,92,ebc624eX0
1,6,102,ebc624eX3
1,6,101,ebc624eX5
1,6,90,ebc624eX8
1,5,109,ebc7ce4X0
1,5,89,ebc7ce4X3
1,6,109,ebc7ce4X4
1,5,101,ebc7ce4X7
1,5,113,ebc7ce4X9
1,5,104,ebc7ce4Xa
1,6,116,ebc938fX1
1,7,106,ebc938fX3
1,5,102,ebc938fX5
1,5,108,ebc938fX6
1,5,107,ebc938fX8
1,5,113,ebc938fXa
1,10,102,ebcce5fX0
1,10,115,ebcce5fX1
1,8,92,ebcce5fX2
1,7,102,ebcce5fX4
1,5,109,ebcce5fX5
1,8,99,ebcce5fX6
1,7,105,ebcce5fX9
1,6,110,ebcd452X1
1,5,100,ebcd452X4
1,6,103,ebcd452X6
1,7,119,ebcd452X7
1,5,100,ebcd452X8
1,6,100,ebcd452X9
1,8,90,ebcd452Xa
1,7,94,ebcd452Xb
1,5,107,ebcd452Xc
1,6,95,ebce2d3X2
1,7,103,ebce2d3X4
1,7,109,ebce2d3X6
1,10,104,ebce2d3X8
1,9,98,ebce2d3Xb
1,6,107,ebce2d3Xc
1,5,92,ebd269dX3
1,5,98,ebd269dX6
1,5,106,ebd269dX7
1,5,102,ebd269dX8
1,5,115,ebd269dXa
1,5,114,ebd3c35X1
1,6,103,ebd3c35X5
1,7,101,ebd3c35X8
1,8,93,ebd3c35Xb
1,5,115,ebd3c35Xc
1,9,110,ebd5a4aX0
1,5,103,ebd5a4aX1
1,6,95,ebd5a4aX4
1,5,87,ebd5a4aX8
1,7,107,ebd6061X1
1,5,88,ebd6061X4
1,5,101,ebd6061X5
1,7,96,ebd6061X6
1,10,101,ebdc2f5X1
1,5,104,ebdc2f5X4
1,7,111,ebdc2f5X5
1,7,98,ebdc2f5X7
1,6,102,ebdc2f5X8
1,6,97,ebdc2f5X9
1,5,96,ebdd9a6X0
1,8,92,ebdd9a6X3
1,5,111,ebdd9a6X5
1,6,104,ebdd9a6X6
1,5,83,ebdd9a6X8
1,6,103,ebdd9a6Xc
1,5,81,ebe2b6aX7
1,6,78,ebea853X8
1,5,91,ebf6287X1
1,5,108,ebfd4b9X8
