NA,NA,NA,NA,NA,NA,NA,NA,NA,NA,NA,NA,NA,NA,NA,NA,NA,NA,NA,NA,NA,NA,NA,NA,NA,NA,NA,NA,NA,NA,NA,NA,NA,NA,NA,NA,NA,NA,NA,NA,NA,NA,NA,NA,NA,NA,NA,NA,NA,NA,NA,NA,NA,NA,NA,NA,NA,NA,NA,NA,NA,NA,NA,NA,NA,NA,NA,NA,NA,NA,NA,NA,NA,NA,NA,NA,NA,NA,NA,NA,NA,NA,NA,NA,NA,NA,NA,NA,NA,NA,NA,NA,NA,NA,NA,NA,NA,NA,NA,NA,NA,NA,NA,NA,NA,NA,NA,NA,NA,NA,NA,NA,NA,NA,NA,NA,NA,NA,NA,NA,NA,NA,NA,NA,NA,NA,NA,NA,NA,NA,NA,NA,NA,NA,NA,NA,NA,NA,NA,NA,NA,NA,NA,NA,NA,NA,NA,NA,NA,NA,NA,NA,NA,NA,NA,NA,NA,NA,NA,NA,NA,NA,NA,NA,NA,NA,NA,NA,NA,NA,NA,NA,NA,NA,NA,NA,NA,NA,NA,NA,NA,NA,NA,91,91,93,NA,NA,NA,NA,NA,NA,NA,NA,NA,NA,NA,NA,NA,NA,NA,NA,NA,NA,NA,NA,NA,NA,NA,NA,NA,NA,NA,NA,NA,NA,NA,NA,NA,NA,NA,NA,NA,NA,NA,NA,NA,NA,NA,NA,NA,NA,NA,NA,NA,NA,NA,NA,NA,NA,NA,NA,NA,NA,NA,NA,NA,NA,NA,NA,NA,NA,NA,NA,NA,NA,NA,NA,NA,NA,NA,NA,NA,NA,NA,NA,NA,NA,NA,NA,NA,NA,NA,NA,NA,NA,NA,NA,NA,NA,NA,NA,NA,NA,NA,NA,NA,NA,NA,NA,NA,NA,NA,NA,NA,NA,NA,NA,NA,NA,NA,NA,NA,NA,NA,NA,NA,NA,NA,NA,NA,NA,NA,NA,NA,NA,NA,NA,NA,NA,NA,NA,NA,NA,NA,NA,NA,NA,NA,NA,NA,NA,NA,NA,NA,NA,NA,NA,NA,NA,NA,NA,NA,NA,NA,NA,NA,NA,NA,NA,NA,NA,NA,NA,NA,NA,NA,NA,NA,NA,NA,NA,NA,NA,NA,NA,NA,NA,NA,NA,NA,NA,NA,NA,NA,NA,NA,NA,NA,NA,NA,NA,NA,NA,NA,NA,NA,NA,NA,NA,NA,NA,NA,NA,NA,NA,NA,NA,NA,NA
NA,NA,NA,NA,NA,NA,NA,NA,NA,NA,NA,NA,NA,NA,NA,NA,NA,NA,NA,NA,NA,NA,NA,NA,NA,NA,NA,NA,NA,NA,NA,NA,NA,NA,NA,NA,NA,NA,NA,NA,NA,NA,NA,NA,NA,NA,NA,NA,NA,NA,NA,NA,NA,NA,NA,NA,NA,NA,NA,NA,NA,NA,NA,NA,NA,NA,NA,NA,NA,NA,NA,NA,NA,NA,NA,NA,NA,NA,NA,NA,NA,NA,NA,NA,NA,NA,NA,NA,NA,NA,NA,NA,NA,NA,NA,NA,NA,NA,NA,NA,NA,NA,NA,NA,NA,NA,NA,NA,NA,NA,NA,NA,NA,NA,NA,NA,NA,NA,NA,NA,NA,NA,NA,NA,NA,NA,NA,NA,NA,NA,NA,NA,NA,NA,NA,NA,NA,NA,NA,NA,NA,NA,NA,NA,NA,NA,NA,NA,NA,NA,NA,NA,NA,NA,NA,NA,NA,NA,NA,NA,NA,NA,NA,NA,NA,NA,NA,NA,NA,NA,NA,NA,NA,NA,NA,NA,NA,NA,NA,91,NA,NA,NA,90,93,92,NA,NA,NA,NA,NA,NA,NA,NA,NA,NA,NA,NA,NA,NA,NA,NA,NA,100,NA,NA,NA,NA,NA,NA,NA,NA,NA,NA,100,NA,NA,NA,NA,NA,NA,NA,NA,NA,NA,NA,NA,NA,NA,NA,NA,NA,NA,NA,NA,NA,NA,NA,NA,NA,NA,NA,NA,NA,NA,NA,NA,NA,NA,NA,NA,NA,NA,NA,NA,NA,NA,NA,NA,NA,NA,NA,NA,NA,NA,NA,NA,NA,NA,NA,NA,NA,NA,NA,NA,NA,NA,NA,NA,NA,NA,NA,NA,NA,NA,NA,NA,NA,NA,NA,NA,NA,NA,NA,NA,NA,NA,NA,NA,NA,NA,NA,NA,NA,NA,NA,NA,NA,NA,NA,NA,NA,NA,NA,NA,NA,NA,NA,NA,NA,NA,NA,NA,NA,NA,NA,NA,NA,NA,NA,NA,NA,NA,NA,NA,NA,NA,NA,NA,NA,NA,NA,NA,NA,NA,NA,NA,NA,NA,NA,NA,NA,NA,NA,NA,NA,NA,NA,NA,NA,NA,NA,NA,NA,NA,NA,NA,NA,NA,NA,NA,NA,NA,NA,NA,NA,NA,NA,NA,NA,NA,NA,NA,NA,NA,NA,NA,NA,NA,NA,NA,NA,NA,NA,NA,NA,NA,NA,NA,NA
NA,NA,NA,NA,NA,NA,NA,NA,NA,NA,NA,NA,NA,NA,NA,NA,NA,NA,NA,NA,NA,NA,NA,NA,NA,NA,NA,NA,NA,NA,NA,NA,NA,NA,NA,NA,NA,NA,NA,NA,NA,NA,NA,NA,NA,NA,NA,NA,NA,NA,NA,NA,NA,NA,NA,NA,NA,NA,NA,NA,NA,NA,NA,NA,NA,NA,NA,NA,NA,NA,NA,NA,NA,NA,NA,NA,NA,NA,NA,NA,NA,NA,NA,NA,NA,NA,NA,NA,NA,NA,NA,NA,NA,NA,NA,NA,NA,NA,NA,NA,NA,NA,NA,NA,NA,NA,NA,NA,NA,NA,NA,NA,NA,NA,NA,NA,NA,NA,NA,NA,NA,NA,NA,NA,NA,NA,NA,NA,NA,NA,NA,NA,NA,NA,NA,NA,NA,NA,NA,NA,NA,NA,NA,NA,NA,NA,NA,NA,NA,NA,NA,NA,NA,NA,NA,NA,NA,NA,NA,NA,NA,NA,NA,NA,NA,NA,NA,NA,NA,NA,NA,NA,NA,NA,81,NA,NA,92,91,88,89,NA,87,88,91,92,93,NA,NA,NA,NA,NA,NA,NA,NA,NA,NA,101,101,NA,NA,NA,94,97,104,103,104,98,NA,96,NA,99,93,100,NA,NA,NA,NA,NA,NA,NA,NA,NA,NA,NA,NA,NA,NA,NA,NA,NA,NA,NA,NA,NA,NA,NA,NA,NA,NA,NA,NA,NA,NA,NA,NA,NA,NA,NA,NA,NA,NA,NA,NA,NA,NA,NA,NA,NA,NA,NA,NA,NA,NA,NA,NA,NA,NA,NA,NA,NA,NA,NA,NA,NA,NA,NA,NA,NA,NA,NA,NA,NA,NA,NA,NA,NA,NA,NA,NA,NA,NA,NA,NA,NA,NA,NA,NA,NA,NA,NA,NA,NA,NA,NA,NA,NA,NA,NA,NA,NA,NA,NA,NA,NA,NA,NA,NA,NA,NA,NA,NA,NA,NA,NA,NA,NA,NA,NA,NA,NA,NA,NA,NA,NA,NA,NA,NA,NA,NA,NA,NA,NA,NA,NA,NA,NA,NA,NA,NA,NA,NA,NA,NA,NA,NA,NA,NA,NA,NA,NA,NA,NA,NA,NA,NA,NA,NA,NA,NA,NA,NA,NA,NA,NA,NA,NA,NA,NA,NA,NA,NA,NA,NA,NA,NA,NA,NA,NA,NA,NA,NA,NA,NA,NA,NA,NA,NA,NA,NA
NA,NA,NA,NA,NA,NA,NA,NA,NA,NA,NA,NA,NA,NA,NA,NA,NA,NA,NA,NA,NA,NA,NA,NA,NA,NA,NA,NA,NA,NA,NA,NA,NA,NA,NA,NA,NA,NA,NA,NA,NA,NA,NA,NA,NA,NA,NA,NA,NA,NA,NA,NA,NA,NA,NA,NA,NA,NA,NA,NA,NA,NA,NA,NA,NA,NA,NA,NA,NA,NA,NA,NA,NA,NA,NA,NA,NA,NA,NA,NA,NA,NA,NA,NA,NA,NA,NA,NA,NA,NA,NA,NA,NA,NA,NA,NA,NA,NA,NA,NA,NA,NA,NA,NA,NA,NA,NA,NA,NA,NA,NA,NA,NA,NA,NA,NA,NA,NA,NA,NA,NA,NA,NA,NA,NA,NA,NA,NA,NA,NA,NA,NA,NA,NA,NA,NA,NA,NA,NA,NA,NA,NA,NA,NA,NA,NA,NA,NA,NA,NA,NA,NA,NA,NA,NA,NA,NA,NA,NA,NA,NA,NA,NA,NA,NA,NA,NA,NA,NA,NA,NA,NA,NA,NA,86,NA,87,92,88,89,NA,87,86,88,91,86,94,89,85,NA,94,89,94,NA,93,NA,91,100,98,NA,101,NA,100,101,97,88,105,89,97,98,88,91,93,NA,NA,NA,NA,NA,NA,NA,NA,NA,NA,NA,NA,NA,NA,NA,NA,NA,NA,NA,NA,NA,NA,NA,NA,NA,NA,NA,NA,NA,NA,NA,NA,NA,NA,NA,NA,NA,NA,NA,NA,NA,NA,NA,NA,NA,NA,NA,NA,NA,NA,NA,NA,NA,NA,NA,NA,NA,NA,NA,NA,NA,NA,NA,NA,NA,NA,NA,NA,NA,NA,NA,NA,NA,NA,NA,NA,NA,NA,NA,NA,NA,NA,NA,NA,NA,NA,NA,NA,NA,NA,NA,NA,NA,NA,NA,NA,NA,NA,NA,NA,NA,NA,NA,NA,NA,NA,NA,NA,NA,NA,NA,NA,NA,NA,NA,NA,NA,NA,NA,NA,NA,NA,NA,NA,NA,NA,NA,NA,NA,NA,NA,NA,NA,NA,NA,NA,NA,NA,NA,NA,NA,NA,NA,NA,NA,NA,NA,NA,NA,NA,NA,NA,NA,NA,NA,NA,NA,NA,NA,NA,NA,NA,NA,NA,NA,NA,NA,NA,NA,NA,NA,NA,NA,NA,NA,NA,NA,NA,NA,NA,NA,NA,NA,NA,NA,NA,NA
NA,NA,NA,NA,NA,NA,NA,NA,NA,NA,NA,NA,NA,NA,NA,NA,NA,NA,NA,NA,NA,NA,NA,NA,NA,NA,NA,NA,NA,NA,NA,NA,NA,NA,NA,NA,NA,NA,NA,NA,NA,NA,NA,NA,NA,NA,NA,NA,NA,NA,NA,NA,NA,NA,NA,NA,NA,NA,NA,NA,NA,NA,NA,NA,NA,NA,NA,NA,NA,NA,NA,NA,NA,NA,NA,NA,NA,NA,NA,NA,NA,NA,NA,NA,NA,NA,NA,NA,NA,NA,NA,NA,NA,NA,NA,NA,NA,NA,NA,NA,NA,NA,NA,NA,NA,NA,NA,NA,NA,NA,NA,NA,NA,NA,NA,NA,NA,NA,NA,NA,NA,NA,NA,NA,NA,NA,NA,NA,NA,NA,NA,NA,NA,NA,NA,NA,NA,NA,NA,NA,NA,NA,NA,NA,NA,NA,NA,NA,NA,NA,NA,NA,NA,NA,NA,NA,NA,NA,NA,NA,NA,NA,NA,NA,NA,NA,NA,NA,NA,NA,NA,NA,NA,85,89,86,81,83,89,90,88,93,90,89,86,94,93,85,82,NA,89,94,93,91,89,NA,102,91,91,97,101,101,100,100,95,97,103,100,100,100,93,93,98,NA,NA,NA,NA,NA,NA,NA,NA,NA,NA,NA,NA,NA,NA,NA,NA,NA,NA,NA,NA,NA,NA,NA,NA,NA,NA,NA,NA,NA,NA,NA,NA,NA,NA,NA,NA,NA,NA,NA,NA,NA,NA,NA,NA,NA,NA,NA,NA,NA,NA,NA,NA,NA,NA,NA,NA,NA,NA,NA,NA,NA,NA,NA,NA,NA,NA,NA,NA,NA,NA,NA,NA,NA,NA,NA,NA,NA,NA,NA,NA,NA,NA,NA,NA,NA,NA,NA,NA,NA,NA,NA,NA,NA,NA,NA,NA,NA,NA,NA,NA,NA,NA,NA,NA,NA,NA,NA,NA,NA,NA,NA,NA,NA,NA,NA,NA,NA,NA,NA,NA,NA,NA,NA,NA,NA,NA,NA,NA,NA,NA,NA,NA,NA,NA,NA,NA,NA,NA,NA,NA,NA,NA,NA,NA,NA,NA,NA,NA,NA,NA,NA,NA,NA,NA,NA,NA,NA,NA,NA,NA,NA,NA,NA,NA,NA,NA,NA,NA,NA,NA,NA,NA,NA,NA,NA,NA,NA,NA,NA,NA,NA,NA,NA,NA,NA,NA,NA
NA,NA,NA,NA,NA,NA,NA,NA,NA,NA,NA,NA,NA,NA,NA,NA,NA,NA,NA,NA,NA,NA,NA,NA,NA,NA,NA,NA,NA,NA,NA,NA,NA,NA,NA,NA,NA,NA,NA,NA,NA,NA,NA,NA,NA,NA,NA,NA,NA,NA,NA,NA,NA,NA,NA,NA,NA,NA,NA,NA,NA,NA,NA,NA,NA,NA,NA,NA,NA,NA,NA,NA,NA,NA,NA,NA,NA,NA,NA,NA,NA,NA,NA,NA,NA,NA,NA,NA,NA,NA,NA,NA,NA,NA,NA,NA,NA,NA,NA,NA,NA,NA,NA,NA,NA,NA,NA,NA,NA,NA,NA,NA,NA,NA,NA,NA,NA,NA,NA,NA,NA,NA,NA,NA,NA,NA,NA,NA,NA,NA,NA,NA,NA,NA,NA,NA,NA,NA,NA,NA,NA,NA,NA,NA,NA,NA,NA,NA,NA,NA,NA,NA,NA,NA,NA,NA,NA,NA,NA,NA,NA,NA,NA,NA,NA,NA,83,NA,NA,NA,90,85,85,84,85,85,84,85,91,90,90,91,85,87,87,88,87,86,86,88,89,99,94,91,98,93,90,91,90,101,92,103,100,96,98,99,105,98,90,100,99,98,88,NA,NA,NA,95,NA,NA,NA,NA,NA,NA,NA,NA,NA,NA,NA,NA,NA,NA,NA,NA,NA,NA,NA,NA,NA,NA,NA,NA,NA,NA,NA,NA,NA,NA,NA,NA,NA,NA,NA,NA,NA,NA,NA,NA,NA,NA,NA,NA,NA,NA,NA,NA,NA,NA,NA,NA,NA,NA,NA,NA,NA,NA,NA,NA,NA,NA,NA,NA,NA,NA,NA,NA,NA,NA,NA,NA,NA,NA,NA,NA,NA,NA,NA,NA,NA,NA,NA,NA,NA,NA,NA,NA,NA,NA,NA,NA,NA,NA,NA,NA,NA,NA,NA,NA,NA,NA,NA,NA,NA,NA,NA,NA,NA,NA,NA,NA,NA,NA,NA,NA,NA,NA,NA,NA,NA,NA,NA,NA,NA,NA,NA,NA,NA,NA,NA,NA,NA,NA,NA,NA,NA,NA,NA,NA,NA,NA,NA,NA,NA,NA,NA,NA,NA,NA,NA,NA,NA,NA,NA,NA,NA,NA,NA,NA,NA,NA,NA,NA,NA,NA,NA,NA,NA,NA,NA,NA,NA,NA,NA,NA,NA,NA,NA,NA,NA,NA,NA
NA,NA,NA,NA,NA,NA,NA,NA,NA,NA,NA,NA,NA,NA,NA,NA,NA,NA,NA,NA,NA,NA,NA,NA,NA,NA,NA,NA,NA,NA,NA,NA,NA,NA,NA,NA,NA,NA,NA,NA,NA,NA,NA,NA,NA,NA,NA,NA,NA,NA,NA,NA,NA,NA,NA,NA,NA,NA,NA,NA,NA,NA,NA,NA,NA,NA,NA,NA,NA,NA,NA,NA,NA,NA,NA,NA,NA,NA,NA,NA,NA,NA,NA,NA,NA,NA,NA,NA,NA,NA,NA,NA,NA,NA,NA,NA,NA,NA,NA,NA,NA,NA,NA,NA,NA,NA,NA,NA,NA,NA,NA,NA,NA,NA,NA,NA,NA,NA,NA,NA,NA,NA,NA,NA,NA,NA,NA,NA,NA,NA,NA,NA,NA,NA,NA,NA,NA,NA,NA,NA,NA,NA,NA,NA,NA,NA,NA,NA,NA,NA,NA,NA,NA,NA,NA,NA,NA,NA,NA,NA,NA,NA,NA,NA,91,NA,92,90,88,92,92,87,88,87,79,87,81,91,84,85,89,90,92,93,89,88,86,86,88,88,92,100,89,101,101,101,91,102,95,99,96,102,94,98,96,99,96,92,104,90,89,93,99,95,90,94,97,NA,98,NA,NA,NA,93,NA,NA,NA,NA,NA,NA,NA,NA,NA,NA,NA,NA,NA,NA,NA,NA,NA,NA,NA,NA,NA,NA,NA,NA,NA,NA,NA,NA,NA,NA,NA,NA,NA,NA,NA,NA,NA,NA,NA,NA,NA,NA,NA,NA,NA,NA,NA,NA,NA,NA,NA,NA,NA,NA,NA,NA,NA,NA,NA,NA,NA,NA,NA,NA,NA,NA,NA,NA,NA,NA,NA,NA,NA,NA,NA,NA,NA,NA,NA,NA,NA,NA,NA,NA,NA,NA,NA,NA,NA,NA,NA,NA,NA,NA,NA,NA,NA,NA,NA,NA,NA,NA,NA,NA,NA,NA,NA,NA,NA,NA,NA,NA,NA,NA,NA,NA,NA,NA,NA,NA,NA,NA,NA,NA,NA,NA,NA,NA,NA,NA,NA,NA,NA,NA,NA,NA,NA,NA,NA,NA,NA,NA,NA,NA,NA,NA,NA,NA,NA,NA,NA,NA,NA,NA,NA,NA,NA,NA,NA,NA,NA,NA,NA,NA,NA,NA,NA,NA,NA,NA,NA,NA,NA,NA,NA,NA,NA
NA,NA,NA,NA,NA,NA,NA,NA,NA,NA,NA,NA,NA,NA,NA,NA,NA,NA,NA,NA,NA,NA,NA,NA,NA,NA,NA,NA,NA,NA,NA,NA,NA,NA,NA,NA,NA,NA,NA,NA,NA,NA,NA,NA,NA,NA,NA,NA,NA,NA,NA,NA,NA,NA,NA,NA,NA,NA,NA,NA,NA,NA,NA,NA,NA,NA,NA,NA,NA,NA,NA,NA,NA,NA,NA,NA,NA,NA,NA,NA,NA,NA,NA,NA,NA,NA,NA,NA,NA,NA,NA,NA,NA,NA,NA,NA,NA,NA,NA,NA,NA,NA,NA,NA,NA,NA,NA,NA,NA,NA,NA,NA,NA,NA,NA,NA,NA,NA,NA,NA,NA,NA,NA,NA,NA,NA,NA,NA,NA,NA,NA,NA,NA,NA,NA,NA,NA,NA,NA,NA,NA,NA,NA,NA,NA,NA,NA,NA,NA,NA,NA,NA,NA,NA,NA,NA,NA,NA,NA,NA,NA,NA,NA,NA,86,NA,NA,84,96,96,86,84,88,84,83,87,84,89,87,88,81,91,83,87,90,89,88,86,84,92,86,89,88,91,94,98,95,93,91,97,98,96,95,91,95,95,96,96,93,93,99,93,95,90,99,98,98,98,92,97,96,NA,93,NA,NA,NA,NA,NA,NA,NA,NA,NA,NA,NA,NA,NA,NA,NA,NA,NA,NA,NA,NA,NA,NA,NA,NA,NA,NA,NA,NA,NA,NA,NA,NA,NA,NA,NA,NA,NA,NA,NA,NA,NA,NA,NA,NA,NA,NA,NA,NA,NA,NA,NA,NA,NA,NA,NA,NA,NA,NA,NA,NA,NA,NA,NA,NA,NA,NA,NA,NA,NA,NA,NA,NA,NA,NA,NA,NA,NA,NA,NA,NA,NA,NA,NA,NA,NA,NA,NA,NA,NA,NA,NA,NA,NA,NA,NA,NA,NA,NA,NA,NA,NA,NA,NA,NA,NA,NA,NA,NA,NA,NA,NA,NA,NA,NA,NA,NA,NA,NA,NA,NA,NA,NA,NA,NA,NA,NA,NA,NA,NA,NA,NA,NA,NA,NA,NA,NA,NA,NA,NA,NA,NA,NA,NA,NA,NA,NA,NA,NA,NA,NA,NA,NA,NA,NA,NA,NA,NA,NA,NA,NA,NA,NA,NA,NA,NA,NA,NA,NA,NA,NA,NA,NA,NA,NA,NA,NA,NA
NA,NA,NA,NA,NA,NA,NA,NA,NA,NA,NA,NA,NA,NA,NA,NA,NA,NA,NA,NA,NA,NA,NA,NA,NA,NA,NA,NA,NA,NA,NA,NA,NA,NA,NA,NA,NA,NA,NA,NA,NA,NA,NA,NA,NA,NA,NA,NA,NA,NA,NA,NA,NA,NA,NA,NA,NA,NA,NA,NA,NA,NA,NA,NA,NA,NA,NA,NA,NA,NA,NA,NA,NA,NA,NA,NA,NA,NA,NA,NA,NA,NA,NA,NA,NA,NA,NA,NA,NA,NA,NA,NA,NA,NA,NA,NA,NA,NA,NA,NA,NA,NA,NA,NA,NA,NA,NA,NA,NA,NA,NA,NA,NA,NA,NA,NA,NA,NA,NA,NA,NA,NA,NA,NA,NA,NA,NA,NA,NA,NA,NA,NA,NA,NA,NA,NA,NA,NA,NA,NA,NA,NA,NA,NA,NA,NA,NA,NA,NA,NA,NA,NA,NA,NA,NA,NA,NA,NA,NA,NA,91,91,NA,NA,NA,84,NA,92,90,92,92,85,87,85,83,85,86,81,87,90,88,94,90,91,85,89,90,88,85,86,90,86,101,94,92,100,94,92,96,99,98,95,101,102,101,95,103,95,94,95,97,94,89,93,93,99,96,93,99,97,97,101,90,99,NA,98,98,NA,NA,96,NA,NA,NA,NA,NA,NA,NA,NA,NA,NA,NA,NA,NA,NA,NA,NA,NA,NA,NA,NA,NA,NA,NA,NA,NA,NA,NA,NA,NA,NA,NA,NA,NA,NA,NA,NA,NA,NA,NA,NA,NA,NA,NA,NA,NA,NA,NA,NA,NA,NA,NA,NA,NA,NA,NA,NA,NA,NA,NA,NA,NA,NA,NA,NA,NA,NA,NA,NA,NA,NA,NA,NA,NA,NA,NA,NA,NA,NA,NA,NA,NA,NA,NA,NA,NA,NA,NA,NA,NA,NA,NA,NA,NA,NA,NA,NA,NA,NA,NA,NA,NA,NA,NA,NA,NA,NA,NA,NA,NA,NA,NA,NA,NA,NA,NA,NA,NA,NA,NA,NA,NA,NA,NA,NA,NA,NA,NA,NA,NA,NA,NA,NA,NA,NA,NA,NA,NA,NA,NA,NA,NA,NA,NA,NA,NA,NA,NA,NA,NA,NA,NA,NA,NA,NA,NA,NA,NA,NA,NA,NA,NA,NA,NA,NA,NA,NA,NA,NA,NA,NA
NA,NA,NA,NA,NA,NA,NA,NA,NA,NA,NA,NA,NA,NA,NA,NA,NA,NA,NA,NA,NA,NA,NA,NA,NA,NA,NA,NA,NA,NA,NA,NA,NA,NA,NA,NA,NA,NA,NA,NA,NA,NA,NA,NA,NA,NA,NA,NA,NA,NA,NA,NA,NA,NA,NA,NA,NA,NA,NA,NA,NA,NA,NA,NA,NA,NA,NA,NA,NA,NA,NA,NA,NA,NA,NA,NA,NA,NA,NA,NA,NA,NA,NA,NA,NA,NA,NA,NA,NA,NA,NA,NA,NA,NA,NA,NA,NA,NA,NA,NA,NA,NA,NA,NA,NA,NA,NA,NA,NA,NA,NA,NA,NA,NA,NA,NA,NA,NA,NA,NA,NA,NA,NA,NA,NA,NA,NA,NA,NA,NA,NA,NA,NA,NA,NA,NA,NA,NA,NA,NA,NA,NA,NA,NA,NA,NA,NA,NA,NA,NA,NA,NA,NA,NA,NA,NA,NA,NA,NA,91,91,84,NA,85,86,87,88,87,83,83,84,85,79,87,83,83,91,88,86,90,91,86,92,86,87,84,84,84,86,86,91,86,94,86,99,93,100,103,102,103,98,101,92,96,97,94,93,95,95,95,91,96,94,99,100,99,96,89,94,97,101,101,99,92,NA,97,78,81,NA,NA,80,NA,NA,80,NA,NA,NA,NA,NA,NA,NA,NA,NA,NA,NA,NA,NA,NA,NA,NA,NA,NA,NA,NA,NA,NA,NA,NA,NA,NA,NA,NA,NA,NA,NA,NA,NA,NA,NA,NA,NA,NA,NA,NA,NA,NA,NA,NA,NA,NA,NA,NA,NA,NA,NA,NA,NA,NA,NA,NA,NA,NA,NA,NA,NA,NA,NA,NA,NA,NA,NA,NA,NA,NA,NA,NA,NA,NA,NA,NA,NA,NA,NA,NA,NA,NA,NA,NA,NA,NA,NA,NA,NA,NA,NA,NA,NA,NA,NA,NA,NA,NA,NA,NA,NA,NA,NA,NA,NA,NA,NA,NA,NA,NA,NA,NA,NA,NA,NA,NA,NA,NA,NA,NA,NA,NA,NA,NA,NA,NA,NA,NA,NA,NA,NA,NA,NA,NA,NA,NA,NA,NA,NA,NA,NA,NA,NA,NA,NA,NA,NA,NA,NA,NA,NA,NA,NA,NA,NA,NA,NA,NA,NA,NA,NA,NA,NA,NA,NA,NA
NA,NA,NA,NA,NA,NA,NA,NA,NA,NA,NA,NA,NA,NA,NA,NA,NA,NA,NA,NA,NA,NA,NA,NA,NA,NA,NA,NA,NA,NA,NA,NA,NA,NA,NA,NA,NA,NA,NA,NA,NA,NA,NA,NA,NA,NA,NA,NA,NA,NA,NA,NA,NA,NA,NA,NA,NA,NA,NA,NA,NA,NA,NA,NA,NA,NA,NA,NA,NA,NA,NA,NA,NA,NA,NA,NA,NA,NA,NA,NA,NA,NA,NA,NA,NA,NA,NA,NA,NA,NA,NA,NA,NA,NA,NA,NA,NA,NA,NA,NA,NA,NA,NA,NA,NA,NA,NA,NA,NA,NA,NA,NA,NA,NA,NA,NA,NA,NA,NA,NA,NA,NA,NA,NA,NA,NA,NA,NA,NA,NA,NA,NA,NA,NA,NA,NA,NA,NA,NA,NA,NA,NA,NA,NA,NA,NA,NA,NA,NA,NA,NA,NA,NA,NA,NA,NA,NA,NA,NA,NA,89,85,101,87,86,87,87,86,88,83,91,82,79,79,84,84,91,83,88,84,90,90,86,85,85,87,86,85,88,85,90,87,92,87,98,93,103,98,92,103,100,101,98,101,97,95,99,97,95,95,95,92,93,97,101,99,94,98,92,97,101,98,95,97,91,97,81,92,NA,80,80,97,78,NA,NA,NA,NA,NA,NA,NA,NA,NA,NA,NA,NA,NA,NA,NA,NA,NA,NA,NA,NA,NA,NA,NA,NA,NA,NA,NA,NA,NA,NA,NA,NA,NA,NA,NA,NA,NA,NA,NA,NA,NA,NA,NA,NA,NA,NA,NA,NA,NA,NA,NA,NA,NA,NA,NA,NA,NA,NA,NA,NA,NA,NA,NA,NA,NA,NA,NA,NA,NA,NA,NA,NA,NA,NA,NA,NA,NA,NA,NA,NA,NA,NA,NA,NA,NA,NA,NA,NA,NA,NA,NA,NA,NA,NA,NA,NA,NA,NA,NA,NA,NA,NA,NA,NA,NA,NA,NA,NA,NA,NA,NA,NA,NA,NA,NA,NA,NA,NA,NA,NA,NA,NA,NA,NA,NA,NA,NA,NA,NA,NA,NA,NA,NA,NA,NA,NA,NA,NA,NA,NA,NA,NA,NA,NA,NA,NA,NA,NA,NA,NA,NA,NA,NA,NA,NA,NA,NA,NA,NA,NA,NA,NA,NA,NA,NA,NA,NA
NA,NA,NA,NA,NA,NA,NA,NA,NA,NA,NA,NA,NA,NA,NA,NA,NA,NA,NA,NA,NA,NA,NA,NA,NA,NA,NA,NA,NA,NA,NA,NA,NA,NA,NA,NA,NA,NA,NA,NA,NA,NA,NA,NA,NA,NA,NA,NA,NA,NA,NA,NA,NA,NA,NA,NA,NA,NA,NA,NA,NA,NA,NA,NA,NA,NA,NA,NA,NA,NA,NA,NA,NA,NA,NA,NA,NA,NA,NA,NA,NA,NA,NA,NA,NA,NA,NA,NA,NA,NA,NA,NA,NA,NA,NA,NA,NA,NA,NA,NA,NA,NA,NA,NA,NA,NA,NA,NA,NA,NA,NA,NA,NA,NA,NA,NA,NA,NA,NA,NA,NA,NA,NA,NA,NA,NA,NA,NA,NA,NA,NA,NA,NA,NA,NA,NA,NA,NA,NA,NA,NA,NA,NA,NA,NA,NA,NA,NA,NA,NA,NA,NA,NA,NA,90,93,NA,NA,NA,NA,99,82,102,81,84,86,85,86,91,84,84,88,90,92,84,82,85,88,91,94,85,90,89,88,89,87,87,85,84,88,93,85,103,103,96,98,89,100,91,91,97,92,96,101,95,95,94,99,95,93,97,97,99,100,100,98,95,93,90,98,90,98,100,89,97,97,77,80,79,79,97,79,81,NA,NA,NA,NA,NA,NA,NA,NA,NA,NA,NA,NA,NA,NA,NA,NA,NA,NA,NA,NA,NA,NA,NA,NA,NA,NA,NA,NA,NA,NA,NA,NA,NA,NA,NA,NA,NA,NA,NA,NA,NA,NA,NA,NA,NA,NA,NA,NA,NA,NA,NA,NA,NA,NA,NA,NA,NA,NA,NA,NA,NA,NA,NA,NA,NA,NA,NA,NA,NA,NA,NA,NA,NA,NA,NA,NA,NA,NA,NA,NA,NA,NA,NA,NA,NA,NA,NA,NA,NA,NA,NA,NA,NA,NA,NA,NA,NA,NA,NA,NA,NA,NA,NA,NA,NA,NA,NA,NA,NA,NA,NA,NA,NA,NA,NA,NA,NA,NA,NA,NA,NA,NA,NA,NA,NA,NA,NA,NA,NA,NA,NA,NA,NA,NA,NA,NA,NA,NA,NA,NA,NA,NA,NA,NA,NA,NA,NA,NA,NA,NA,NA,NA,NA,NA,NA,NA,NA,NA,NA,NA,NA,NA,NA,NA,NA,NA,NA
NA,NA,NA,NA,NA,NA,NA,NA,NA,NA,NA,NA,NA,NA,NA,NA,NA,NA,NA,NA,NA,NA,NA,NA,NA,NA,NA,NA,NA,NA,NA,NA,NA,NA,NA,NA,NA,NA,NA,NA,NA,NA,NA,NA,NA,NA,NA,NA,NA,NA,NA,NA,NA,NA,NA,NA,NA,NA,NA,NA,NA,NA,NA,NA,NA,NA,NA,NA,NA,NA,NA,NA,NA,NA,NA,NA,NA,NA,NA,NA,NA,NA,NA,NA,NA,NA,NA,NA,NA,NA,NA,NA,NA,NA,NA,NA,NA,NA,NA,NA,NA,NA,NA,NA,NA,NA,NA,NA,NA,NA,NA,NA,NA,NA,NA,NA,NA,NA,NA,NA,NA,NA,NA,NA,NA,NA,NA,NA,NA,NA,NA,NA,NA,NA,NA,NA,NA,NA,NA,NA,NA,NA,NA,NA,NA,NA,NA,NA,NA,NA,NA,NA,NA,92,93,90,91,NA,NA,100,85,83,81,81,84,82,85,87,84,85,87,86,82,85,83,84,81,91,93,83,90,92,85,85,86,85,86,81,85,87,95,86,87,96,97,102,102,91,99,90,93,94,100,98,91,91,93,92,93,95,94,94,93,99,96,98,95,93,94,90,92,90,98,98,93,93,94,96,77,96,94,80,81,NA,75,80,83,NA,NA,NA,NA,NA,NA,NA,NA,NA,NA,NA,NA,NA,NA,NA,NA,NA,NA,NA,NA,NA,NA,NA,NA,NA,NA,NA,NA,NA,NA,NA,NA,NA,NA,NA,NA,NA,NA,NA,NA,NA,NA,NA,NA,NA,NA,NA,NA,NA,NA,NA,NA,NA,NA,NA,NA,NA,NA,NA,NA,NA,NA,NA,NA,NA,NA,NA,NA,NA,NA,NA,NA,NA,NA,NA,NA,NA,NA,NA,NA,NA,NA,NA,NA,NA,NA,NA,NA,NA,NA,NA,NA,NA,NA,NA,NA,NA,NA,NA,NA,NA,NA,NA,NA,NA,NA,NA,NA,NA,NA,NA,NA,NA,NA,NA,NA,NA,NA,NA,NA,NA,NA,NA,NA,NA,NA,NA,NA,NA,NA,NA,NA,NA,NA,NA,NA,NA,NA,NA,NA,NA,NA,NA,NA,NA,NA,NA,NA,NA,NA,NA,NA,NA,NA,NA,NA,NA,NA,NA,NA,NA,NA,NA
NA,NA,NA,NA,NA,NA,NA,NA,NA,NA,NA,NA,NA,NA,NA,NA,NA,NA,NA,NA,NA,NA,NA,NA,NA,NA,NA,NA,NA,NA,NA,NA,NA,NA,NA,NA,NA,NA,NA,NA,NA,NA,NA,NA,NA,NA,NA,NA,NA,NA,NA,NA,NA,NA,NA,NA,NA,NA,NA,NA,NA,NA,NA,NA,NA,NA,NA,NA,NA,NA,NA,NA,NA,NA,NA,NA,NA,NA,NA,NA,NA,NA,NA,NA,NA,NA,NA,NA,NA,NA,NA,NA,NA,NA,NA,NA,NA,NA,NA,NA,NA,NA,NA,NA,NA,NA,NA,NA,NA,NA,NA,NA,NA,NA,NA,NA,NA,NA,NA,NA,NA,NA,NA,NA,NA,NA,NA,NA,NA,NA,NA,NA,NA,NA,NA,NA,NA,NA,NA,NA,NA,NA,NA,NA,NA,NA,NA,NA,NA,NA,NA,NA,93,95,94,94,90,92,94,95,95,86,86,103,82,83,81,89,84,87,85,87,85,84,85,89,85,85,92,87,92,88,91,86,88,86,84,89,84,83,88,85,92,96,97,99,97,99,92,94,94,97,89,100,92,97,93,94,96,97,94,100,93,99,96,92,93,92,91,89,93,100,95,75,88,100,95,76,94,94,81,78,75,75,75,NA,83,NA,NA,NA,NA,NA,NA,NA,NA,NA,NA,NA,NA,NA,NA,NA,NA,NA,NA,NA,NA,NA,NA,NA,NA,NA,NA,NA,NA,NA,NA,NA,NA,NA,NA,NA,NA,NA,NA,NA,NA,NA,NA,NA,NA,NA,NA,NA,NA,NA,NA,NA,NA,NA,NA,NA,NA,NA,NA,NA,NA,NA,NA,NA,NA,NA,NA,NA,NA,NA,NA,NA,NA,NA,NA,NA,NA,NA,NA,NA,NA,NA,NA,NA,NA,NA,NA,NA,NA,NA,NA,NA,NA,NA,NA,NA,NA,NA,NA,NA,NA,NA,NA,NA,NA,NA,NA,NA,NA,NA,NA,NA,NA,NA,NA,NA,NA,NA,NA,NA,NA,NA,NA,NA,NA,NA,NA,NA,NA,NA,NA,NA,NA,NA,NA,NA,NA,NA,NA,NA,NA,NA,NA,NA,NA,NA,NA,NA,NA,NA,NA,NA,NA,NA,NA,NA,NA,NA,NA,NA,NA,NA,NA,NA
NA,NA,NA,NA,NA,NA,NA,NA,NA,NA,NA,NA,NA,NA,NA,NA,NA,NA,NA,NA,NA,NA,NA,NA,NA,NA,NA,NA,NA,NA,NA,NA,NA,NA,NA,NA,NA,NA,NA,NA,NA,NA,NA,NA,NA,NA,NA,NA,NA,NA,NA,NA,NA,NA,NA,NA,NA,NA,NA,NA,NA,NA,NA,NA,NA,NA,NA,NA,NA,NA,NA,NA,NA,NA,NA,NA,NA,NA,NA,NA,NA,NA,NA,NA,NA,NA,NA,NA,NA,NA,NA,NA,NA,NA,NA,NA,NA,NA,NA,NA,NA,NA,NA,NA,NA,NA,NA,NA,NA,NA,NA,NA,NA,NA,NA,NA,NA,NA,NA,NA,NA,NA,NA,NA,NA,NA,NA,NA,NA,NA,NA,NA,NA,NA,NA,NA,NA,NA,NA,NA,NA,NA,NA,NA,NA,NA,NA,NA,NA,NA,89,96,94,91,95,91,87,93,94,96,96,86,95,82,80,104,83,84,88,88,83,83,81,84,89,89,84,85,89,87,91,92,85,86,87,84,87,83,82,97,90,86,96,91,98,92,92,92,99,95,95,95,93,96,97,88,95,94,91,95,94,94,97,96,95,94,93,92,90,93,92,92,95,75,100,96,95,89,76,77,77,80,77,77,72,NA,83,83,NA,NA,NA,NA,NA,NA,NA,NA,NA,NA,NA,NA,NA,NA,NA,NA,NA,NA,NA,NA,NA,NA,NA,NA,NA,NA,NA,NA,NA,NA,NA,NA,NA,NA,NA,NA,NA,NA,NA,NA,NA,NA,NA,NA,NA,NA,NA,NA,NA,NA,NA,NA,NA,NA,NA,NA,NA,NA,NA,NA,NA,NA,NA,NA,NA,NA,NA,NA,NA,NA,NA,NA,NA,NA,NA,NA,NA,NA,NA,NA,NA,NA,NA,NA,NA,NA,NA,NA,NA,NA,NA,NA,NA,NA,NA,NA,NA,NA,NA,NA,NA,NA,NA,NA,NA,NA,NA,NA,NA,NA,NA,NA,NA,NA,NA,NA,NA,NA,NA,NA,NA,NA,NA,NA,NA,NA,NA,NA,NA,NA,NA,NA,NA,NA,NA,NA,NA,NA,NA,NA,NA,NA,NA,NA,NA,NA,NA,NA,NA,NA,NA,NA,NA,NA,NA,NA,NA,NA,NA,NA,NA,NA
NA,NA,NA,NA,NA,NA,NA,NA,NA,NA,NA,NA,NA,NA,NA,NA,NA,NA,NA,NA,NA,NA,NA,NA,NA,NA,NA,NA,NA,NA,NA,NA,NA,NA,NA,NA,NA,NA,NA,NA,NA,NA,NA,NA,NA,NA,NA,NA,NA,NA,NA,NA,NA,NA,NA,NA,NA,NA,NA,NA,NA,NA,NA,NA,NA,NA,NA,NA,NA,NA,NA,NA,NA,NA,NA,NA,NA,NA,NA,NA,NA,NA,NA,NA,NA,NA,NA,NA,NA,NA,NA,NA,NA,NA,NA,NA,NA,NA,NA,NA,NA,NA,NA,NA,NA,NA,NA,NA,NA,NA,NA,NA,NA,NA,NA,NA,NA,NA,NA,NA,NA,NA,NA,NA,NA,NA,NA,NA,NA,NA,NA,NA,NA,NA,NA,NA,NA,NA,91,NA,NA,NA,NA,NA,NA,88,92,93,89,91,84,87,96,85,88,87,93,93,87,86,97,88,98,82,101,96,82,81,83,89,87,86,88,84,86,84,81,89,85,89,84,89,87,84,97,85,90,81,85,98,85,87,94,96,96,99,97,103,98,95,92,91,98,98,97,95,94,98,94,94,92,93,97,98,93,94,99,94,91,90,94,94,95,97,94,79,96,79,72,77,80,78,77,80,74,73,79,76,82,73,76,NA,74,NA,NA,NA,NA,NA,NA,NA,NA,NA,NA,NA,NA,NA,NA,NA,NA,NA,NA,NA,NA,NA,NA,NA,NA,NA,NA,NA,NA,NA,NA,NA,NA,NA,NA,NA,NA,NA,NA,NA,NA,NA,NA,NA,NA,NA,NA,NA,NA,NA,NA,NA,NA,NA,NA,NA,NA,NA,NA,NA,NA,NA,NA,NA,NA,NA,NA,NA,NA,NA,NA,NA,NA,NA,NA,NA,NA,NA,NA,NA,NA,NA,NA,NA,NA,NA,NA,NA,NA,NA,NA,NA,NA,NA,NA,NA,NA,NA,NA,NA,NA,NA,NA,NA,NA,NA,NA,NA,NA,NA,NA,NA,NA,NA,NA,NA,NA,NA,NA,NA,NA,NA,NA,NA,NA,NA,NA,NA,NA,NA,NA,NA,NA,NA,NA,NA,NA,NA,NA,NA,NA,NA,NA,NA,NA,NA,NA,NA,NA,NA,NA,NA,NA,NA,NA,NA,NA,NA
NA,NA,NA,NA,NA,NA,NA,NA,NA,NA,NA,NA,NA,NA,NA,NA,NA,NA,NA,NA,NA,NA,NA,NA,NA,NA,NA,NA,NA,NA,NA,NA,NA,NA,NA,NA,NA,NA,NA,NA,NA,NA,NA,NA,NA,NA,NA,NA,NA,NA,NA,NA,NA,NA,NA,NA,NA,NA,NA,NA,NA,NA,NA,NA,NA,NA,NA,NA,NA,NA,NA,NA,NA,NA,NA,NA,NA,NA,NA,NA,NA,NA,NA,NA,NA,NA,NA,NA,NA,NA,NA,NA,NA,NA,NA,NA,NA,NA,NA,NA,NA,NA,NA,NA,NA,NA,NA,NA,NA,NA,NA,NA,NA,NA,NA,NA,NA,NA,NA,NA,NA,NA,NA,NA,NA,NA,NA,NA,NA,NA,NA,NA,NA,NA,NA,NA,NA,NA,84,84,84,NA,NA,NA,89,89,89,96,87,85,89,90,90,95,94,88,88,93,96,100,95,97,84,90,82,99,100,90,92,88,87,87,88,88,85,91,85,88,85,84,87,84,84,86,83,89,95,92,84,95,93,93,96,96,90,97,99,94,98,96,97,100,93,95,98,96,94,97,94,93,97,94,97,93,94,97,97,95,89,93,94,94,97,75,93,96,75,94,93,72,75,78,77,74,79,82,73,82,73,81,81,80,74,83,NA,NA,NA,NA,101,NA,NA,NA,NA,100,NA,NA,93,NA,NA,NA,NA,NA,NA,NA,NA,NA,NA,NA,NA,NA,NA,NA,NA,NA,NA,NA,NA,NA,NA,NA,NA,NA,NA,NA,NA,NA,NA,NA,NA,NA,NA,NA,NA,NA,NA,NA,NA,NA,NA,NA,NA,NA,NA,NA,NA,NA,NA,NA,NA,NA,NA,NA,NA,NA,NA,NA,NA,NA,NA,NA,NA,NA,NA,NA,NA,NA,NA,NA,NA,NA,NA,NA,NA,NA,NA,NA,NA,NA,NA,NA,NA,NA,NA,NA,NA,NA,NA,NA,NA,NA,NA,NA,NA,NA,NA,NA,NA,NA,NA,NA,NA,NA,NA,NA,NA,NA,NA,NA,NA,NA,NA,NA,NA,NA,NA,NA,NA,NA,NA,NA,NA,NA,NA,NA,NA,NA,NA,NA,NA,NA,NA,NA,NA,NA,NA,NA,NA,NA,NA,NA
NA,NA,NA,NA,NA,NA,NA,NA,NA,NA,NA,NA,NA,NA,NA,NA,NA,NA,NA,NA,NA,NA,NA,NA,NA,NA,NA,NA,NA,NA,NA,NA,NA,NA,NA,NA,NA,NA,NA,NA,NA,NA,NA,NA,NA,NA,NA,NA,NA,NA,NA,NA,NA,NA,NA,NA,NA,NA,NA,NA,NA,NA,NA,NA,NA,NA,NA,NA,NA,NA,NA,NA,NA,NA,NA,NA,NA,NA,NA,NA,NA,NA,NA,NA,NA,NA,NA,NA,NA,NA,NA,NA,NA,NA,NA,NA,NA,NA,NA,NA,NA,NA,NA,NA,NA,NA,NA,NA,NA,NA,NA,NA,NA,NA,NA,NA,NA,NA,NA,NA,NA,NA,NA,NA,NA,NA,NA,NA,NA,NA,NA,NA,87,NA,NA,90,NA,90,84,92,92,89,NA,84,89,91,96,89,93,92,87,89,91,94,93,87,98,95,87,90,94,87,93,100,84,90,94,100,92,93,78,83,85,88,83,92,88,84,85,85,85,85,84,84,83,100,84,90,94,86,93,95,96,95,95,96,100,98,96,98,101,93,100,92,93,92,96,94,93,95,90,91,97,99,93,93,95,91,93,95,92,95,90,74,96,76,78,94,91,81,76,74,74,79,74,75,75,81,81,81,74,81,100,NA,NA,NA,NA,NA,NA,102,96,98,100,100,NA,93,94,NA,NA,NA,NA,NA,NA,NA,NA,NA,NA,NA,NA,NA,NA,NA,NA,NA,NA,NA,NA,NA,NA,NA,NA,NA,NA,NA,NA,NA,NA,NA,NA,NA,NA,NA,NA,NA,NA,NA,NA,NA,NA,NA,NA,NA,NA,NA,NA,NA,NA,NA,NA,NA,NA,NA,NA,NA,NA,NA,NA,NA,NA,NA,NA,NA,NA,NA,NA,NA,NA,NA,NA,NA,NA,NA,NA,NA,NA,NA,NA,NA,NA,NA,NA,NA,NA,NA,NA,NA,NA,NA,NA,NA,NA,NA,NA,NA,NA,NA,NA,NA,NA,NA,NA,NA,NA,NA,NA,NA,NA,NA,NA,NA,NA,NA,NA,NA,NA,NA,NA,NA,NA,NA,NA,NA,NA,NA,NA,NA,NA,NA,NA,NA,NA,NA,NA,NA,NA,NA,NA,NA,NA,NA
NA,NA,NA,NA,NA,NA,NA,NA,NA,NA,NA,NA,NA,NA,NA,NA,NA,NA,NA,NA,NA,NA,NA,NA,NA,NA,NA,NA,NA,NA,NA,NA,NA,NA,NA,NA,NA,NA,NA,NA,NA,NA,NA,NA,NA,NA,NA,NA,NA,NA,NA,NA,NA,NA,NA,NA,NA,NA,NA,NA,NA,NA,NA,NA,NA,NA,NA,NA,NA,NA,NA,NA,NA,NA,NA,NA,NA,NA,NA,NA,NA,NA,NA,NA,NA,NA,NA,NA,NA,NA,NA,NA,NA,NA,NA,NA,NA,NA,NA,NA,NA,NA,NA,NA,NA,NA,NA,NA,NA,NA,NA,NA,NA,NA,NA,NA,NA,NA,NA,NA,NA,NA,NA,NA,NA,NA,NA,NA,NA,NA,NA,NA,87,87,84,86,87,85,91,NA,87,84,84,84,96,83,95,88,89,90,90,87,89,91,93,92,91,95,91,87,101,92,93,97,94,98,101,100,100,93,94,85,83,89,83,86,83,80,85,84,90,87,85,83,96,88,88,90,88,86,83,80,86,96,100,96,99,100,89,97,101,92,99,90,91,96,92,91,95,92,95,97,98,96,94,96,97,93,94,99,94,95,94,96,76,93,93,78,91,75,75,82,80,81,81,74,81,82,83,74,84,82,98,100,102,NA,NA,NA,NA,NA,100,96,102,90,93,92,94,91,93,93,NA,NA,NA,NA,NA,NA,NA,NA,NA,NA,NA,NA,NA,NA,NA,NA,NA,NA,NA,NA,NA,NA,NA,NA,NA,NA,NA,NA,NA,NA,NA,NA,NA,NA,NA,NA,NA,NA,NA,NA,NA,NA,NA,NA,NA,NA,NA,NA,NA,NA,NA,NA,NA,NA,NA,NA,NA,NA,NA,NA,NA,NA,NA,NA,NA,NA,NA,NA,NA,NA,NA,NA,NA,NA,NA,NA,NA,NA,NA,NA,NA,NA,NA,NA,NA,NA,NA,NA,NA,NA,NA,NA,NA,NA,NA,NA,NA,NA,NA,NA,NA,NA,NA,NA,NA,NA,NA,NA,NA,NA,NA,NA,NA,NA,NA,NA,NA,NA,NA,NA,NA,NA,NA,NA,NA,NA,NA,NA,NA,NA,NA,NA,NA,NA,NA,NA,NA,NA,NA,NA
NA,NA,NA,NA,NA,NA,NA,NA,NA,NA,NA,NA,NA,NA,NA,NA,NA,NA,NA,NA,NA,NA,NA,NA,NA,NA,NA,NA,NA,NA,NA,NA,NA,NA,NA,NA,NA,NA,NA,NA,NA,NA,NA,NA,NA,NA,NA,NA,NA,NA,NA,NA,NA,NA,NA,NA,NA,NA,NA,NA,NA,NA,NA,NA,NA,NA,NA,NA,NA,NA,NA,NA,NA,NA,NA,NA,NA,NA,NA,NA,NA,NA,NA,NA,NA,NA,NA,NA,NA,NA,NA,NA,NA,NA,NA,NA,NA,NA,NA,NA,NA,NA,NA,NA,NA,NA,NA,NA,NA,NA,NA,NA,NA,NA,NA,NA,NA,NA,NA,NA,NA,NA,NA,90,NA,89,87,87,86,86,88,89,87,86,89,90,89,87,87,88,91,90,84,91,90,86,91,88,94,91,92,90,96,95,87,97,97,95,86,92,91,82,94,96,97,94,99,97,90,90,81,88,85,88,83,82,82,83,83,87,85,84,85,88,86,94,85,84,90,86,93,83,98,95,97,92,86,95,99,97,99,91,95,93,94,93,92,93,99,94,98,96,101,92,96,96,96,87,90,94,91,97,95,93,94,94,96,78,77,93,73,82,78,74,78,80,81,81,97,88,83,82,96,93,99,102,101,94,100,91,96,96,99,92,98,90,101,91,94,92,94,NA,NA,NA,NA,NA,NA,NA,NA,NA,NA,NA,NA,NA,NA,NA,NA,NA,NA,NA,NA,NA,NA,NA,NA,NA,NA,NA,NA,NA,NA,NA,NA,NA,NA,NA,NA,NA,NA,NA,NA,NA,NA,NA,NA,NA,NA,NA,NA,NA,NA,NA,NA,NA,NA,NA,NA,NA,NA,NA,NA,NA,NA,NA,NA,NA,NA,NA,NA,NA,NA,NA,NA,NA,NA,NA,NA,NA,NA,NA,NA,NA,NA,NA,NA,NA,NA,NA,NA,NA,NA,NA,NA,NA,NA,NA,NA,NA,NA,NA,NA,NA,NA,NA,NA,NA,NA,NA,NA,NA,NA,NA,NA,NA,NA,NA,NA,NA,NA,NA,NA,NA,NA,NA,NA,NA,NA,NA,NA,NA,NA,NA,NA,NA,NA,NA,NA,NA,NA,NA
NA,NA,NA,NA,NA,NA,NA,NA,NA,NA,NA,NA,NA,NA,NA,NA,NA,NA,NA,NA,NA,NA,NA,NA,NA,NA,NA,NA,NA,NA,NA,NA,NA,NA,NA,NA,NA,NA,NA,NA,NA,NA,NA,NA,NA,NA,NA,NA,NA,NA,NA,NA,NA,NA,NA,NA,NA,NA,NA,NA,NA,NA,NA,NA,NA,NA,NA,NA,NA,NA,NA,NA,NA,NA,NA,NA,NA,NA,NA,NA,NA,NA,NA,NA,NA,NA,NA,NA,NA,NA,NA,NA,NA,NA,NA,NA,NA,NA,NA,NA,NA,NA,NA,NA,NA,NA,NA,NA,NA,NA,NA,NA,NA,NA,NA,NA,NA,NA,NA,NA,92,NA,NA,88,87,90,90,86,87,91,91,88,84,93,88,92,85,89,87,88,87,85,84,89,91,90,92,91,89,91,90,89,97,89,90,88,86,90,96,95,89,99,92,100,94,93,94,93,102,88,85,84,83,85,83,81,90,86,82,81,83,86,86,82,82,86,98,95,86,87,91,92,95,95,90,96,89,96,97,97,92,92,96,96,94,93,91,97,97,88,94,96,91,88,97,92,87,91,89,95,89,92,96,95,93,93,79,78,82,81,81,82,74,73,75,74,81,82,88,82,82,96,96,83,99,100,100,98,101,100,96,96,99,98,99,99,94,89,95,93,NA,89,90,NA,NA,NA,NA,NA,NA,NA,NA,NA,NA,NA,NA,NA,NA,NA,NA,NA,NA,NA,NA,NA,NA,NA,NA,NA,NA,NA,NA,NA,NA,NA,NA,NA,NA,NA,NA,NA,NA,NA,NA,NA,NA,NA,NA,NA,NA,NA,NA,NA,NA,NA,NA,NA,NA,NA,NA,NA,NA,NA,NA,NA,NA,NA,NA,NA,NA,NA,NA,NA,NA,NA,NA,NA,NA,NA,NA,NA,NA,NA,NA,NA,NA,NA,NA,NA,NA,NA,NA,NA,NA,NA,NA,NA,NA,NA,NA,NA,NA,NA,NA,NA,NA,NA,NA,NA,NA,NA,NA,NA,NA,NA,NA,NA,NA,NA,NA,NA,NA,NA,NA,NA,NA,NA,NA,NA,NA,NA,NA,NA,NA,NA,NA,NA,NA,NA,NA,NA
NA,NA,NA,NA,NA,NA,NA,NA,NA,NA,NA,NA,NA,NA,NA,NA,NA,NA,NA,NA,NA,NA,NA,NA,NA,NA,NA,NA,NA,NA,NA,NA,NA,NA,NA,NA,NA,NA,NA,NA,NA,NA,NA,NA,NA,NA,NA,NA,NA,NA,NA,NA,NA,NA,NA,NA,NA,NA,NA,NA,NA,NA,NA,NA,NA,NA,NA,NA,NA,NA,NA,NA,NA,NA,NA,NA,NA,NA,NA,NA,NA,NA,NA,NA,NA,NA,NA,NA,NA,NA,NA,NA,NA,NA,NA,NA,NA,NA,NA,NA,NA,NA,NA,NA,NA,NA,NA,NA,NA,NA,NA,NA,NA,NA,NA,NA,NA,NA,102,94,94,92,90,89,88,90,90,90,87,87,85,85,94,88,85,88,86,86,84,84,85,87,82,83,90,89,97,93,88,91,91,91,86,89,92,89,89,86,90,96,92,94,84,88,88,94,94,92,93,100,81,81,86,80,81,81,86,85,82,84,85,85,87,84,86,83,93,83,88,90,91,94,97,99,101,91,91,93,102,98,94,93,92,96,93,96,92,96,98,92,94,92,94,94,88,92,102,90,93,92,94,95,89,91,94,72,79,78,76,82,82,80,74,74,75,78,79,92,82,82,98,99,83,94,94,95,99,96,91,91,91,98,98,90,99,97,94,93,90,91,86,90,88,NA,NA,88,NA,87,NA,NA,NA,NA,NA,NA,NA,NA,NA,NA,NA,NA,NA,NA,NA,NA,NA,NA,NA,NA,NA,NA,NA,NA,NA,NA,NA,NA,NA,NA,NA,NA,NA,NA,NA,NA,NA,NA,NA,NA,NA,NA,NA,NA,NA,NA,NA,NA,NA,NA,NA,NA,NA,NA,NA,NA,NA,NA,NA,NA,NA,NA,NA,NA,NA,NA,NA,NA,NA,NA,NA,NA,NA,NA,NA,NA,NA,NA,NA,NA,NA,NA,NA,NA,NA,NA,NA,NA,NA,NA,NA,NA,NA,NA,NA,NA,NA,NA,NA,NA,NA,NA,NA,NA,NA,NA,NA,NA,NA,NA,NA,NA,NA,NA,NA,NA,NA,NA,NA,NA,NA,NA,NA,NA,NA,NA,NA,NA,NA,NA,NA,NA
NA,NA,NA,NA,NA,NA,NA,NA,NA,NA,NA,NA,NA,NA,NA,NA,NA,NA,NA,NA,NA,NA,NA,NA,NA,NA,NA,NA,NA,NA,NA,NA,NA,NA,NA,NA,NA,NA,NA,NA,NA,NA,NA,NA,NA,NA,NA,NA,NA,NA,NA,NA,NA,NA,NA,NA,NA,NA,NA,NA,NA,NA,NA,NA,NA,NA,NA,NA,NA,NA,NA,NA,NA,NA,NA,NA,NA,NA,NA,NA,NA,NA,NA,NA,NA,NA,NA,NA,NA,NA,NA,NA,NA,NA,NA,NA,NA,NA,NA,NA,NA,NA,NA,NA,NA,NA,NA,NA,NA,NA,NA,NA,NA,NA,NA,NA,NA,102,NA,94,94,91,89,90,88,90,88,90,90,84,88,87,89,87,87,88,85,86,86,86,89,87,84,91,90,95,87,86,88,85,90,91,83,88,87,86,89,85,93,86,78,91,85,96,93,94,96,92,93,97,79,83,80,80,82,84,87,83,79,84,89,90,90,82,84,84,96,94,91,96,94,93,98,99,98,94,97,94,96,99,93,95,95,95,95,94,94,96,95,92,93,99,95,89,95,96,93,92,93,94,95,90,85,91,79,73,71,80,80,82,81,76,78,78,77,75,73,92,79,82,80,100,87,98,98,96,99,100,95,100,91,96,91,92,93,91,92,92,88,90,89,86,88,87,NA,84,77,80,82,79,NA,NA,NA,NA,NA,NA,NA,NA,NA,NA,NA,NA,NA,NA,NA,NA,NA,NA,NA,NA,NA,NA,NA,NA,NA,NA,NA,NA,NA,NA,NA,NA,NA,NA,NA,NA,NA,NA,NA,NA,NA,NA,NA,NA,NA,NA,NA,NA,NA,NA,NA,NA,NA,NA,NA,NA,NA,NA,NA,NA,NA,NA,NA,NA,NA,NA,NA,NA,NA,NA,NA,NA,NA,NA,NA,NA,NA,NA,NA,NA,NA,NA,NA,NA,NA,NA,NA,NA,NA,NA,NA,NA,NA,NA,NA,NA,NA,NA,NA,NA,NA,NA,NA,NA,NA,NA,NA,NA,NA,NA,NA,NA,NA,NA,NA,NA,NA,NA,NA,NA,NA,NA,NA,NA,NA,NA,NA,NA,NA,NA
NA,NA,NA,NA,NA,NA,NA,NA,NA,NA,NA,NA,NA,NA,NA,NA,NA,NA,NA,NA,NA,NA,NA,NA,NA,NA,NA,NA,NA,NA,NA,NA,NA,NA,NA,NA,NA,NA,NA,NA,NA,NA,NA,NA,NA,NA,NA,NA,NA,NA,NA,NA,NA,NA,NA,NA,NA,NA,NA,NA,NA,NA,NA,NA,NA,NA,NA,NA,NA,NA,NA,NA,NA,NA,NA,NA,NA,NA,NA,NA,NA,NA,NA,NA,NA,NA,NA,NA,NA,NA,NA,NA,NA,NA,NA,NA,NA,NA,NA,NA,NA,NA,NA,NA,NA,NA,NA,NA,NA,NA,NA,NA,NA,NA,NA,99,102,102,90,92,92,88,91,89,90,90,90,90,92,88,87,88,87,91,90,86,88,88,86,90,89,84,91,91,93,93,84,88,84,89,85,91,83,89,88,85,90,85,91,83,92,84,89,100,91,94,97,94,95,96,83,80,82,83,83,86,82,84,84,87,83,81,88,82,81,86,86,98,99,90,94,96,90,99,93,90,95,93,93,91,89,95,96,99,94,96,91,93,91,89,93,93,91,90,101,92,99,94,94,88,82,86,85,81,79,72,72,80,79,74,79,76,75,77,75,87,72,81,89,90,88,94,98,98,92,100,102,102,100,91,96,96,99,99,98,94,88,91,91,88,84,89,89,88,87,74,86,88,88,88,76,NA,NA,NA,NA,NA,NA,NA,NA,NA,NA,NA,NA,NA,NA,NA,NA,NA,NA,NA,NA,NA,NA,NA,NA,NA,NA,NA,NA,NA,NA,NA,NA,NA,NA,NA,NA,NA,NA,NA,NA,NA,NA,NA,NA,NA,NA,NA,NA,NA,NA,NA,NA,NA,NA,NA,NA,NA,NA,NA,NA,NA,NA,NA,NA,NA,NA,NA,NA,NA,NA,NA,NA,NA,NA,NA,NA,NA,NA,NA,NA,NA,NA,NA,NA,NA,NA,NA,NA,NA,NA,NA,NA,NA,NA,NA,NA,NA,NA,NA,NA,NA,NA,NA,NA,NA,NA,NA,NA,NA,NA,NA,NA,NA,NA,NA,NA,NA,NA,NA,NA,NA,NA,NA,NA,NA,NA,NA,NA,NA
NA,NA,NA,NA,NA,NA,NA,NA,NA,NA,NA,NA,NA,NA,NA,NA,NA,NA,NA,NA,NA,NA,NA,NA,NA,NA,NA,NA,NA,NA,NA,NA,NA,NA,NA,NA,NA,NA,NA,NA,NA,NA,NA,NA,NA,NA,NA,NA,NA,NA,NA,NA,NA,NA,NA,NA,NA,NA,NA,NA,NA,NA,NA,NA,NA,NA,NA,NA,NA,NA,NA,NA,NA,NA,NA,NA,NA,NA,NA,NA,NA,NA,NA,NA,NA,NA,NA,NA,NA,NA,NA,NA,NA,NA,NA,NA,NA,NA,NA,NA,NA,NA,NA,NA,NA,NA,NA,NA,NA,NA,NA,89,95,NA,96,95,98,101,92,93,90,91,90,89,89,92,90,90,92,87,89,87,88,91,86,81,88,90,90,85,83,91,91,90,83,94,88,93,86,85,92,91,90,89,87,88,97,88,90,91,93,93,84,84,90,93,96,94,95,80,97,87,96,80,82,84,87,87,80,81,83,85,85,85,78,95,82,86,96,89,97,84,93,95,91,90,90,92,93,90,94,92,97,89,96,96,94,89,94,87,91,87,91,91,89,99,89,90,92,86,88,93,90,96,76,74,72,72,81,76,75,76,76,71,78,77,84,90,85,91,93,96,93,92,88,99,94,94,101,92,91,97,91,95,99,98,95,95,88,94,76,86,86,88,87,77,85,89,77,76,80,81,81,84,NA,NA,NA,NA,NA,NA,NA,NA,NA,NA,NA,NA,NA,NA,NA,NA,NA,NA,NA,NA,NA,NA,NA,NA,NA,NA,NA,NA,NA,NA,NA,NA,NA,NA,NA,NA,NA,NA,NA,NA,NA,NA,NA,NA,NA,NA,NA,NA,NA,NA,NA,NA,NA,NA,NA,NA,NA,NA,NA,NA,NA,NA,NA,NA,NA,NA,NA,NA,NA,NA,NA,NA,NA,NA,NA,NA,NA,NA,NA,NA,NA,NA,NA,NA,NA,NA,NA,NA,NA,NA,NA,NA,NA,NA,NA,NA,NA,NA,NA,NA,NA,NA,NA,NA,NA,NA,NA,NA,NA,NA,NA,NA,NA,NA,NA,NA,NA,NA,NA,NA,NA,NA,NA,NA,NA,NA
NA,NA,NA,NA,NA,NA,NA,NA,NA,NA,NA,NA,NA,NA,NA,NA,NA,NA,NA,NA,NA,NA,NA,NA,NA,NA,NA,NA,NA,NA,NA,NA,NA,NA,NA,NA,NA,NA,NA,NA,NA,NA,NA,NA,NA,NA,NA,NA,NA,NA,NA,NA,NA,NA,NA,NA,NA,NA,NA,NA,NA,NA,NA,NA,NA,NA,NA,NA,NA,NA,NA,NA,NA,NA,NA,NA,NA,NA,NA,NA,NA,NA,NA,NA,NA,NA,NA,NA,NA,NA,NA,NA,NA,NA,NA,NA,NA,NA,NA,NA,NA,NA,NA,NA,NA,NA,NA,NA,NA,NA,NA,91,89,83,93,94,96,99,99,93,98,88,88,89,89,88,91,91,92,89,89,89,86,91,90,86,88,85,85,85,85,83,85,86,83,88,86,96,95,82,90,91,90,92,89,88,94,89,90,88,94,84,84,85,98,91,87,95,102,97,93,95,97,83,83,88,90,84,88,87,84,82,84,85,81,97,84,95,95,89,91,88,94,97,96,91,99,95,95,97,93,92,93,95,97,94,92,88,88,89,90,93,92,89,91,90,97,94,90,86,93,88,89,73,97,95,79,77,74,81,76,73,77,74,77,80,82,78,81,79,95,96,93,93,92,93,101,94,94,98,92,89,97,89,92,99,95,96,93,85,88,86,86,84,87,85,84,88,79,82,81,76,84,80,81,NA,NA,NA,NA,NA,NA,NA,NA,NA,NA,NA,NA,NA,NA,NA,NA,NA,NA,NA,NA,NA,NA,NA,NA,NA,NA,NA,NA,NA,NA,NA,NA,NA,NA,NA,NA,NA,NA,NA,NA,NA,NA,NA,NA,NA,NA,NA,NA,NA,NA,NA,NA,NA,NA,NA,NA,NA,NA,NA,NA,NA,NA,NA,NA,NA,NA,NA,NA,NA,NA,NA,NA,NA,NA,NA,NA,NA,NA,NA,NA,NA,NA,NA,NA,NA,NA,NA,NA,NA,NA,NA,NA,NA,NA,NA,NA,NA,NA,NA,NA,NA,NA,NA,NA,NA,NA,NA,NA,NA,NA,NA,NA,NA,NA,NA,NA,NA,NA,NA,NA,NA,NA,NA,NA,NA
NA,NA,NA,NA,NA,NA,NA,NA,NA,NA,NA,NA,NA,NA,NA,NA,NA,NA,NA,NA,NA,NA,NA,NA,NA,NA,NA,NA,NA,NA,NA,NA,NA,NA,NA,NA,NA,NA,NA,NA,NA,NA,NA,NA,NA,NA,NA,NA,NA,NA,NA,NA,NA,NA,NA,NA,NA,NA,NA,NA,NA,NA,NA,NA,NA,NA,NA,NA,NA,NA,NA,NA,NA,NA,NA,NA,NA,NA,NA,NA,NA,NA,NA,NA,NA,NA,NA,NA,NA,NA,NA,NA,NA,NA,NA,NA,NA,NA,NA,NA,NA,NA,NA,NA,NA,NA,NA,NA,NA,96,91,94,95,97,98,93,99,98,93,89,90,91,91,91,89,91,88,90,91,87,92,89,87,91,85,83,87,84,83,83,92,85,82,87,89,86,91,85,94,83,87,89,85,89,87,86,86,88,87,87,96,99,99,101,85,100,94,92,94,98,98,81,84,96,83,84,83,86,84,89,81,82,80,92,82,82,85,93,91,91,96,97,94,83,98,96,93,94,94,98,100,93,88,99,95,95,90,89,89,87,86,91,90,94,91,94,90,94,94,88,89,72,89,73,92,74,73,73,88,78,71,76,74,77,80,79,83,93,90,79,87,96,95,97,92,99,97,94,94,100,96,95,90,98,96,91,96,97,87,87,87,89,93,94,77,82,74,81,82,80,80,81,84,89,89,87,88,NA,86,NA,NA,NA,NA,NA,NA,NA,NA,NA,NA,NA,NA,NA,NA,NA,NA,NA,NA,NA,NA,NA,NA,NA,NA,NA,NA,NA,NA,NA,NA,NA,NA,NA,NA,NA,NA,NA,NA,NA,NA,NA,NA,NA,NA,NA,NA,NA,NA,NA,NA,NA,NA,NA,NA,NA,NA,NA,NA,NA,NA,NA,NA,NA,NA,NA,NA,NA,NA,NA,NA,NA,NA,NA,NA,NA,NA,NA,NA,NA,NA,NA,NA,NA,NA,NA,NA,NA,NA,NA,NA,NA,NA,NA,NA,NA,NA,NA,NA,NA,NA,NA,NA,NA,NA,NA,NA,NA,NA,NA,NA,NA,NA,NA,NA,NA,NA,NA,NA,NA,NA,NA
NA,NA,NA,NA,NA,NA,NA,NA,NA,NA,NA,NA,NA,NA,NA,NA,NA,NA,NA,NA,NA,NA,NA,NA,NA,NA,NA,NA,NA,NA,NA,NA,NA,NA,NA,NA,NA,NA,NA,NA,NA,NA,NA,NA,NA,NA,NA,NA,NA,NA,NA,NA,NA,NA,NA,NA,NA,NA,NA,NA,NA,NA,NA,NA,NA,NA,NA,NA,NA,NA,NA,NA,NA,NA,NA,NA,NA,NA,NA,NA,NA,NA,NA,NA,NA,NA,NA,NA,NA,NA,NA,NA,NA,NA,NA,NA,NA,NA,NA,NA,NA,NA,NA,NA,NA,NA,NA,89,94,89,96,94,98,98,82,92,91,100,90,91,93,92,91,92,84,89,85,87,86,85,87,86,86,84,86,87,89,87,83,89,85,87,85,82,89,86,91,94,78,93,81,86,88,86,88,90,93,85,83,91,87,100,95,97,97,90,101,92,95,81,96,93,81,80,83,81,82,83,84,86,83,84,88,80,82,86,90,91,88,96,95,92,92,87,93,91,87,94,84,98,99,92,93,90,95,97,90,90,95,95,90,94,94,91,93,93,90,86,91,91,89,82,92,76,90,70,77,73,74,73,78,71,77,77,77,80,83,93,87,90,89,91,95,97,91,93,98,100,92,99,99,93,102,97,95,90,89,96,87,85,87,92,89,82,74,73,81,78,78,81,78,76,83,80,88,89,91,87,85,92,90,NA,86,92,NA,NA,NA,NA,NA,NA,NA,NA,NA,NA,NA,NA,NA,NA,NA,NA,NA,NA,NA,NA,NA,NA,NA,NA,NA,NA,NA,NA,NA,NA,NA,NA,NA,NA,NA,NA,NA,NA,NA,NA,NA,NA,NA,NA,NA,NA,NA,NA,NA,NA,NA,NA,NA,NA,NA,NA,NA,NA,NA,NA,NA,NA,NA,NA,NA,NA,NA,NA,NA,NA,NA,NA,NA,NA,NA,NA,NA,NA,NA,NA,NA,NA,NA,NA,NA,NA,NA,NA,NA,NA,NA,NA,NA,NA,NA,NA,NA,NA,NA,NA,NA,NA,NA,NA,NA,NA,NA,NA,NA,NA,NA,NA,NA,NA,NA,NA
NA,NA,NA,NA,NA,NA,NA,NA,NA,NA,NA,NA,NA,NA,NA,NA,NA,NA,NA,NA,NA,NA,NA,NA,NA,NA,NA,NA,NA,NA,NA,NA,NA,NA,NA,NA,NA,NA,NA,NA,NA,NA,NA,NA,NA,NA,NA,NA,NA,NA,NA,NA,NA,NA,NA,NA,NA,NA,NA,NA,NA,NA,NA,NA,NA,NA,NA,NA,NA,NA,NA,NA,NA,NA,NA,NA,NA,NA,NA,NA,NA,NA,NA,NA,NA,NA,NA,NA,NA,NA,NA,NA,NA,NA,NA,NA,NA,NA,NA,NA,NA,NA,NA,90,88,91,90,90,90,95,91,90,93,89,94,99,100,98,98,99,99,97,98,92,100,90,85,86,86,87,93,92,84,86,85,86,82,84,86,83,85,86,82,84,89,87,92,85,87,87,88,91,88,88,85,88,89,87,94,87,86,98,96,91,90,89,96,93,93,91,82,78,86,83,81,81,82,83,82,84,85,84,82,78,88,89,90,96,96,96,96,94,89,94,91,103,92,93,98,96,88,88,91,91,99,96,87,90,89,98,92,96,87,88,90,92,88,93,90,87,85,91,93,89,75,75,78,93,68,88,78,76,74,74,92,71,80,80,78,92,91,97,94,98,93,95,101,98,84,101,97,101,95,102,102,86,89,89,89,86,83,84,89,80,76,73,73,78,81,77,75,82,74,89,90,91,89,91,86,94,91,86,91,94,NA,NA,NA,NA,NA,NA,NA,NA,NA,NA,NA,NA,NA,NA,NA,NA,NA,NA,NA,NA,NA,NA,NA,NA,NA,NA,NA,NA,NA,NA,NA,NA,NA,NA,NA,NA,NA,NA,NA,NA,NA,NA,NA,NA,NA,NA,NA,NA,NA,NA,NA,NA,NA,NA,NA,NA,NA,NA,NA,NA,NA,NA,NA,NA,NA,NA,NA,NA,NA,NA,NA,NA,NA,NA,NA,NA,NA,NA,NA,NA,NA,NA,NA,NA,NA,NA,NA,NA,NA,NA,NA,NA,NA,NA,NA,NA,NA,NA,NA,NA,NA,NA,NA,NA,NA,NA,NA,NA,NA,NA,NA,NA,NA,NA,NA,NA
NA,NA,NA,NA,NA,NA,NA,NA,NA,NA,NA,NA,NA,NA,NA,NA,NA,NA,NA,NA,NA,NA,NA,NA,NA,NA,NA,NA,NA,NA,NA,NA,NA,NA,NA,NA,NA,NA,NA,NA,NA,NA,NA,NA,NA,NA,NA,NA,NA,NA,NA,NA,NA,NA,NA,NA,NA,NA,NA,NA,NA,NA,NA,NA,NA,NA,NA,NA,NA,NA,NA,NA,NA,NA,NA,NA,NA,NA,NA,NA,NA,NA,NA,NA,NA,NA,NA,NA,NA,NA,NA,NA,NA,NA,NA,NA,NA,NA,NA,NA,96,96,90,90,92,94,88,92,85,85,91,96,94,88,92,99,100,93,97,90,97,97,98,93,92,92,85,87,89,87,91,91,87,91,88,88,85,85,86,87,86,88,80,90,85,89,90,83,83,86,89,90,87,88,82,89,83,91,83,86,84,94,96,100,87,97,98,91,96,92,89,97,82,86,79,81,82,86,83,83,87,82,83,81,87,87,88,92,94,91,95,94,90,94,92,92,92,92,95,94,91,88,90,91,94,92,90,91,98,90,92,99,90,92,88,90,85,88,91,92,91,74,87,72,75,74,78,90,78,74,76,73,78,90,75,76,81,73,86,94,89,91,96,94,95,94,91,94,92,101,96,99,101,101,93,86,95,85,85,96,83,85,80,76,82,80,75,81,81,74,81,87,76,87,85,88,85,86,84,89,90,93,88,94,79,94,NA,NA,81,NA,NA,NA,NA,NA,NA,NA,NA,NA,NA,NA,NA,NA,NA,NA,NA,NA,NA,NA,NA,NA,NA,NA,NA,NA,NA,NA,NA,NA,NA,NA,NA,NA,NA,NA,NA,NA,NA,NA,NA,NA,NA,NA,NA,NA,NA,NA,NA,NA,NA,NA,NA,NA,NA,NA,NA,NA,NA,NA,NA,NA,NA,NA,NA,NA,NA,NA,NA,NA,NA,NA,NA,NA,NA,NA,NA,NA,NA,NA,NA,NA,NA,NA,NA,NA,NA,NA,NA,NA,NA,NA,NA,NA,NA,NA,NA,NA,NA,NA,NA,NA,NA,NA,NA,NA,NA,NA,NA,NA,NA,NA
NA,NA,NA,NA,NA,NA,NA,NA,NA,NA,NA,NA,NA,NA,NA,NA,NA,NA,NA,NA,NA,NA,NA,NA,NA,NA,NA,NA,NA,NA,NA,NA,NA,NA,NA,NA,NA,NA,NA,NA,NA,NA,NA,NA,NA,NA,NA,NA,NA,NA,NA,NA,NA,NA,NA,NA,NA,NA,NA,NA,NA,NA,NA,NA,NA,NA,NA,NA,NA,NA,NA,NA,NA,NA,NA,NA,NA,NA,NA,NA,NA,NA,NA,NA,NA,NA,NA,NA,NA,NA,NA,NA,NA,NA,NA,NA,NA,NA,100,NA,NA,95,87,90,92,94,90,90,85,91,84,93,86,96,95,99,99,93,99,98,100,96,90,97,93,91,91,85,88,86,93,88,90,86,81,85,88,87,85,84,81,89,86,89,90,88,88,92,81,79,92,80,93,88,87,83,87,87,90,93,86,85,93,85,103,101,87,97,92,96,90,96,77,84,81,77,79,82,83,86,85,80,89,91,89,89,88,92,82,91,97,92,94,92,89,88,86,92,89,98,88,92,91,89,90,89,90,91,90,87,90,90,92,90,88,89,91,86,90,91,92,92,73,88,72,72,71,88,79,76,77,79,75,75,75,77,80,80,81,90,87,92,95,95,94,95,100,95,95,90,93,93,101,84,96,97,85,97,88,96,85,97,79,78,90,75,81,79,74,76,81,81,87,90,88,88,89,91,85,87,89,90,92,94,82,NA,80,80,80,NA,82,78,NA,NA,NA,NA,NA,NA,NA,NA,NA,NA,NA,NA,NA,NA,NA,NA,NA,NA,NA,NA,NA,NA,NA,NA,NA,NA,NA,NA,NA,NA,NA,NA,NA,NA,NA,NA,NA,NA,NA,NA,NA,NA,NA,NA,NA,NA,NA,NA,NA,NA,NA,NA,NA,NA,NA,NA,NA,NA,NA,NA,NA,NA,NA,NA,NA,NA,NA,NA,NA,NA,NA,NA,NA,NA,NA,NA,NA,NA,NA,NA,NA,NA,NA,NA,NA,NA,NA,NA,NA,NA,NA,NA,NA,NA,NA,NA,NA,NA,NA,NA,NA,NA,NA,NA,NA,NA,NA,NA
NA,NA,NA,NA,NA,NA,NA,NA,NA,NA,NA,NA,NA,NA,NA,NA,NA,NA,NA,NA,NA,NA,NA,NA,NA,NA,NA,NA,NA,NA,NA,NA,NA,NA,NA,NA,NA,NA,NA,NA,NA,NA,NA,NA,NA,NA,NA,NA,NA,NA,NA,NA,NA,NA,NA,NA,NA,NA,NA,NA,NA,NA,NA,NA,NA,NA,NA,NA,NA,NA,NA,NA,NA,NA,NA,NA,NA,NA,NA,NA,NA,NA,NA,NA,NA,NA,NA,NA,NA,NA,NA,NA,NA,NA,NA,NA,NA,NA,100,NA,NA,98,93,94,85,89,95,93,89,89,92,84,91,95,91,82,98,97,82,99,100,96,97,88,88,89,85,83,89,88,86,92,87,82,86,87,89,94,84,85,87,90,88,89,86,80,86,84,93,80,92,88,83,92,85,88,84,90,87,89,85,82,95,88,89,99,89,100,101,102,94,89,94,81,85,84,82,87,87,87,76,82,86,82,81,89,91,95,100,92,87,97,92,93,85,85,91,88,89,97,93,88,87,92,91,88,88,92,90,92,89,90,94,99,93,96,91,90,85,87,91,89,74,74,69,76,79,73,79,73,77,79,75,77,77,80,80,77,91,94,89,93,92,87,89,94,97,99,97,97,93,101,91,94,96,86,102,97,87,86,94,82,81,79,89,79,80,81,79,73,75,81,77,90,88,89,87,88,87,86,94,90,88,82,77,81,80,80,76,82,79,79,NA,NA,77,NA,NA,NA,NA,NA,NA,NA,NA,NA,NA,NA,NA,NA,NA,NA,NA,NA,NA,NA,NA,NA,NA,NA,NA,NA,NA,NA,NA,NA,NA,NA,NA,NA,NA,NA,NA,NA,NA,NA,NA,NA,NA,NA,NA,NA,NA,NA,NA,NA,NA,NA,NA,NA,NA,NA,NA,NA,NA,NA,NA,NA,NA,NA,NA,NA,NA,NA,NA,NA,NA,NA,NA,NA,NA,NA,NA,NA,NA,NA,NA,NA,NA,NA,NA,NA,NA,NA,NA,NA,NA,NA,NA,NA,NA,NA,NA,NA,NA,NA,NA,NA,NA,NA,NA,NA
NA,NA,NA,NA,NA,NA,NA,NA,NA,NA,NA,NA,NA,NA,NA,NA,NA,NA,NA,NA,NA,NA,NA,NA,NA,NA,NA,NA,NA,NA,NA,NA,NA,NA,NA,NA,NA,NA,NA,NA,NA,NA,NA,NA,NA,NA,NA,NA,NA,NA,NA,NA,NA,NA,NA,NA,NA,NA,NA,NA,NA,NA,NA,NA,NA,NA,NA,NA,NA,NA,NA,NA,NA,NA,NA,NA,NA,NA,NA,NA,NA,NA,NA,NA,NA,NA,NA,NA,NA,NA,NA,NA,NA,NA,NA,NA,99,NA,NA,96,98,93,94,94,85,92,95,90,85,89,83,87,94,96,97,89,97,98,81,85,81,86,101,100,87,91,87,84,88,86,90,85,88,88,88,89,90,86,93,95,88,84,80,86,89,84,87,88,85,89,83,84,88,91,87,90,86,88,93,88,87,94,89,92,87,87,96,88,96,91,95,89,91,88,86,81,86,83,82,78,81,89,88,82,88,75,91,87,93,87,88,96,95,92,87,94,88,92,87,93,100,92,89,88,96,90,89,95,91,91,94,87,97,84,94,93,92,89,90,89,94,69,88,71,70,81,72,74,67,72,87,79,72,73,74,79,85,81,89,93,94,93,96,96,94,96,99,93,96,97,93,100,94,90,88,98,103,97,87,96,98,96,79,79,78,77,80,77,87,82,79,88,86,84,86,84,86,86,87,94,91,90,87,90,78,75,80,75,80,80,78,75,77,75,NA,NA,NA,NA,NA,NA,NA,NA,NA,NA,NA,NA,NA,NA,NA,NA,NA,NA,NA,NA,NA,NA,NA,NA,NA,NA,NA,NA,NA,NA,NA,NA,NA,NA,NA,NA,NA,NA,NA,NA,NA,NA,NA,NA,NA,NA,NA,NA,NA,NA,NA,NA,NA,NA,NA,NA,NA,NA,NA,NA,NA,NA,NA,NA,NA,NA,NA,NA,NA,NA,NA,NA,NA,NA,NA,NA,NA,NA,NA,NA,NA,NA,NA,NA,NA,NA,NA,NA,NA,NA,NA,NA,NA,NA,NA,NA,NA,NA,NA,NA,NA,NA,NA,NA,NA,NA
NA,NA,NA,NA,NA,NA,NA,NA,NA,NA,NA,NA,NA,NA,NA,NA,NA,NA,NA,NA,NA,NA,NA,NA,NA,NA,NA,NA,NA,NA,NA,NA,NA,NA,NA,NA,NA,NA,NA,NA,NA,NA,NA,NA,NA,NA,NA,NA,NA,NA,NA,NA,NA,NA,NA,NA,NA,NA,NA,NA,NA,NA,NA,NA,NA,NA,NA,NA,NA,NA,NA,NA,NA,NA,NA,NA,NA,NA,NA,NA,NA,NA,NA,NA,NA,NA,NA,NA,NA,NA,NA,NA,NA,NA,NA,99,97,98,99,99,98,99,95,96,94,88,89,85,84,82,83,82,89,94,96,89,97,99,94,101,97,82,99,95,85,84,91,93,89,85,88,90,88,84,87,85,91,85,95,90,89,87,86,89,91,91,88,94,89,77,86,89,90,87,91,86,84,85,84,91,86,83,91,92,87,85,94,89,101,96,98,95,80,88,82,88,88,89,84,80,86,84,83,87,82,80,91,95,96,92,102,93,92,95,94,94,89,97,99,90,88,92,87,88,95,89,89,97,89,86,86,95,94,84,92,90,91,91,96,90,95,89,93,88,71,72,71,75,69,76,76,80,70,80,79,82,86,86,91,80,95,89,93,90,93,94,94,93,94,97,101,99,90,97,97,100,100,96,96,96,88,93,82,80,88,80,79,80,77,87,85,88,85,84,87,86,83,88,84,94,87,78,91,79,80,79,80,78,81,97,78,77,77,81,NA,NA,NA,NA,NA,NA,NA,NA,NA,NA,NA,NA,NA,NA,NA,NA,NA,NA,NA,NA,NA,NA,NA,NA,NA,NA,NA,NA,NA,NA,NA,NA,NA,NA,NA,NA,NA,NA,NA,NA,NA,NA,NA,NA,NA,NA,NA,NA,NA,NA,NA,NA,NA,NA,NA,NA,NA,NA,NA,NA,NA,NA,NA,NA,NA,NA,NA,NA,NA,NA,NA,NA,NA,NA,NA,NA,NA,NA,NA,NA,NA,NA,NA,NA,NA,NA,NA,NA,NA,NA,NA,NA,NA,NA,NA,NA,NA,NA,NA,NA,NA,NA,NA,NA,NA,NA
NA,NA,NA,NA,NA,NA,NA,NA,NA,NA,NA,NA,NA,NA,NA,NA,NA,NA,NA,NA,NA,NA,NA,NA,NA,NA,NA,NA,NA,NA,NA,NA,NA,NA,NA,NA,NA,NA,NA,NA,NA,NA,NA,NA,NA,NA,NA,NA,NA,NA,NA,NA,NA,NA,NA,NA,NA,NA,NA,NA,NA,NA,NA,NA,NA,NA,NA,NA,NA,NA,NA,NA,NA,NA,NA,NA,NA,NA,NA,NA,NA,NA,NA,NA,NA,NA,NA,NA,NA,NA,NA,NA,NA,NA,NA,NA,99,96,95,96,98,95,97,96,93,91,93,91,92,89,86,88,82,93,96,83,90,93,93,80,101,101,84,84,94,87,84,90,91,86,86,90,86,82,82,86,83,85,88,85,85,90,91,87,84,89,82,86,81,84,85,90,89,82,92,89,82,85,85,82,82,86,91,96,92,92,88,87,89,94,87,90,89,94,87,77,85,88,83,75,80,91,82,92,84,90,84,95,86,85,92,99,95,89,91,93,91,92,92,99,86,85,86,87,85,85,92,89,87,89,90,94,90,88,91,84,94,91,88,87,92,88,70,73,68,78,66,72,69,87,78,72,89,80,90,85,82,91,82,88,94,94,88,86,92,93,93,95,97,99,86,86,85,96,97,88,89,98,88,87,85,83,81,79,81,80,79,76,74,86,82,75,84,70,83,90,88,88,90,90,86,92,81,93,85,80,91,76,80,81,78,81,79,75,80,NA,NA,NA,NA,NA,NA,NA,NA,NA,NA,NA,NA,NA,NA,NA,NA,NA,NA,NA,NA,NA,NA,NA,NA,NA,NA,NA,NA,NA,NA,NA,NA,NA,NA,NA,NA,NA,NA,NA,NA,NA,NA,NA,NA,NA,NA,NA,NA,NA,NA,NA,NA,NA,NA,NA,NA,NA,NA,NA,NA,NA,NA,NA,NA,NA,NA,NA,NA,NA,NA,NA,NA,NA,NA,NA,NA,NA,NA,NA,NA,NA,NA,NA,NA,NA,NA,NA,NA,NA,NA,NA,NA,NA,NA,NA,NA,NA,NA,NA,NA,NA,NA,NA,NA,NA
NA,NA,NA,NA,NA,NA,NA,NA,NA,NA,NA,NA,NA,NA,NA,NA,NA,NA,NA,NA,NA,NA,NA,NA,NA,NA,NA,NA,NA,NA,NA,NA,NA,NA,NA,NA,NA,NA,NA,NA,NA,NA,NA,NA,NA,NA,NA,NA,NA,NA,NA,NA,NA,NA,NA,NA,NA,NA,NA,NA,NA,NA,NA,NA,NA,NA,NA,NA,NA,NA,NA,NA,NA,NA,NA,NA,NA,NA,NA,NA,NA,NA,NA,NA,NA,NA,NA,NA,100,NA,NA,NA,NA,NA,NA,99,97,97,97,93,90,96,98,95,91,93,91,90,98,86,89,91,92,83,93,92,83,96,98,95,85,91,93,84,85,88,88,84,90,86,92,91,88,89,82,90,88,82,86,86,82,84,88,89,84,83,83,88,93,89,83,87,88,89,88,89,90,90,89,85,81,88,88,82,83,87,98,92,97,97,88,90,88,91,89,84,75,87,92,81,78,83,86,83,78,93,88,94,84,95,92,97,86,82,94,87,98,90,86,86,86,80,88,88,89,88,89,94,85,85,88,89,86,90,86,90,86,88,86,75,86,86,74,67,70,76,70,70,93,77,74,88,75,73,79,75,83,92,83,81,88,87,98,93,93,91,91,96,96,97,99,85,84,97,98,95,87,96,88,84,88,83,94,76,81,74,73,74,79,84,86,72,74,74,72,92,88,87,87,87,87,92,80,81,81,81,74,73,80,78,98,100,100,99,NA,NA,NA,NA,NA,NA,NA,NA,NA,NA,NA,NA,NA,NA,NA,NA,NA,NA,NA,NA,NA,NA,NA,NA,NA,NA,NA,NA,NA,NA,NA,NA,NA,NA,NA,NA,NA,NA,NA,NA,NA,NA,NA,NA,NA,NA,NA,NA,NA,NA,NA,NA,NA,NA,NA,NA,NA,NA,NA,NA,NA,NA,NA,NA,NA,NA,NA,NA,NA,NA,NA,NA,NA,NA,NA,NA,NA,NA,NA,NA,NA,NA,NA,NA,NA,NA,NA,NA,NA,NA,NA,NA,NA,NA,NA,NA,NA,NA,NA,NA,NA,NA,NA,NA,NA,NA
NA,NA,NA,NA,NA,NA,NA,NA,NA,NA,NA,NA,NA,NA,NA,NA,NA,NA,NA,NA,NA,NA,NA,NA,NA,NA,NA,NA,NA,NA,NA,NA,NA,NA,NA,NA,NA,NA,NA,NA,NA,NA,NA,NA,NA,NA,NA,NA,NA,NA,NA,NA,NA,NA,NA,NA,NA,NA,NA,NA,NA,NA,NA,NA,NA,NA,NA,NA,NA,NA,NA,NA,NA,NA,NA,NA,NA,NA,NA,NA,NA,NA,NA,NA,NA,NA,NA,NA,100,NA,NA,92,94,97,NA,97,96,86,97,97,98,94,93,94,97,96,88,86,88,88,86,89,88,87,84,84,83,96,93,94,84,97,89,89,96,85,84,89,87,91,84,86,86,84,90,87,90,87,85,84,83,88,92,79,92,93,85,83,87,94,90,82,92,79,89,83,88,87,88,86,87,83,78,92,97,91,88,100,98,96,98,84,86,87,90,88,77,83,78,83,75,80,85,79,92,91,92,94,94,86,87,95,95,81,87,99,88,96,96,93,87,86,85,86,88,87,89,88,85,89,91,91,92,89,91,86,90,88,89,92,95,90,75,73,66,70,64,81,68,71,90,73,92,76,71,80,90,90,90,92,95,90,92,90,92,91,94,85,86,97,100,102,94,99,98,96,98,85,86,87,90,84,80,72,78,76,82,84,75,86,73,74,73,88,90,90,87,90,85,91,78,77,74,76,81,88,75,79,91,78,97,99,79,97,99,NA,NA,NA,NA,NA,NA,NA,NA,NA,NA,NA,NA,NA,NA,NA,NA,NA,NA,NA,NA,NA,NA,NA,NA,NA,NA,NA,NA,NA,NA,NA,NA,NA,NA,NA,NA,NA,NA,NA,NA,NA,NA,NA,NA,NA,NA,NA,NA,NA,NA,NA,NA,NA,NA,NA,NA,NA,NA,NA,NA,NA,NA,NA,NA,NA,NA,NA,NA,NA,NA,NA,NA,NA,NA,NA,NA,NA,NA,NA,NA,NA,NA,NA,NA,NA,NA,NA,NA,NA,NA,NA,NA,NA,NA,NA,NA,NA,NA,NA,NA,NA,NA,NA,NA,NA
NA,NA,NA,NA,NA,NA,NA,NA,NA,NA,NA,NA,NA,NA,NA,NA,NA,NA,NA,NA,NA,NA,NA,NA,NA,NA,NA,NA,NA,NA,NA,NA,NA,NA,NA,NA,NA,NA,NA,NA,NA,NA,NA,NA,NA,NA,NA,NA,NA,NA,NA,NA,NA,NA,NA,NA,NA,NA,NA,NA,NA,NA,NA,NA,NA,NA,NA,NA,NA,NA,NA,NA,NA,NA,NA,NA,NA,NA,NA,NA,NA,NA,NA,NA,NA,NA,NA,NA,NA,99,99,101,86,97,98,97,97,97,95,90,96,83,89,94,82,91,97,95,87,84,85,84,82,91,92,84,85,83,97,91,85,92,96,91,91,88,85,89,91,90,89,88,83,88,82,89,89,91,94,80,86,85,84,92,88,80,84,83,82,81,82,86,88,91,81,88,87,89,84,84,85,81,85,93,92,86,91,87,88,95,94,97,85,88,84,87,77,75,85,77,80,75,77,86,77,90,83,92,79,90,92,93,92,86,84,87,95,86,91,92,87,87,90,85,90,91,90,92,87,94,84,86,94,90,93,91,72,90,72,66,92,75,78,70,72,69,75,73,70,74,87,68,73,72,70,70,75,91,91,90,92,95,89,92,94,89,91,93,96,85,101,94,92,101,93,93,97,94,96,83,89,86,77,85,73,84,76,73,79,86,84,85,88,84,87,85,91,90,90,90,75,78,75,84,86,74,74,91,74,75,81,81,99,104,98,NA,NA,NA,NA,NA,NA,NA,NA,NA,NA,NA,NA,NA,NA,NA,NA,NA,NA,NA,NA,NA,NA,NA,NA,NA,NA,NA,NA,NA,NA,NA,NA,NA,NA,NA,NA,NA,NA,NA,NA,NA,NA,NA,NA,NA,NA,NA,NA,NA,NA,NA,NA,NA,NA,NA,NA,NA,NA,NA,NA,NA,NA,NA,NA,NA,NA,NA,NA,NA,NA,NA,NA,NA,NA,NA,NA,NA,NA,NA,NA,NA,NA,NA,NA,NA,NA,NA,NA,NA,NA,NA,NA,NA,NA,NA,NA,NA,NA,NA,NA,NA,NA,NA,NA,NA
NA,NA,NA,NA,NA,NA,NA,NA,NA,NA,NA,NA,NA,NA,NA,NA,NA,NA,NA,NA,NA,NA,NA,NA,NA,NA,NA,NA,NA,NA,NA,NA,NA,NA,NA,NA,NA,NA,NA,NA,NA,NA,NA,NA,NA,NA,NA,NA,NA,NA,NA,NA,NA,NA,NA,NA,NA,NA,NA,NA,NA,NA,NA,NA,NA,NA,NA,NA,NA,NA,NA,NA,NA,NA,NA,NA,NA,NA,NA,NA,NA,98,84,NA,NA,NA,97,NA,78,98,101,92,96,86,98,98,93,86,94,84,84,93,93,93,92,94,93,96,84,82,86,87,89,92,88,86,85,81,84,93,94,99,96,97,84,89,85,89,85,87,88,94,93,86,86,83,80,84,92,87,85,82,84,80,81,82,86,85,80,79,82,86,81,87,90,79,87,87,82,86,81,82,82,87,90,82,97,85,87,88,97,90,93,88,86,80,77,76,75,83,77,80,77,82,77,91,80,83,79,88,94,91,92,89,87,81,92,92,88,85,89,87,89,88,89,96,93,87,86,86,89,87,91,92,89,88,86,90,68,67,90,67,71,70,72,65,69,74,77,77,78,93,74,93,78,72,86,92,69,88,90,90,95,89,96,92,95,92,83,95,84,95,95,94,93,96,96,92,83,83,85,74,78,74,82,81,75,74,83,84,85,88,85,86,71,84,93,87,82,80,86,76,75,78,83,81,76,81,80,82,78,101,104,103,105,105,96,NA,NA,NA,NA,NA,NA,NA,NA,NA,NA,NA,NA,NA,NA,NA,NA,NA,NA,NA,NA,NA,NA,NA,NA,NA,NA,NA,NA,NA,NA,NA,NA,NA,NA,NA,NA,NA,NA,NA,NA,NA,NA,NA,NA,NA,NA,NA,NA,NA,NA,NA,NA,NA,NA,NA,NA,NA,NA,NA,NA,NA,NA,NA,NA,NA,NA,NA,NA,NA,NA,NA,NA,NA,NA,NA,NA,NA,NA,NA,NA,NA,NA,NA,NA,NA,NA,NA,NA,NA,NA,NA,NA,NA,NA,NA,NA,NA,NA,NA,NA,NA,NA,NA
NA,NA,NA,NA,NA,NA,NA,NA,NA,NA,NA,NA,NA,NA,NA,NA,NA,NA,NA,NA,NA,NA,NA,NA,NA,NA,NA,NA,NA,NA,NA,NA,NA,NA,NA,NA,NA,NA,NA,NA,NA,NA,NA,NA,NA,NA,NA,NA,NA,NA,NA,NA,NA,NA,NA,NA,NA,NA,NA,NA,NA,NA,NA,NA,NA,NA,NA,NA,NA,NA,NA,NA,NA,NA,NA,NA,NA,NA,NA,NA,NA,98,94,NA,78,97,78,78,98,100,97,97,95,87,87,98,99,97,96,84,85,84,83,83,93,92,91,92,90,84,83,87,79,81,88,81,87,86,95,84,91,97,93,99,88,89,87,91,86,83,89,93,89,84,89,83,78,88,85,84,89,85,84,81,84,85,85,86,75,78,85,88,85,79,84,93,81,86,86,88,85,80,86,87,83,98,90,88,84,88,95,86,89,87,93,84,91,91,96,78,83,79,94,84,78,92,84,80,76,85,87,91,92,88,94,84,82,88,90,89,82,85,81,89,89,95,88,86,86,89,89,88,91,94,88,90,75,69,88,72,70,65,70,71,68,68,74,69,71,75,72,75,72,91,74,82,93,91,92,92,93,88,89,90,95,96,86,89,87,87,88,96,100,92,87,99,95,95,81,87,78,91,76,79,86,89,75,69,69,85,86,89,84,73,80,86,88,87,92,81,85,78,82,78,74,81,89,80,81,82,80,100,96,103,97,88,96,96,97,NA,NA,NA,NA,NA,NA,NA,NA,NA,NA,NA,NA,NA,NA,NA,NA,NA,NA,NA,NA,NA,NA,NA,NA,NA,NA,NA,NA,NA,NA,NA,NA,NA,NA,NA,NA,NA,NA,NA,NA,NA,NA,NA,NA,NA,NA,NA,NA,NA,NA,NA,NA,NA,NA,NA,NA,NA,NA,NA,NA,NA,NA,NA,NA,NA,NA,NA,NA,NA,NA,NA,NA,NA,NA,NA,NA,NA,NA,NA,NA,NA,NA,NA,NA,NA,NA,NA,NA,NA,NA,NA,NA,NA,NA,NA,NA,NA,NA,NA,NA,NA
NA,NA,NA,NA,NA,NA,NA,NA,NA,NA,NA,NA,NA,NA,NA,NA,NA,NA,NA,NA,NA,NA,NA,NA,NA,NA,NA,NA,NA,NA,NA,NA,NA,NA,NA,NA,NA,NA,NA,NA,NA,NA,NA,NA,NA,NA,NA,NA,NA,NA,NA,NA,NA,NA,NA,NA,NA,NA,NA,NA,NA,NA,NA,NA,NA,NA,NA,NA,NA,NA,NA,NA,NA,NA,NA,NA,NA,NA,NA,NA,85,96,86,95,97,93,96,97,97,97,97,95,91,95,87,88,87,98,95,81,96,84,93,83,92,92,95,93,96,88,81,80,85,84,84,82,88,88,86,88,95,92,84,94,91,79,91,89,89,82,86,89,90,85,93,87,82,83,87,85,77,86,80,82,84,87,81,81,83,80,79,85,78,84,89,84,86,87,82,86,92,88,88,85,82,85,86,95,86,84,94,88,89,94,87,88,86,95,78,75,80,81,80,87,91,85,90,79,91,91,95,82,89,84,94,95,87,93,86,87,90,96,84,90,92,92,93,89,94,89,92,84,84,90,86,88,85,87,90,73,67,68,68,65,64,66,73,67,68,65,68,77,76,83,87,90,91,93,89,89,86,93,90,95,93,93,96,90,92,90,83,97,97,87,90,95,97,85,89,92,90,87,75,78,76,88,70,76,84,84,90,84,90,88,89,91,89,92,77,76,78,79,80,79,74,79,79,101,82,101,101,96,98,98,101,96,96,96,97,NA,91,NA,NA,NA,NA,107,NA,NA,NA,NA,NA,NA,NA,NA,NA,NA,NA,NA,NA,NA,NA,NA,NA,NA,NA,NA,NA,NA,NA,NA,NA,NA,NA,NA,NA,NA,NA,NA,NA,NA,NA,NA,NA,NA,NA,NA,NA,NA,NA,NA,NA,NA,NA,NA,NA,NA,NA,NA,NA,NA,NA,NA,NA,NA,NA,NA,NA,NA,NA,NA,NA,NA,NA,NA,NA,NA,NA,NA,NA,NA,NA,NA,NA,NA,NA,NA,NA,NA,NA,NA,NA,NA,NA,NA,NA,NA,NA,NA,NA,NA
NA,NA,NA,NA,NA,NA,NA,NA,NA,NA,NA,NA,NA,NA,NA,NA,NA,NA,NA,NA,NA,NA,NA,NA,NA,NA,NA,NA,NA,NA,NA,NA,NA,NA,NA,NA,NA,NA,NA,NA,NA,NA,NA,NA,NA,NA,NA,NA,NA,NA,NA,NA,NA,NA,NA,NA,NA,NA,NA,NA,NA,NA,NA,NA,NA,NA,NA,NA,NA,NA,NA,NA,NA,NA,NA,NA,86,NA,85,86,84,NA,93,96,96,97,96,97,96,97,95,87,83,88,89,89,86,89,83,81,96,93,98,82,92,78,95,96,93,95,82,82,80,91,86,82,82,80,89,83,86,84,97,86,91,91,81,84,89,81,88,88,82,88,83,86,87,81,84,82,83,77,80,80,85,88,87,85,82,79,76,74,83,86,87,90,80,88,86,78,86,83,89,84,91,85,90,86,85,83,87,96,88,89,89,85,86,87,78,84,82,87,83,93,82,86,91,80,87,88,87,86,89,91,92,96,84,87,85,90,89,91,89,89,92,96,91,85,86,87,88,90,88,84,90,88,83,89,76,70,71,74,66,66,77,70,67,74,63,65,69,74,72,69,83,70,81,88,88,91,86,90,91,94,91,83,93,93,97,84,85,92,91,95,93,97,96,91,72,88,88,76,77,74,74,70,78,76,74,82,81,88,85,78,87,88,77,76,77,76,79,74,83,82,81,76,78,101,100,86,95,81,97,101,95,98,97,104,97,96,99,NA,107,NA,NA,NA,107,NA,NA,NA,NA,NA,NA,NA,NA,NA,NA,NA,NA,NA,NA,NA,NA,NA,NA,NA,NA,NA,NA,NA,NA,NA,NA,NA,NA,NA,NA,NA,NA,NA,NA,NA,NA,NA,NA,NA,NA,NA,NA,NA,NA,NA,NA,NA,NA,NA,NA,NA,NA,NA,NA,NA,NA,NA,NA,NA,NA,NA,NA,NA,NA,NA,NA,NA,NA,NA,NA,NA,NA,NA,NA,NA,NA,NA,NA,NA,NA,NA,NA,NA,NA,NA,NA,NA,NA,NA,NA,NA,NA,NA
NA,NA,NA,NA,NA,NA,NA,NA,NA,NA,NA,NA,NA,NA,NA,NA,NA,NA,NA,NA,NA,NA,NA,NA,NA,NA,NA,NA,NA,NA,NA,NA,NA,NA,NA,NA,NA,NA,NA,NA,NA,NA,NA,NA,NA,NA,NA,NA,NA,NA,NA,NA,NA,NA,NA,NA,NA,NA,NA,NA,NA,NA,NA,NA,NA,NA,NA,NA,NA,NA,NA,NA,NA,NA,NA,NA,NA,90,89,85,90,97,96,87,95,99,98,96,77,95,97,96,86,85,85,84,87,88,88,94,81,81,97,93,81,89,80,95,90,94,92,94,90,80,91,86,89,87,87,90,83,101,95,92,90,83,87,90,87,93,83,88,84,81,89,86,86,82,76,82,74,79,80,83,82,82,89,80,80,79,78,82,76,83,82,82,88,85,81,85,76,87,91,87,88,88,87,90,86,88,88,89,92,92,90,89,90,80,87,79,89,87,85,78,86,83,82,88,90,91,81,87,82,84,93,87,87,91,91,85,91,89,85,88,90,89,87,85,85,92,85,82,83,82,87,89,84,88,84,79,68,77,65,74,66,70,70,74,71,72,69,92,89,79,94,91,90,82,96,95,88,93,97,91,92,88,89,96,92,92,86,92,98,96,96,83,83,87,78,98,96,74,76,84,75,76,76,76,81,74,71,84,90,79,90,74,76,79,76,78,79,77,82,81,87,79,80,80,78,97,98,88,90,101,98,96,104,101,97,91,97,91,99,107,104,NA,106,106,NA,109,107,NA,NA,NA,NA,NA,NA,NA,NA,NA,NA,NA,NA,NA,NA,NA,NA,NA,NA,NA,NA,NA,NA,NA,NA,NA,NA,NA,NA,NA,NA,NA,NA,NA,NA,NA,NA,NA,NA,NA,NA,NA,NA,NA,NA,NA,NA,NA,NA,NA,NA,NA,NA,NA,NA,NA,NA,NA,NA,NA,NA,NA,NA,NA,NA,NA,NA,NA,NA,NA,NA,NA,NA,NA,NA,NA,NA,NA,NA,NA,NA,NA,NA,NA,NA,NA,NA,NA,NA,NA
NA,NA,NA,NA,NA,NA,NA,NA,NA,NA,NA,NA,NA,NA,NA,NA,NA,NA,NA,NA,NA,NA,NA,NA,NA,NA,NA,NA,NA,NA,NA,NA,NA,NA,NA,NA,NA,NA,NA,NA,NA,NA,NA,NA,NA,NA,NA,NA,NA,NA,NA,NA,NA,NA,NA,NA,NA,NA,NA,NA,NA,NA,NA,NA,NA,NA,NA,NA,NA,NA,NA,NA,NA,NA,NA,NA,NA,86,87,87,85,96,95,88,95,96,78,97,99,92,94,96,100,83,87,88,84,93,87,96,89,85,87,82,82,81,92,95,90,90,93,93,81,87,82,89,83,84,89,86,87,90,99,89,93,89,88,90,85,85,87,86,84,86,87,85,84,84,90,85,87,87,84,83,83,85,86,86,74,75,75,76,82,81,83,85,83,83,84,89,82,85,86,86,80,85,94,88,88,87,89,89,87,86,81,82,87,84,85,76,84,86,80,86,82,89,76,86,88,80,88,90,86,89,78,93,88,92,85,91,89,89,102,90,86,84,87,87,88,91,87,86,86,86,92,87,92,91,71,69,67,67,71,76,71,70,73,74,66,85,68,74,88,82,81,89,90,93,95,90,95,101,84,96,89,95,88,99,90,88,92,94,96,91,93,95,92,71,74,99,88,97,76,79,77,75,75,79,78,75,91,76,83,76,84,75,75,76,73,83,78,81,82,87,73,87,86,86,86,90,90,91,92,99,102,97,102,104,99,91,75,107,98,106,105,107,104,104,109,107,NA,NA,NA,NA,NA,NA,NA,NA,NA,NA,NA,NA,NA,NA,NA,NA,NA,NA,NA,NA,NA,NA,NA,NA,NA,NA,NA,NA,NA,NA,NA,NA,NA,NA,NA,NA,NA,NA,NA,NA,NA,NA,NA,NA,NA,NA,NA,NA,NA,NA,NA,NA,NA,NA,NA,NA,NA,NA,NA,NA,NA,NA,NA,NA,NA,NA,NA,NA,NA,NA,NA,NA,NA,NA,NA,NA,NA,NA,NA,NA,NA,NA,NA,NA,NA,NA,NA,NA,NA,NA
NA,NA,NA,NA,NA,NA,NA,NA,NA,NA,NA,NA,NA,NA,NA,NA,NA,NA,NA,NA,NA,NA,NA,NA,NA,NA,NA,NA,NA,NA,NA,NA,NA,NA,NA,NA,NA,NA,NA,NA,NA,NA,NA,NA,NA,NA,NA,NA,NA,NA,NA,NA,NA,NA,NA,NA,NA,NA,NA,NA,NA,NA,NA,NA,NA,NA,NA,NA,NA,NA,NA,NA,NA,NA,NA,NA,73,85,87,88,95,95,94,88,76,98,98,96,94,98,96,95,100,95,85,89,88,89,94,87,88,94,83,92,82,80,83,95,93,90,89,85,86,90,89,86,88,89,89,89,88,87,90,93,90,89,90,87,85,90,88,85,86,81,80,83,84,81,87,81,85,81,91,87,79,81,83,77,88,82,76,76,83,82,87,82,82,83,84,83,78,83,80,83,90,88,88,88,89,87,88,92,89,89,87,78,90,73,78,82,87,76,88,84,77,80,84,88,84,84,84,92,88,93,92,91,87,90,87,85,90,86,92,90,88,90,86,89,90,86,89,86,85,86,91,87,83,86,87,67,67,70,72,70,69,70,66,83,65,70,88,79,86,92,96,85,95,89,92,96,95,86,91,86,95,90,97,94,97,87,96,90,98,94,98,96,81,86,101,87,88,98,77,74,73,76,77,75,78,81,80,82,87,80,87,81,73,77,82,76,78,77,79,76,73,78,97,88,87,91,97,91,92,100,101,104,94,101,101,96,94,98,107,107,96,105,106,105,104,108,NA,104,NA,NA,NA,NA,NA,NA,NA,NA,NA,NA,NA,NA,NA,NA,NA,NA,NA,NA,NA,NA,NA,NA,NA,NA,NA,NA,NA,NA,NA,NA,NA,NA,NA,NA,NA,NA,NA,NA,NA,NA,NA,NA,NA,NA,NA,NA,NA,NA,NA,NA,NA,NA,NA,NA,NA,NA,NA,NA,NA,NA,NA,NA,NA,NA,NA,NA,NA,NA,NA,NA,NA,NA,NA,NA,NA,NA,NA,NA,NA,NA,NA,NA,NA,NA,NA,NA,NA,NA
NA,NA,NA,NA,NA,NA,NA,NA,NA,NA,NA,NA,NA,NA,NA,NA,NA,NA,NA,NA,NA,NA,NA,NA,NA,NA,NA,NA,NA,NA,NA,NA,NA,NA,NA,NA,NA,NA,NA,NA,NA,NA,NA,NA,NA,NA,NA,NA,NA,NA,NA,NA,NA,NA,NA,NA,NA,NA,NA,NA,NA,NA,NA,NA,NA,NA,NA,NA,NA,NA,NA,NA,NA,NA,71,85,84,87,74,75,88,85,95,96,96,97,97,94,96,93,97,96,100,93,93,82,83,85,89,94,91,96,97,81,92,82,86,93,93,92,89,92,83,93,90,89,92,92,80,88,88,89,84,87,89,92,85,85,87,83,87,87,87,84,81,77,80,89,90,87,85,79,85,81,79,79,76,86,86,85,79,85,77,84,80,86,79,83,86,89,79,79,82,81,84,91,87,84,88,88,88,88,87,85,82,90,85,75,94,85,81,79,85,80,78,85,83,89,86,90,92,90,83,90,83,81,91,91,88,84,80,83,81,89,87,87,84,89,84,87,89,85,85,87,90,83,84,87,69,85,83,67,74,69,71,72,71,65,70,73,87,91,78,88,81,86,90,88,95,87,91,98,95,93,89,86,87,86,96,90,92,97,78,94,85,92,81,95,71,80,84,68,73,76,76,81,74,81,76,82,81,79,76,78,86,79,80,81,74,76,80,82,76,77,87,87,86,90,88,93,90,90,100,96,102,102,94,97,98,95,95,99,75,105,105,104,103,106,105,108,102,105,105,NA,NA,NA,NA,NA,NA,NA,NA,NA,NA,NA,NA,NA,NA,NA,NA,NA,NA,NA,NA,NA,NA,NA,NA,NA,NA,NA,NA,NA,NA,NA,NA,NA,NA,NA,NA,NA,NA,NA,NA,NA,NA,NA,NA,NA,NA,NA,NA,NA,NA,NA,NA,NA,NA,NA,NA,NA,NA,NA,NA,NA,NA,NA,NA,NA,NA,NA,NA,NA,NA,NA,NA,NA,NA,NA,NA,NA,NA,NA,NA,NA,NA,NA,NA,NA,NA,NA
NA,NA,NA,NA,NA,NA,NA,NA,NA,NA,NA,NA,NA,NA,NA,NA,NA,NA,NA,NA,NA,NA,NA,NA,NA,NA,NA,NA,NA,NA,NA,NA,NA,NA,NA,NA,NA,NA,NA,NA,NA,NA,NA,NA,NA,NA,NA,NA,NA,NA,NA,NA,NA,NA,NA,NA,NA,NA,NA,NA,NA,NA,NA,NA,NA,NA,NA,NA,NA,NA,NA,NA,NA,77,84,76,84,84,71,85,84,83,85,96,96,95,95,97,95,79,94,94,88,88,93,82,83,90,89,83,88,87,93,88,81,97,92,93,84,89,95,89,80,83,81,87,87,88,83,86,87,87,89,95,90,97,94,87,85,90,94,80,85,85,76,80,84,86,86,83,79,83,85,82,82,81,77,86,88,82,68,80,84,80,80,77,82,78,80,87,80,84,82,84,77,83,94,86,86,82,94,91,85,85,88,92,88,84,88,91,89,79,78,74,89,85,87,87,85,83,83,85,93,91,88,79,88,89,88,85,85,83,85,90,84,83,87,84,85,89,89,81,81,86,84,88,81,68,65,88,68,74,71,79,70,74,70,70,88,91,67,71,91,88,84,88,94,89,93,86,95,93,89,87,88,100,88,89,87,90,86,96,92,100,95,82,95,85,85,84,80,76,78,82,70,78,81,83,75,76,77,86,80,75,77,83,73,79,75,81,83,81,75,84,71,87,87,88,89,91,87,95,95,96,102,101,97,92,100,97,99,95,102,100,103,107,107,105,101,106,108,98,98,98,104,NA,NA,NA,NA,NA,NA,NA,NA,NA,NA,NA,NA,NA,NA,NA,NA,NA,NA,NA,NA,NA,NA,NA,NA,NA,NA,NA,NA,NA,NA,NA,NA,NA,NA,NA,NA,NA,NA,NA,NA,NA,NA,NA,NA,NA,NA,NA,NA,NA,NA,NA,NA,NA,NA,NA,NA,NA,NA,NA,NA,NA,NA,NA,NA,NA,NA,NA,NA,NA,NA,NA,NA,NA,NA,NA,NA,NA,NA,NA,NA,NA,NA,NA,NA,NA
NA,NA,NA,NA,NA,NA,NA,NA,NA,NA,NA,NA,NA,NA,NA,NA,NA,NA,NA,NA,NA,NA,NA,NA,NA,NA,NA,NA,NA,NA,NA,NA,NA,NA,NA,NA,NA,NA,NA,NA,NA,NA,NA,NA,NA,NA,NA,NA,NA,NA,NA,NA,NA,NA,NA,NA,NA,NA,NA,NA,NA,NA,NA,NA,NA,NA,NA,NA,NA,NA,NA,NA,NA,77,76,82,84,84,72,74,77,79,84,73,95,98,96,97,95,77,75,76,94,75,87,87,88,82,83,87,84,89,88,87,96,95,94,93,84,84,88,96,93,83,97,86,81,87,83,85,78,84,88,89,85,96,90,91,84,89,92,92,79,91,86,82,81,86,81,88,87,83,84,72,75,86,82,85,81,74,78,85,80,81,84,82,76,75,81,82,81,83,82,82,84,85,89,100,78,86,87,85,82,85,80,91,85,93,83,85,85,85,78,84,86,92,87,89,77,85,91,87,87,86,83,90,83,87,83,90,82,92,82,82,87,86,85,89,82,87,86,81,86,87,87,86,80,71,66,68,68,73,66,75,73,72,65,87,85,83,80,74,90,89,90,85,92,93,96,92,85,95,89,87,93,94,85,91,99,93,87,96,95,93,83,78,95,80,76,80,70,76,77,79,68,73,75,81,78,78,76,78,80,78,78,79,76,75,76,82,76,78,80,70,88,88,91,90,89,89,89,91,92,87,91,97,100,94,94,97,75,96,102,100,103,103,104,104,103,108,108,104,103,104,104,106,NA,NA,NA,NA,NA,NA,NA,NA,NA,NA,NA,NA,NA,NA,NA,NA,NA,NA,NA,NA,NA,NA,NA,NA,NA,NA,NA,NA,NA,NA,NA,NA,NA,NA,NA,NA,NA,NA,NA,NA,NA,NA,NA,NA,NA,NA,NA,NA,NA,NA,NA,NA,NA,NA,NA,NA,NA,NA,NA,NA,NA,NA,NA,NA,NA,NA,NA,NA,NA,NA,NA,NA,NA,NA,NA,NA,NA,NA,NA,NA,NA,NA,NA,NA
NA,NA,NA,NA,NA,NA,NA,NA,NA,NA,NA,NA,NA,NA,NA,NA,NA,NA,NA,NA,NA,NA,NA,NA,NA,NA,NA,NA,NA,NA,NA,NA,NA,NA,NA,NA,NA,NA,NA,NA,NA,NA,NA,NA,NA,NA,NA,NA,NA,NA,NA,NA,NA,NA,NA,NA,NA,NA,NA,NA,NA,NA,NA,NA,NA,NA,NA,NA,NA,NA,NA,NA,79,NA,79,NA,75,85,77,78,77,81,77,75,76,87,86,92,83,83,82,78,90,87,75,96,87,81,84,85,81,88,93,90,91,83,96,93,95,90,90,81,83,95,86,91,88,84,83,94,89,84,89,87,85,87,91,88,87,91,81,93,89,86,85,82,80,84,78,76,85,80,79,83,73,90,84,87,84,76,73,77,79,77,74,82,75,80,79,79,80,81,81,81,85,85,97,82,92,85,88,79,78,87,86,83,82,84,93,91,91,78,89,84,77,87,86,87,79,93,85,85,88,87,85,84,83,84,81,86,80,90,86,85,86,83,82,82,87,81,86,84,81,86,90,82,69,84,70,66,62,73,67,73,69,73,68,86,72,77,69,72,83,88,84,89,80,84,95,88,92,95,86,89,90,95,89,89,93,93,87,95,95,96,90,80,94,75,86,70,76,76,80,81,78,76,78,78,79,78,79,81,79,77,80,76,74,73,79,75,78,79,88,75,89,91,87,91,87,95,93,91,100,100,92,101,94,75,93,99,70,96,95,103,72,107,106,106,104,98,107,103,104,106,97,NA,NA,NA,NA,NA,NA,NA,NA,NA,NA,NA,NA,NA,NA,NA,NA,NA,NA,NA,NA,NA,NA,NA,NA,NA,NA,NA,NA,NA,NA,NA,NA,NA,NA,NA,NA,NA,NA,NA,NA,NA,NA,NA,NA,NA,NA,NA,NA,NA,NA,NA,NA,NA,NA,NA,NA,NA,NA,NA,NA,NA,NA,NA,NA,NA,NA,NA,NA,NA,NA,NA,NA,NA,NA,NA,NA,NA,NA,NA,NA,NA,NA,NA,NA,NA
NA,NA,NA,NA,NA,NA,NA,NA,NA,NA,NA,NA,NA,NA,NA,NA,NA,NA,NA,NA,NA,NA,NA,NA,NA,NA,NA,NA,NA,NA,NA,NA,NA,NA,NA,NA,NA,NA,NA,NA,NA,NA,NA,NA,NA,NA,NA,NA,NA,NA,NA,NA,NA,NA,NA,NA,NA,NA,NA,NA,NA,NA,NA,NA,NA,NA,NA,NA,NA,NA,NA,81,82,83,79,75,84,77,80,81,74,74,80,80,78,87,77,93,93,93,95,94,92,88,99,88,88,90,77,88,82,80,86,91,87,83,92,93,90,97,92,97,86,84,89,91,87,88,92,91,86,88,80,89,86,85,83,85,83,87,85,84,91,92,86,83,85,80,83,75,88,87,84,80,83,82,85,81,86,78,87,79,77,75,79,78,85,77,78,81,81,81,84,80,81,85,87,81,82,95,91,86,90,82,80,82,84,83,88,87,85,78,80,82,84,82,81,90,92,88,78,90,87,84,87,86,83,80,80,90,86,88,84,91,92,87,90,88,84,86,85,83,90,91,89,83,82,69,68,67,71,81,64,75,70,70,65,75,70,82,68,89,80,87,88,86,87,92,91,90,87,91,89,99,86,88,89,93,91,91,85,94,79,91,80,75,69,79,85,82,71,74,72,82,71,73,78,76,78,81,79,79,79,81,78,72,73,80,76,70,76,87,89,89,89,86,91,87,91,94,87,97,94,99,92,92,95,75,76,99,77,97,99,95,72,102,101,106,105,102,96,98,106,104,97,104,NA,NA,NA,NA,NA,NA,NA,NA,NA,NA,NA,NA,NA,NA,NA,NA,NA,NA,NA,NA,NA,NA,NA,NA,NA,NA,NA,NA,NA,NA,NA,NA,NA,NA,NA,NA,NA,NA,NA,NA,NA,NA,NA,NA,NA,NA,NA,NA,NA,NA,NA,NA,NA,NA,NA,NA,NA,NA,NA,NA,NA,NA,NA,NA,NA,NA,NA,NA,NA,NA,NA,NA,NA,NA,NA,NA,NA,NA,NA,NA,NA,NA,NA,NA
NA,NA,NA,NA,NA,NA,NA,NA,NA,NA,NA,NA,NA,NA,NA,NA,NA,NA,NA,NA,NA,NA,NA,NA,NA,NA,NA,NA,NA,NA,NA,NA,NA,NA,NA,NA,NA,NA,NA,NA,NA,NA,NA,NA,NA,NA,NA,NA,NA,NA,NA,NA,NA,NA,NA,NA,NA,NA,NA,NA,NA,NA,NA,NA,NA,NA,NA,NA,NA,NA,NA,84,83,82,82,77,81,81,73,82,74,78,79,74,82,78,77,97,87,95,93,95,99,92,100,81,87,87,86,86,79,93,89,90,93,86,83,85,81,88,98,93,94,88,87,81,82,88,84,84,81,87,85,92,86,85,90,93,95,84,89,85,87,87,87,82,85,89,86,83,79,86,82,81,82,87,85,80,81,86,80,77,74,79,85,82,78,76,81,81,76,84,79,84,86,87,85,90,84,85,87,86,86,71,82,80,87,84,95,89,77,81,80,75,81,84,85,91,84,78,85,85,83,83,87,83,86,84,76,82,91,87,87,83,87,80,84,90,86,80,91,86,83,82,84,85,77,86,81,84,65,76,74,68,67,67,72,65,85,66,68,84,73,88,87,93,81,86,94,93,84,88,89,91,90,92,88,94,86,90,89,98,94,73,94,82,79,78,83,72,72,80,71,68,71,73,80,77,78,75,75,77,78,80,74,77,75,73,76,70,71,87,87,86,86,90,86,85,91,87,92,94,92,98,94,76,95,101,98,94,77,99,100,99,104,101,102,99,102,97,101,103,97,97,98,101,NA,94,NA,NA,NA,NA,NA,NA,NA,NA,NA,NA,NA,NA,NA,NA,NA,NA,NA,NA,NA,NA,NA,NA,NA,NA,NA,NA,NA,NA,NA,NA,NA,NA,NA,NA,NA,NA,NA,NA,NA,NA,NA,NA,NA,NA,NA,NA,NA,NA,NA,NA,NA,NA,NA,NA,NA,NA,NA,NA,NA,NA,NA,NA,NA,NA,NA,NA,NA,NA,NA,NA,NA,NA,NA,NA,NA,NA,NA,NA,NA,NA,NA,NA
NA,NA,NA,NA,NA,NA,NA,NA,NA,NA,NA,NA,NA,NA,NA,NA,NA,NA,NA,NA,NA,NA,NA,NA,NA,NA,NA,NA,NA,NA,NA,NA,NA,NA,NA,NA,NA,NA,NA,NA,NA,NA,NA,NA,NA,NA,NA,NA,NA,NA,NA,NA,NA,NA,NA,NA,NA,NA,NA,NA,NA,NA,NA,NA,NA,NA,NA,NA,NA,81,95,77,95,81,81,80,80,79,79,84,80,73,78,82,78,75,76,86,88,72,94,92,87,87,90,87,82,83,86,85,84,81,87,89,87,95,93,85,87,87,84,92,97,92,91,86,84,85,89,83,80,85,86,88,92,91,92,85,83,89,85,84,88,88,85,84,86,86,82,86,85,77,78,80,82,82,79,81,86,87,89,82,77,81,79,78,82,88,76,78,86,81,81,72,74,87,90,85,86,85,92,95,85,89,83,81,82,84,81,91,82,82,75,81,75,79,80,87,79,87,91,84,81,86,82,85,84,84,85,92,90,83,86,84,86,85,83,88,83,99,84,85,83,90,91,86,87,83,86,81,86,65,68,67,69,61,73,72,71,75,80,86,81,91,90,91,91,84,84,86,82,90,81,88,92,86,86,86,85,88,91,84,82,91,70,79,66,72,79,73,72,75,77,76,77,78,81,74,75,78,78,75,77,71,81,75,81,73,80,71,86,86,90,87,87,91,89,91,90,87,92,88,92,97,99,93,73,94,99,94,96,92,100,99,72,99,96,101,100,103,104,94,100,103,104,103,103,NA,NA,NA,NA,NA,NA,NA,NA,NA,NA,NA,NA,NA,NA,NA,NA,NA,NA,NA,NA,NA,NA,NA,NA,NA,NA,NA,NA,NA,NA,NA,NA,NA,NA,NA,NA,NA,NA,NA,NA,NA,NA,NA,NA,NA,NA,NA,NA,NA,NA,NA,NA,NA,NA,NA,NA,NA,NA,NA,NA,NA,NA,NA,NA,NA,NA,NA,NA,NA,NA,NA,NA,NA,NA,NA,NA,NA,NA,NA,NA,NA,NA,NA
NA,NA,NA,NA,NA,NA,NA,NA,NA,NA,NA,NA,NA,NA,NA,NA,NA,NA,NA,NA,NA,NA,NA,NA,NA,NA,NA,NA,NA,NA,NA,NA,NA,NA,NA,NA,NA,NA,NA,NA,NA,NA,NA,NA,NA,NA,NA,NA,NA,NA,NA,NA,NA,NA,NA,NA,NA,NA,NA,NA,NA,NA,NA,NA,NA,NA,NA,NA,81,85,80,85,82,82,85,80,83,80,76,77,79,75,76,75,77,78,78,83,87,84,73,95,97,87,96,87,83,83,83,82,84,81,91,90,87,87,88,87,84,94,90,92,87,92,87,85,88,83,90,90,76,86,83,84,87,86,87,91,90,88,87,85,85,86,88,89,86,84,83,79,87,78,86,83,89,91,88,88,87,82,89,79,84,78,82,78,78,85,85,82,81,80,79,75,78,87,81,88,86,82,85,87,86,88,89,79,81,83,79,77,85,80,77,75,76,79,79,76,90,78,89,93,80,87,90,93,86,80,88,88,75,85,90,91,82,85,85,83,86,80,90,90,87,89,84,85,87,78,66,86,69,68,70,71,65,66,67,70,69,71,84,84,97,86,81,92,82,87,85,91,91,89,90,88,88,94,96,87,98,89,94,84,89,91,83,76,85,69,81,71,82,85,78,74,78,77,75,77,75,75,75,73,77,76,80,81,81,88,94,96,75,90,86,84,87,92,94,92,88,91,93,92,88,98,94,94,92,73,75,77,95,94,96,97,99,96,100,96,101,101,104,101,98,99,101,102,103,96,NA,95,NA,NA,NA,NA,NA,NA,NA,NA,NA,NA,NA,NA,NA,NA,NA,NA,NA,NA,NA,NA,NA,NA,NA,NA,NA,NA,NA,NA,NA,NA,NA,NA,NA,NA,NA,NA,NA,NA,NA,NA,NA,NA,NA,NA,NA,NA,NA,NA,NA,NA,NA,NA,NA,NA,NA,NA,NA,NA,NA,NA,NA,NA,NA,NA,NA,NA,NA,NA,NA,NA,NA,NA,NA,NA,NA,NA,NA,NA,NA,NA
NA,NA,NA,NA,NA,NA,NA,NA,NA,NA,NA,NA,NA,NA,NA,NA,NA,NA,NA,NA,NA,NA,NA,NA,NA,NA,NA,NA,NA,NA,NA,NA,NA,NA,NA,NA,NA,NA,NA,NA,NA,NA,NA,NA,NA,NA,NA,NA,NA,NA,NA,NA,NA,NA,NA,NA,NA,NA,NA,NA,NA,NA,NA,NA,NA,NA,NA,NA,79,81,83,94,79,81,83,73,84,82,76,82,82,78,74,78,75,74,81,71,77,83,91,93,93,94,93,79,82,83,78,85,86,94,89,90,87,81,87,86,95,87,91,89,93,92,84,90,88,84,94,88,78,79,85,86,80,92,92,92,85,91,87,83,88,86,83,90,80,83,85,86,78,92,86,83,84,80,81,88,79,83,89,82,84,85,78,78,79,87,79,80,75,82,80,85,89,92,83,81,88,80,85,86,87,86,78,83,78,84,81,83,88,79,75,82,79,83,86,77,78,87,87,84,76,89,84,80,82,84,91,85,86,89,89,85,88,86,86,88,88,87,90,81,83,87,94,82,63,64,64,68,74,72,65,70,70,72,68,66,68,88,88,85,89,87,91,87,85,81,89,90,87,86,84,87,94,94,86,90,101,81,92,91,79,77,78,80,85,81,77,80,70,85,76,84,81,76,77,78,63,79,73,75,75,80,82,78,75,93,93,78,89,87,88,85,89,87,84,92,88,93,87,95,96,97,92,92,73,92,98,92,95,76,97,101,72,98,102,95,102,104,98,99,102,103,92,96,104,96,95,96,NA,NA,NA,NA,NA,NA,NA,NA,NA,NA,NA,NA,NA,NA,NA,NA,NA,NA,NA,NA,NA,NA,NA,NA,NA,NA,NA,NA,NA,NA,NA,NA,NA,NA,NA,NA,NA,NA,NA,NA,NA,NA,NA,NA,NA,NA,NA,NA,NA,NA,NA,NA,NA,NA,NA,NA,NA,NA,NA,NA,NA,NA,NA,NA,NA,NA,NA,NA,NA,NA,NA,NA,NA,NA,NA,NA,NA,NA,NA,NA
NA,NA,NA,NA,NA,NA,NA,NA,NA,NA,NA,NA,NA,NA,NA,NA,NA,NA,NA,NA,NA,NA,NA,NA,NA,NA,NA,NA,NA,NA,NA,NA,NA,NA,NA,NA,NA,NA,NA,NA,NA,NA,NA,NA,NA,NA,NA,NA,NA,NA,NA,NA,NA,NA,NA,NA,NA,NA,NA,NA,NA,NA,NA,NA,NA,NA,NA,NA,80,84,94,90,82,80,83,74,77,82,73,75,73,76,76,76,77,76,87,76,71,83,83,93,83,78,92,94,80,81,88,80,85,94,81,83,88,89,79,81,89,95,88,90,94,93,89,92,90,78,87,89,86,78,80,80,95,83,87,84,86,86,89,90,84,86,89,87,82,83,79,83,85,84,85,83,81,75,87,89,80,78,82,81,84,78,75,81,74,78,80,80,78,82,79,77,74,77,78,80,87,80,86,88,86,85,90,86,80,80,81,78,78,85,78,85,82,81,75,83,79,92,90,89,84,89,88,86,84,80,91,84,84,87,85,83,90,84,82,95,73,84,89,85,82,88,88,84,64,78,84,70,80,68,70,77,66,68,64,71,90,81,88,83,93,86,87,89,87,89,86,96,86,85,92,78,88,92,97,93,95,89,96,95,94,80,79,83,80,83,73,77,68,74,73,77,73,73,74,62,73,77,80,74,77,66,90,74,73,73,77,90,89,86,84,84,87,81,83,94,93,89,92,94,93,96,72,72,94,92,93,96,76,72,97,100,97,96,99,96,102,105,102,93,101,98,98,102,96,103,96,93,NA,100,NA,NA,NA,NA,NA,NA,NA,NA,NA,NA,NA,NA,NA,NA,NA,NA,NA,NA,NA,NA,NA,NA,NA,NA,NA,NA,NA,NA,NA,NA,NA,NA,NA,NA,NA,NA,NA,NA,NA,NA,NA,NA,NA,NA,NA,NA,NA,NA,NA,NA,NA,NA,NA,NA,NA,NA,NA,NA,NA,NA,NA,NA,NA,NA,NA,NA,NA,NA,NA,NA,NA,NA,NA,NA,NA,NA,NA,NA
NA,NA,NA,NA,NA,NA,NA,NA,NA,NA,NA,NA,NA,NA,NA,NA,NA,NA,NA,NA,NA,NA,NA,NA,NA,NA,NA,NA,NA,NA,NA,NA,NA,NA,NA,NA,NA,NA,NA,NA,NA,NA,NA,NA,NA,NA,NA,NA,NA,NA,NA,NA,NA,NA,NA,NA,NA,NA,NA,NA,NA,NA,92,95,93,99,NA,98,97,92,76,81,80,97,93,94,83,75,74,74,84,77,77,76,74,77,77,82,81,90,87,75,82,82,91,91,79,79,83,82,83,87,89,82,88,85,84,90,86,81,86,90,92,91,79,88,84,83,87,81,83,82,87,86,84,81,90,89,87,91,84,79,82,81,93,82,81,83,81,77,85,76,86,76,84,80,80,84,79,84,78,84,83,78,77,75,71,79,80,83,80,80,81,93,80,80,81,83,78,82,83,80,84,86,81,84,78,89,80,79,78,74,80,78,83,84,81,85,78,84,94,83,83,87,84,81,86,90,83,87,77,90,88,85,88,91,78,84,87,81,83,85,87,86,64,84,65,85,84,87,74,73,68,82,69,69,66,76,83,84,83,89,84,92,83,91,85,87,87,89,93,88,83,86,90,94,94,84,93,91,92,92,91,78,93,80,77,78,76,72,72,71,66,73,82,76,74,79,75,74,78,73,77,80,79,69,89,78,87,91,86,90,87,86,86,87,89,91,90,87,91,95,95,93,74,72,91,70,100,104,96,96,95,98,102,94,103,98,94,99,101,93,102,93,97,93,96,95,104,94,100,NA,NA,NA,NA,NA,NA,NA,NA,NA,NA,NA,NA,NA,NA,NA,NA,NA,NA,NA,NA,NA,NA,NA,NA,NA,NA,NA,NA,NA,NA,NA,NA,NA,NA,NA,NA,NA,NA,NA,NA,NA,NA,NA,NA,NA,NA,NA,NA,NA,NA,NA,NA,NA,NA,NA,NA,NA,NA,NA,NA,NA,NA,NA,NA,NA,NA,NA,NA,NA,NA,NA,NA,NA,NA,NA,NA,NA,NA,NA
NA,NA,NA,NA,NA,NA,NA,NA,NA,NA,NA,NA,NA,NA,NA,NA,NA,NA,NA,NA,NA,NA,NA,NA,NA,NA,NA,NA,NA,NA,NA,NA,NA,NA,NA,NA,NA,NA,NA,NA,NA,NA,NA,NA,NA,NA,NA,NA,NA,NA,NA,NA,NA,NA,NA,NA,NA,NA,NA,NA,NA,NA,NA,98,87,93,99,92,98,100,80,81,97,96,80,79,81,79,73,82,74,78,75,79,75,74,70,75,82,75,74,78,84,93,80,81,85,79,88,85,82,87,83,82,83,81,87,86,81,89,86,79,87,95,81,87,87,87,88,79,86,87,88,85,86,85,91,81,84,79,83,83,80,89,82,79,82,80,79,76,83,79,74,77,76,82,82,83,78,78,88,82,87,83,78,83,83,84,84,83,83,84,75,80,92,74,85,80,87,83,80,83,80,84,81,82,83,81,85,82,79,83,81,83,84,80,77,77,81,84,86,85,84,89,84,76,85,99,83,86,82,84,89,86,82,85,94,84,80,78,86,82,83,83,85,81,84,84,74,77,65,80,85,72,69,66,67,68,82,86,85,87,90,85,87,88,84,91,91,89,95,82,94,88,90,92,94,97,82,92,94,79,90,96,74,80,83,81,75,72,72,70,72,63,74,80,79,76,84,73,77,66,71,86,68,94,88,91,83,88,87,86,88,89,88,86,92,88,88,91,91,89,84,94,71,97,71,93,75,101,101,95,70,97,101,102,98,98,96,98,94,94,96,97,93,93,94,93,95,99,94,NA,NA,NA,NA,NA,NA,NA,NA,NA,NA,NA,NA,NA,NA,NA,NA,NA,NA,NA,NA,NA,NA,NA,NA,NA,NA,NA,NA,NA,NA,NA,NA,NA,NA,NA,NA,NA,NA,NA,NA,NA,NA,NA,NA,NA,NA,NA,NA,NA,NA,NA,NA,NA,NA,NA,NA,NA,NA,NA,NA,NA,NA,NA,NA,NA,NA,NA,NA,NA,NA,NA,NA,NA,NA,NA,NA,NA,NA,NA
NA,NA,NA,NA,NA,NA,NA,NA,NA,NA,NA,NA,NA,NA,NA,NA,NA,NA,NA,NA,NA,NA,NA,NA,NA,NA,NA,NA,NA,NA,NA,NA,NA,NA,NA,NA,NA,NA,NA,NA,NA,NA,NA,NA,NA,NA,NA,NA,NA,NA,NA,NA,NA,NA,NA,NA,NA,NA,NA,NA,NA,NA,NA,NA,99,95,99,98,94,100,92,96,81,97,96,80,83,103,80,83,82,96,79,74,75,71,75,74,78,76,75,73,71,83,75,71,81,82,86,85,81,84,81,82,90,91,83,89,83,90,84,90,86,86,89,90,80,82,82,80,84,84,78,88,89,82,84,75,85,84,87,87,84,78,82,81,79,78,75,83,80,82,79,80,82,82,82,79,70,77,82,89,77,80,78,78,76,79,75,83,80,75,88,77,77,94,77,87,98,83,81,83,80,82,90,88,80,82,79,74,76,85,79,81,82,79,79,83,85,83,87,88,90,89,78,86,83,91,86,79,89,83,88,92,83,82,92,91,62,65,80,81,88,68,84,84,76,81,67,83,67,74,84,63,74,64,66,71,79,80,83,79,86,84,86,90,91,87,85,87,87,85,91,90,87,95,95,88,92,91,96,96,90,73,85,78,73,73,75,73,76,62,61,72,73,79,69,69,82,69,85,79,82,91,92,90,90,74,88,89,93,88,82,84,86,88,86,86,90,93,91,72,91,94,72,71,76,95,96,96,99,97,99,94,102,104,103,96,102,94,94,92,96,93,93,96,95,93,95,93,98,NA,NA,NA,NA,NA,NA,NA,NA,NA,NA,NA,NA,NA,NA,NA,NA,NA,NA,NA,NA,NA,NA,NA,NA,NA,NA,NA,NA,NA,NA,NA,NA,NA,NA,NA,NA,NA,NA,NA,NA,NA,NA,NA,NA,NA,NA,NA,NA,NA,NA,NA,NA,NA,NA,NA,NA,NA,NA,NA,NA,NA,NA,NA,NA,NA,NA,NA,NA,NA,NA,NA,NA,NA,NA,NA,NA,NA,NA,NA
NA,NA,NA,NA,NA,NA,NA,NA,NA,NA,NA,NA,NA,NA,NA,NA,NA,NA,NA,NA,NA,NA,NA,NA,NA,NA,NA,NA,NA,NA,NA,NA,NA,NA,NA,NA,NA,NA,NA,NA,NA,NA,NA,NA,NA,NA,NA,NA,NA,NA,NA,NA,NA,NA,NA,NA,NA,NA,NA,NA,NA,NA,NA,88,NA,96,97,98,76,99,95,92,79,93,83,81,82,82,103,76,76,73,74,76,73,74,79,75,75,79,73,75,85,71,86,77,87,83,85,83,85,82,79,87,87,81,84,79,88,84,84,89,81,85,87,82,78,90,82,82,93,78,86,85,86,86,86,85,92,85,81,81,90,85,79,81,79,79,78,83,82,77,80,81,86,82,87,83,81,89,74,71,78,86,85,77,81,75,80,78,79,83,79,81,95,88,81,85,78,83,79,85,91,86,86,79,83,86,82,84,75,74,81,88,84,80,82,81,83,87,92,84,88,85,81,77,89,88,85,78,88,86,78,84,86,85,82,85,66,65,82,82,89,82,78,87,76,83,70,69,77,85,87,69,71,81,77,83,87,83,89,79,85,89,84,79,89,84,81,88,80,84,86,86,83,91,92,92,93,91,79,78,89,76,84,79,74,75,81,74,68,82,74,75,79,75,72,72,70,71,66,83,65,90,85,90,88,88,91,91,66,89,82,82,83,84,89,84,90,90,94,92,71,71,73,73,94,71,98,98,73,99,90,99,101,103,102,102,103,99,93,90,97,93,94,92,91,95,95,99,93,NA,NA,NA,NA,NA,NA,NA,NA,NA,NA,NA,NA,NA,NA,NA,NA,NA,NA,NA,NA,NA,NA,NA,NA,NA,NA,NA,NA,NA,NA,NA,NA,NA,NA,NA,NA,NA,NA,NA,NA,NA,NA,NA,NA,NA,NA,NA,NA,NA,NA,NA,NA,NA,NA,NA,NA,NA,NA,NA,NA,NA,NA,NA,NA,NA,NA,NA,NA,NA,NA,NA,NA,NA,NA,NA,NA,NA,NA,NA
NA,NA,NA,NA,NA,NA,NA,NA,NA,NA,NA,NA,NA,NA,NA,NA,NA,NA,NA,NA,NA,NA,NA,NA,NA,NA,NA,NA,NA,NA,NA,NA,NA,NA,NA,NA,NA,NA,NA,NA,NA,NA,NA,NA,NA,NA,NA,NA,NA,NA,NA,NA,NA,NA,NA,NA,NA,NA,NA,NA,NA,NA,88,86,88,98,96,81,95,98,83,95,93,95,82,83,96,81,93,91,102,76,99,73,73,75,79,76,80,86,79,77,76,87,90,87,84,79,87,86,81,77,76,88,81,84,90,82,83,79,86,86,77,77,78,88,85,84,81,80,83,91,73,85,84,88,77,83,81,86,87,82,80,77,80,79,84,84,78,76,71,80,82,77,78,87,78,80,83,73,78,74,76,85,76,83,81,82,79,77,80,81,72,87,73,91,91,86,85,92,87,80,86,77,83,88,81,80,81,68,78,72,74,75,77,81,75,80,80,82,79,84,74,79,81,92,81,87,92,84,84,78,83,78,86,89,78,78,81,81,82,85,84,88,86,82,80,64,67,75,70,82,81,67,67,83,71,84,84,82,81,88,89,84,82,85,83,89,87,85,93,90,92,86,83,84,91,92,92,91,72,80,75,74,84,82,73,76,67,83,81,79,76,72,73,78,78,75,78,68,75,72,87,70,72,86,90,90,81,89,91,90,85,90,90,88,88,89,87,98,89,69,98,72,74,96,76,70,98,96,74,94,100,92,100,100,101,100,98,97,100,93,93,92,94,95,95,99,99,96,99,NA,NA,NA,NA,NA,NA,NA,NA,NA,NA,NA,NA,NA,NA,NA,NA,NA,NA,NA,NA,NA,NA,NA,NA,NA,NA,NA,NA,NA,NA,NA,NA,NA,NA,NA,NA,NA,NA,NA,NA,NA,NA,NA,NA,NA,NA,NA,NA,NA,NA,NA,NA,NA,NA,NA,NA,NA,NA,NA,NA,NA,NA,NA,NA,NA,NA,NA,NA,NA,NA,NA,NA,NA,NA,NA,NA,NA,NA,NA
NA,NA,NA,NA,NA,NA,NA,NA,NA,NA,NA,NA,NA,NA,NA,NA,NA,NA,NA,NA,NA,NA,NA,NA,NA,NA,NA,NA,NA,NA,NA,NA,NA,NA,NA,NA,NA,NA,NA,NA,NA,NA,NA,NA,NA,NA,NA,NA,NA,NA,NA,NA,NA,NA,NA,91,88,NA,NA,NA,87,87,85,88,85,98,84,77,96,95,77,85,95,99,81,95,96,83,76,82,83,101,104,80,79,78,81,75,76,81,76,78,81,83,72,83,83,87,86,80,83,81,79,85,75,83,80,83,78,82,88,89,85,86,81,85,88,80,82,80,84,76,88,91,88,78,81,87,84,80,88,77,86,75,79,83,78,83,76,77,83,80,86,81,69,79,90,83,74,83,80,83,80,77,78,78,80,79,87,79,89,82,85,92,98,81,84,88,81,76,82,84,82,78,78,90,80,82,85,80,79,79,73,77,80,77,83,83,77,83,83,77,75,84,76,82,79,91,86,82,89,72,86,89,80,69,91,81,77,80,88,85,83,88,82,65,86,79,83,70,81,80,79,69,63,89,86,82,88,85,84,68,82,84,84,92,87,81,83,85,85,82,84,90,95,96,84,95,91,95,74,75,74,72,80,78,76,78,82,61,75,75,73,59,61,76,74,80,75,73,73,86,69,83,86,83,82,82,68,89,92,87,86,85,87,88,89,89,86,91,69,93,71,73,72,76,96,94,95,72,90,93,102,100,102,104,98,96,97,88,92,91,95,90,93,102,100,99,97,99,99,99,99,100,100,NA,NA,NA,NA,NA,NA,NA,NA,NA,NA,NA,NA,NA,NA,NA,NA,NA,NA,NA,NA,NA,NA,NA,NA,NA,NA,NA,NA,NA,NA,NA,NA,NA,NA,NA,NA,NA,NA,NA,NA,NA,NA,NA,NA,NA,NA,NA,NA,NA,NA,NA,NA,NA,NA,NA,NA,NA,NA,NA,NA,NA,NA,NA,NA,NA,NA,NA,NA,NA,NA,NA,NA,NA,NA,NA
NA,NA,NA,NA,NA,NA,NA,NA,NA,NA,NA,NA,NA,NA,NA,NA,NA,NA,NA,NA,NA,NA,NA,NA,NA,NA,NA,NA,NA,NA,NA,NA,NA,NA,NA,NA,NA,NA,NA,NA,NA,NA,NA,NA,NA,NA,NA,NA,NA,NA,NA,NA,NA,NA,92,92,89,NA,87,86,84,87,87,88,87,88,96,90,77,96,80,77,84,93,99,100,92,92,83,98,78,82,76,103,98,76,79,70,77,72,73,77,85,71,80,82,81,71,82,83,80,77,80,80,84,81,81,81,82,79,86,81,87,88,79,92,88,86,82,79,85,75,82,86,89,85,85,87,82,81,86,81,77,82,83,82,80,84,85,73,78,83,78,85,71,75,74,72,88,70,77,84,72,82,79,79,80,72,79,80,81,85,79,84,94,102,85,81,86,88,79,81,79,81,81,82,71,79,74,86,79,84,74,79,82,84,79,70,82,82,79,80,86,72,76,81,80,91,82,85,89,84,80,91,87,70,92,65,90,80,87,92,82,80,86,80,83,72,70,65,69,63,80,61,80,85,77,76,84,85,82,86,87,86,82,83,83,84,86,84,80,87,84,91,81,84,91,93,92,81,75,74,82,70,76,75,66,67,74,66,64,65,74,72,77,77,76,77,65,74,90,89,72,91,90,85,90,86,86,87,87,83,87,68,83,89,88,86,93,91,93,93,70,73,75,90,97,93,96,94,99,96,100,101,101,104,100,91,93,93,91,92,92,99,95,97,97,98,99,100,100,98,93,99,98,NA,NA,NA,NA,NA,NA,NA,NA,NA,NA,NA,NA,NA,NA,NA,NA,NA,NA,NA,NA,NA,NA,NA,NA,NA,NA,NA,NA,NA,NA,NA,NA,NA,NA,NA,NA,NA,NA,NA,NA,NA,NA,NA,NA,NA,NA,NA,NA,NA,NA,NA,NA,NA,NA,NA,NA,NA,NA,NA,NA,NA,NA,NA,NA,NA,NA,NA,NA,NA,NA,NA,NA,NA,NA,NA
NA,NA,NA,NA,NA,NA,NA,NA,NA,NA,NA,NA,NA,NA,NA,NA,NA,NA,NA,NA,NA,NA,NA,NA,NA,NA,NA,NA,NA,NA,NA,NA,NA,NA,NA,NA,NA,NA,NA,NA,NA,NA,NA,NA,NA,NA,NA,NA,NA,NA,NA,NA,NA,NA,87,90,87,89,84,80,81,87,86,76,84,85,89,90,91,79,95,79,95,99,81,85,98,96,94,94,100,78,78,78,100,77,77,82,73,81,79,73,88,75,81,81,81,73,81,79,81,82,82,78,82,83,81,81,77,88,81,87,82,80,84,92,81,91,80,80,87,84,81,90,83,88,80,79,84,87,88,84,81,84,86,81,79,82,74,77,78,76,82,82,69,88,77,70,78,86,85,84,86,79,76,83,76,78,81,77,86,82,88,80,92,101,93,79,81,82,74,81,82,76,83,78,78,81,80,76,76,82,75,77,83,78,79,77,76,81,79,84,85,87,80,82,80,86,86,95,83,86,82,82,66,91,68,73,82,87,64,85,83,90,81,78,82,83,82,84,77,62,78,63,85,80,81,77,85,83,82,80,89,71,90,81,89,86,91,83,85,85,83,81,93,98,97,92,90,97,91,76,76,74,73,81,63,69,76,77,57,65,57,73,64,71,80,67,66,68,84,89,80,84,89,86,88,87,87,90,80,79,84,86,91,89,92,91,95,71,69,74,73,95,74,93,94,72,94,96,95,97,94,103,101,101,87,92,93,93,88,92,101,98,98,98,98,101,91,101,95,92,96,98,96,NA,NA,NA,NA,NA,NA,NA,NA,NA,NA,NA,NA,NA,NA,NA,NA,NA,NA,NA,NA,NA,NA,NA,NA,NA,NA,NA,NA,NA,NA,NA,NA,NA,NA,NA,NA,NA,NA,NA,NA,NA,NA,NA,NA,NA,NA,NA,NA,NA,NA,NA,NA,NA,NA,NA,NA,NA,NA,NA,NA,NA,NA,NA,NA,NA,NA,NA,NA,NA,NA,NA,NA,NA,NA,NA
NA,NA,NA,NA,NA,NA,NA,NA,NA,NA,NA,NA,NA,NA,NA,NA,NA,NA,NA,NA,NA,NA,NA,NA,NA,NA,NA,NA,NA,NA,NA,NA,NA,NA,NA,NA,NA,NA,NA,NA,NA,NA,NA,NA,NA,NA,NA,NA,NA,NA,NA,NA,NA,NA,NA,87,86,85,85,86,80,86,84,86,80,89,88,82,82,90,77,76,85,84,99,84,87,93,93,98,86,86,92,80,101,80,95,95,83,75,78,73,73,73,75,71,74,76,74,80,74,83,81,81,84,80,80,80,82,87,90,86,87,85,81,88,83,81,85,88,83,92,84,73,85,84,81,83,88,78,84,87,83,83,87,80,79,80,80,81,82,81,79,86,82,79,78,71,86,91,94,80,90,76,77,79,72,73,79,77,71,80,94,78,74,80,93,80,82,89,84,81,77,78,80,80,82,75,83,78,79,77,77,78,79,77,84,74,84,78,87,81,79,87,87,83,81,80,81,83,87,66,83,79,75,66,85,80,78,78,85,85,85,88,85,75,80,62,81,85,63,86,69,81,84,77,79,86,83,91,83,86,82,81,91,88,87,74,85,83,95,87,79,93,88,93,91,96,90,89,78,84,78,65,78,67,70,77,76,74,70,71,72,63,74,76,70,71,69,69,71,70,88,88,88,88,86,86,90,81,80,83,87,85,87,87,94,84,90,89,76,97,77,75,100,92,95,94,96,97,96,95,101,102,101,102,100,91,91,92,92,94,98,100,95,94,99,97,101,92,100,101,90,82,96,96,84,NA,NA,NA,NA,NA,NA,NA,NA,NA,NA,NA,NA,NA,NA,NA,NA,NA,NA,NA,NA,NA,NA,NA,NA,NA,NA,NA,NA,NA,NA,NA,NA,NA,NA,NA,NA,NA,NA,NA,NA,NA,NA,NA,NA,NA,NA,NA,NA,NA,NA,NA,NA,NA,NA,NA,NA,NA,NA,NA,NA,NA,NA,NA,NA,NA,NA,NA,NA,NA,NA,NA,NA,NA
NA,NA,NA,NA,NA,NA,NA,NA,NA,NA,NA,NA,NA,NA,NA,NA,NA,NA,NA,NA,NA,NA,NA,NA,NA,NA,NA,NA,NA,NA,NA,NA,NA,NA,NA,NA,NA,NA,NA,NA,NA,NA,NA,NA,NA,NA,NA,NA,NA,NA,NA,NA,NA,NA,86,85,93,89,91,84,86,72,72,85,77,78,85,85,83,89,76,81,82,84,94,79,78,96,90,97,99,95,100,79,97,78,76,85,92,75,77,82,78,73,69,71,74,76,79,78,79,82,80,81,82,79,80,83,82,90,88,89,90,85,87,90,88,81,81,86,87,81,89,85,79,83,79,75,79,76,86,84,86,80,77,91,78,76,81,79,81,76,79,80,85,78,75,85,83,92,93,74,84,86,76,84,79,75,79,84,82,81,78,90,81,82,78,76,85,78,90,82,81,81,80,81,78,83,83,85,81,77,83,72,85,77,74,81,76,76,80,81,84,83,87,80,79,91,84,79,83,83,85,79,78,82,92,78,82,81,71,93,79,79,78,80,58,75,73,84,60,88,76,82,82,77,78,82,86,71,85,90,80,86,80,82,83,85,86,89,84,82,83,79,92,87,90,78,82,96,78,80,73,83,70,70,75,76,72,67,71,72,59,76,72,74,65,73,66,72,75,80,87,85,89,87,87,83,83,81,84,88,88,92,87,96,90,91,89,88,72,77,70,95,71,89,73,97,97,70,96,99,97,97,87,93,91,100,92,90,86,92,97,99,92,94,99,103,97,99,99,81,100,84,78,96,NA,NA,81,NA,NA,NA,NA,NA,NA,NA,NA,NA,NA,NA,NA,NA,NA,NA,NA,NA,NA,NA,NA,NA,NA,NA,NA,NA,NA,NA,NA,NA,NA,NA,NA,NA,NA,NA,NA,NA,NA,NA,NA,NA,NA,NA,NA,NA,NA,NA,NA,NA,NA,NA,NA,NA,NA,NA,NA,NA,NA,NA,NA,NA,NA,NA,NA,NA,NA,NA,NA,NA,NA,NA
NA,NA,NA,NA,NA,NA,NA,NA,NA,NA,NA,NA,NA,NA,NA,NA,NA,NA,NA,NA,NA,NA,NA,NA,NA,NA,NA,NA,NA,NA,NA,NA,NA,NA,NA,NA,NA,NA,NA,NA,NA,NA,NA,NA,NA,NA,NA,NA,NA,NA,NA,83,83,85,85,90,83,84,90,83,86,85,79,73,72,83,85,82,82,82,86,80,82,82,91,93,83,93,98,93,98,97,94,93,77,97,86,82,77,73,75,78,78,77,83,74,72,71,73,79,78,76,78,78,84,82,75,81,82,84,85,92,85,86,78,86,81,89,80,86,88,82,80,81,80,81,82,80,92,75,86,84,79,89,93,86,77,82,86,81,83,72,77,78,77,83,80,89,87,88,89,84,78,84,74,76,83,72,73,81,82,81,88,94,75,88,81,85,84,82,83,79,80,87,81,84,76,82,78,84,77,85,80,69,75,72,80,84,82,82,82,80,76,84,93,81,87,80,84,95,95,92,89,70,82,86,70,74,65,89,83,87,85,91,83,77,66,79,81,79,78,81,81,81,84,83,80,88,70,90,85,82,76,78,88,70,85,86,87,85,88,87,80,90,91,81,93,83,93,89,90,75,78,69,81,68,79,79,72,60,72,69,70,74,73,71,71,70,67,81,71,92,89,87,84,86,90,86,82,83,83,83,85,84,87,88,86,89,90,89,74,71,90,76,92,100,93,92,71,94,89,100,91,100,88,104,99,90,92,99,97,96,96,92,98,92,100,102,100,103,97,98,84,99,82,82,82,85,80,81,NA,NA,NA,NA,NA,NA,NA,NA,NA,NA,NA,NA,NA,NA,NA,NA,NA,NA,NA,NA,NA,NA,NA,NA,NA,NA,NA,NA,NA,NA,NA,NA,NA,NA,NA,NA,NA,NA,NA,NA,NA,NA,NA,NA,NA,NA,NA,NA,NA,NA,NA,NA,NA,NA,NA,NA,NA,NA,NA,NA,NA,NA,NA,NA,NA,NA,NA,NA,NA,NA
NA,NA,NA,NA,NA,NA,NA,NA,NA,NA,NA,NA,NA,NA,NA,NA,NA,NA,NA,NA,NA,NA,NA,NA,NA,NA,NA,NA,NA,NA,NA,NA,NA,NA,NA,NA,NA,NA,NA,NA,NA,NA,NA,NA,NA,NA,NA,NA,NA,NA,NA,NA,85,85,84,84,82,87,87,86,85,84,80,82,71,77,79,83,88,88,82,82,83,81,83,98,73,96,87,97,92,96,94,99,83,83,76,82,77,79,75,81,78,83,78,81,74,77,83,80,71,77,83,79,79,80,83,83,84,87,77,83,90,86,87,94,80,76,83,78,70,80,86,85,80,88,88,85,76,72,81,78,92,90,86,78,85,73,80,80,77,76,74,89,88,90,90,81,84,82,70,77,76,81,87,84,80,79,78,81,74,75,78,98,89,76,85,79,77,81,89,88,79,82,81,82,76,80,77,79,74,88,82,74,78,82,85,84,80,83,83,76,85,83,81,88,80,84,83,83,78,89,79,78,81,84,70,73,69,80,82,83,85,83,82,68,60,75,83,85,86,79,83,84,88,87,84,84,70,80,90,84,87,87,84,79,96,88,82,83,90,80,86,89,78,88,88,98,92,79,75,74,86,65,72,65,63,75,73,74,70,66,71,75,69,81,63,68,80,77,88,68,67,75,85,79,83,80,83,92,87,87,73,86,80,82,90,73,90,69,75,76,76,79,80,73,73,74,95,94,92,91,95,94,89,93,92,91,94,99,96,90,100,98,99,94,100,92,96,82,82,79,99,78,92,86,91,78,79,81,82,NA,NA,NA,NA,NA,NA,NA,NA,NA,NA,NA,NA,NA,NA,NA,NA,NA,NA,NA,NA,NA,NA,NA,NA,NA,NA,NA,NA,NA,NA,NA,NA,NA,NA,NA,NA,NA,NA,NA,NA,NA,NA,NA,NA,NA,NA,NA,NA,NA,NA,NA,NA,NA,NA,NA,NA,NA,NA,NA,NA,NA,NA,NA,NA,NA,NA,NA,NA,NA
NA,NA,NA,NA,NA,NA,NA,NA,NA,NA,NA,NA,NA,NA,NA,NA,NA,NA,NA,NA,NA,NA,NA,NA,NA,NA,NA,NA,NA,NA,NA,NA,NA,NA,NA,NA,NA,NA,NA,NA,NA,NA,NA,NA,NA,NA,NA,NA,NA,NA,85,86,85,86,82,88,82,85,79,87,79,85,82,82,83,86,77,84,84,80,82,82,84,82,87,85,98,82,99,94,92,95,95,95,100,81,83,94,83,87,84,85,79,80,82,79,87,88,85,84,70,77,77,75,81,78,81,81,85,87,84,81,81,84,82,79,83,87,83,85,85,78,89,88,79,88,83,78,78,81,93,80,74,82,73,81,82,87,83,79,83,80,95,94,93,74,75,79,93,88,88,77,87,77,80,84,77,81,81,76,79,74,81,95,87,90,92,79,81,81,86,77,80,84,82,84,90,79,73,87,70,78,82,78,82,83,85,77,76,81,72,80,77,84,88,84,84,81,85,89,86,79,92,81,78,86,76,72,65,77,84,91,94,87,84,64,82,77,89,91,82,87,91,82,81,85,83,77,84,88,85,91,81,86,85,83,93,75,87,92,82,80,82,89,79,91,90,85,85,82,79,72,84,76,65,72,66,58,69,73,79,72,70,70,69,74,67,79,71,81,74,79,76,91,83,87,81,86,83,89,82,81,82,78,89,90,69,71,72,74,72,75,70,79,77,75,76,86,91,94,89,91,90,91,94,90,91,91,93,93,96,92,91,94,94,94,89,94,92,81,96,79,81,81,84,84,79,76,76,80,82,NA,NA,NA,NA,NA,NA,NA,NA,NA,NA,NA,NA,NA,NA,NA,NA,NA,NA,NA,NA,NA,NA,NA,NA,NA,NA,NA,NA,NA,NA,NA,NA,NA,NA,NA,NA,NA,NA,NA,NA,NA,NA,NA,NA,NA,NA,NA,NA,NA,NA,NA,NA,NA,NA,NA,NA,NA,NA,NA,NA,NA,NA,NA,NA,NA,NA,NA,NA,NA
NA,NA,NA,NA,NA,NA,NA,NA,NA,NA,NA,NA,NA,NA,NA,NA,NA,NA,NA,NA,NA,NA,NA,NA,NA,NA,NA,NA,NA,NA,NA,NA,NA,NA,NA,NA,NA,NA,NA,NA,NA,NA,NA,NA,NA,NA,NA,NA,NA,NA,85,86,85,87,87,88,83,87,85,84,82,85,69,88,86,84,75,83,84,83,77,84,81,81,82,87,79,97,84,91,85,91,97,97,93,83,83,81,85,76,77,74,75,76,79,75,75,76,87,86,76,74,79,79,80,77,85,81,84,85,81,84,90,86,84,84,82,84,85,87,79,83,75,89,76,77,77,74,82,77,86,80,80,76,89,81,79,85,83,81,74,76,83,71,77,76,90,82,80,79,93,81,78,83,71,80,92,81,72,74,76,82,74,90,84,95,88,92,88,89,84,84,74,81,77,86,85,77,76,76,82,76,88,75,82,80,81,79,71,73,76,79,76,83,82,84,88,81,87,85,87,88,91,91,85,66,70,73,65,64,69,86,66,83,66,61,78,79,84,83,84,91,73,86,80,83,86,73,92,86,86,80,83,81,83,73,78,87,77,79,76,91,90,93,81,91,87,75,79,76,78,71,78,71,76,76,60,78,78,64,71,71,77,76,69,68,80,76,71,72,82,62,80,82,82,89,81,82,62,88,84,85,85,83,95,83,69,70,71,68,72,76,80,92,71,73,90,92,85,86,96,91,92,91,93,95,90,96,90,92,92,96,96,93,90,95,99,94,93,97,81,78,84,77,82,77,85,77,83,89,88,87,NA,NA,NA,NA,NA,NA,NA,NA,NA,NA,NA,NA,NA,NA,NA,NA,NA,NA,NA,NA,NA,NA,NA,NA,NA,NA,NA,NA,NA,NA,NA,NA,NA,NA,NA,NA,NA,NA,NA,NA,NA,NA,NA,NA,NA,NA,NA,NA,NA,NA,NA,NA,NA,NA,NA,NA,NA,NA,NA,NA,NA,NA,NA,NA,NA,NA,NA,NA
NA,NA,NA,NA,NA,NA,NA,NA,NA,NA,NA,NA,NA,NA,NA,NA,NA,NA,NA,NA,NA,NA,NA,NA,NA,NA,NA,NA,NA,NA,NA,NA,NA,NA,NA,NA,NA,NA,NA,NA,NA,NA,NA,NA,NA,NA,NA,NA,NA,NA,NA,86,88,87,88,87,86,82,80,85,80,85,83,68,88,86,79,84,83,86,84,86,80,87,81,85,79,94,78,83,91,84,94,77,93,89,84,90,85,77,77,77,75,76,72,79,80,84,73,80,77,78,76,78,79,81,77,80,83,81,87,88,87,84,79,80,77,77,87,78,77,89,78,87,83,80,79,72,80,78,86,79,84,82,86,79,85,76,87,85,84,83,82,79,80,78,85,84,86,81,90,85,83,75,82,86,88,80,81,73,76,73,76,71,70,85,89,91,77,83,93,90,78,84,84,71,89,80,75,76,80,70,75,71,79,84,78,84,82,81,83,81,84,77,85,80,81,81,82,84,78,89,76,90,67,70,67,71,65,65,66,83,91,76,62,83,74,77,78,83,81,89,81,84,81,93,86,81,85,86,86,74,84,84,86,87,83,89,85,92,84,89,68,85,77,79,75,74,70,77,73,74,81,73,73,64,73,69,67,64,74,75,69,75,64,65,70,77,69,82,80,74,81,87,82,84,80,86,80,85,88,93,89,79,84,95,82,66,69,72,72,69,74,71,73,67,93,90,98,89,91,92,91,92,88,95,96,97,98,90,93,100,101,94,94,93,92,93,97,99,97,78,75,81,77,77,79,81,72,83,82,89,86,NA,NA,NA,NA,NA,NA,NA,NA,NA,NA,NA,NA,NA,NA,NA,NA,NA,NA,NA,NA,NA,NA,NA,NA,NA,NA,NA,NA,NA,NA,NA,NA,NA,NA,NA,NA,NA,NA,NA,NA,NA,NA,NA,NA,NA,NA,NA,NA,NA,NA,NA,NA,NA,NA,NA,NA,NA,NA,NA,NA,NA,NA,NA,NA,NA,NA,NA
NA,NA,NA,NA,NA,NA,NA,NA,NA,NA,NA,NA,NA,NA,NA,NA,NA,NA,NA,NA,NA,NA,NA,NA,NA,NA,NA,NA,NA,NA,NA,NA,NA,NA,NA,NA,NA,NA,NA,NA,NA,NA,NA,NA,NA,NA,NA,NA,NA,NA,NA,83,83,88,88,85,85,87,77,81,83,79,83,69,84,82,85,81,87,83,83,84,81,80,87,81,76,80,93,94,80,87,92,90,78,94,91,78,85,87,80,78,80,81,79,79,69,85,78,80,81,76,80,80,84,79,77,77,83,81,86,80,83,94,80,83,85,84,86,84,82,81,80,73,73,86,81,74,72,84,77,93,88,86,91,85,77,90,89,75,81,83,81,80,77,79,75,80,93,85,82,79,85,83,76,81,82,74,81,85,77,79,75,76,95,76,71,78,84,82,80,85,78,85,85,72,75,76,81,79,77,77,69,73,80,76,84,70,77,79,84,78,77,77,79,78,82,84,83,89,79,91,79,78,68,71,72,81,82,66,77,76,67,74,83,83,77,79,57,84,89,89,86,88,82,89,81,87,79,79,82,81,81,85,84,81,86,80,68,75,75,93,69,86,77,74,80,80,80,81,78,73,70,70,70,67,82,75,61,60,74,69,64,72,66,66,73,73,77,74,74,74,82,83,77,77,87,83,89,84,84,92,82,86,88,71,83,83,86,72,89,96,76,77,67,93,90,95,95,95,93,93,93,87,95,93,98,90,95,92,89,83,91,90,93,91,92,92,91,76,92,89,79,79,82,75,80,77,84,86,85,86,85,NA,NA,NA,NA,NA,NA,NA,NA,NA,NA,NA,NA,NA,NA,NA,NA,NA,NA,NA,NA,NA,NA,NA,NA,NA,NA,NA,NA,NA,NA,NA,NA,NA,NA,NA,NA,NA,NA,NA,NA,NA,NA,NA,NA,NA,NA,NA,NA,NA,NA,NA,NA,NA,NA,NA,NA,NA,NA,NA,NA,NA,NA,NA,NA,NA,NA,NA
NA,NA,NA,NA,NA,NA,NA,NA,NA,NA,NA,NA,NA,NA,NA,NA,NA,NA,NA,NA,NA,NA,NA,NA,NA,NA,NA,NA,NA,NA,NA,NA,NA,NA,NA,NA,NA,NA,NA,NA,NA,NA,NA,NA,NA,NA,NA,NA,NA,NA,NA,83,81,81,88,82,85,84,81,76,80,74,81,76,81,81,80,82,82,83,83,90,80,79,82,75,76,78,93,93,93,82,75,80,88,90,77,96,76,82,93,85,81,77,79,73,76,79,79,77,70,82,78,78,77,74,82,74,77,86,83,84,79,87,97,84,88,81,77,87,85,82,83,78,76,84,83,76,84,86,91,83,82,75,81,77,89,79,83,81,85,77,83,78,90,77,81,72,81,81,83,79,82,79,68,80,83,80,87,84,79,80,80,86,82,87,80,74,79,86,88,81,87,86,83,78,86,91,85,81,79,70,83,85,71,80,75,78,85,84,79,71,80,82,74,85,87,82,84,86,80,81,84,67,61,71,78,84,75,89,88,82,74,60,82,76,86,81,83,69,82,86,87,76,83,82,82,80,84,84,83,83,84,88,78,85,78,74,75,83,87,70,72,75,74,87,82,79,77,63,75,59,65,73,62,68,70,75,62,72,66,62,67,64,61,66,77,63,74,70,68,62,81,85,81,82,79,83,81,83,90,87,81,82,68,80,82,76,74,93,74,96,82,85,95,91,91,91,88,90,90,90,89,90,94,95,90,92,86,92,93,94,91,93,92,89,92,93,82,92,77,81,77,78,78,81,85,71,73,84,85,84,77,80,NA,NA,NA,NA,NA,NA,NA,NA,NA,NA,NA,NA,NA,NA,NA,NA,NA,NA,NA,NA,NA,NA,NA,NA,NA,NA,NA,NA,NA,NA,NA,NA,NA,NA,NA,NA,NA,NA,NA,NA,NA,NA,NA,NA,NA,NA,NA,NA,NA,NA,NA,NA,NA,NA,NA,NA,NA,NA,NA,NA,NA,NA,NA,NA,NA,NA
NA,NA,NA,NA,NA,NA,NA,NA,NA,NA,NA,NA,NA,NA,NA,NA,NA,NA,NA,NA,NA,NA,NA,NA,NA,NA,NA,NA,NA,NA,NA,NA,NA,NA,NA,NA,NA,NA,NA,NA,NA,NA,NA,NA,NA,NA,NA,NA,NA,81,NA,NA,82,81,90,90,76,80,80,80,81,84,74,81,83,86,86,85,77,82,67,89,85,82,81,82,75,78,79,77,94,94,95,80,89,91,91,97,77,79,77,79,78,73,76,77,80,82,72,71,78,69,78,78,77,74,73,78,82,85,82,75,81,86,90,82,84,76,79,86,85,85,79,80,87,81,79,76,74,83,88,83,86,76,74,73,88,80,80,83,84,79,79,88,80,84,72,74,82,64,79,83,81,81,81,80,78,85,75,74,80,79,83,82,80,87,76,83,87,77,76,75,84,82,88,78,76,74,82,81,71,73,74,86,70,75,81,77,80,83,89,79,79,73,82,78,88,80,86,80,80,75,84,81,64,69,69,78,67,85,82,86,82,84,78,76,88,81,77,76,89,80,89,83,69,74,85,82,90,85,82,88,84,80,86,72,83,83,80,85,83,81,71,74,80,89,74,78,74,77,64,71,65,72,67,74,72,60,67,68,73,62,69,71,73,63,76,72,68,65,80,77,79,81,64,85,83,87,72,76,89,85,78,72,81,72,77,79,74,95,70,72,83,75,94,89,91,89,93,89,91,86,88,87,95,95,88,90,93,93,90,91,88,91,92,91,91,92,94,78,81,79,79,77,75,77,81,80,85,85,80,84,80,83,NA,NA,NA,NA,NA,NA,NA,NA,NA,NA,NA,NA,NA,NA,NA,NA,NA,NA,NA,NA,NA,NA,NA,NA,NA,NA,NA,NA,NA,NA,NA,NA,NA,NA,NA,NA,NA,NA,NA,NA,NA,NA,NA,NA,NA,NA,NA,NA,NA,NA,NA,NA,NA,NA,NA,NA,NA,NA,NA,NA,NA,NA,NA,NA,NA,NA
NA,NA,NA,NA,NA,NA,NA,NA,NA,NA,NA,NA,NA,NA,NA,NA,NA,NA,NA,NA,NA,NA,NA,NA,NA,NA,NA,NA,NA,NA,NA,NA,NA,NA,NA,NA,NA,NA,NA,NA,NA,NA,NA,NA,77,77,76,NA,NA,85,85,83,80,83,80,81,81,75,81,82,78,79,80,72,74,85,86,83,85,83,83,79,82,82,79,84,80,75,79,79,74,78,93,95,97,96,90,95,97,86,82,97,96,79,74,79,74,81,78,83,77,82,77,79,82,82,66,76,78,72,91,85,82,85,88,78,90,91,75,90,81,75,76,86,71,78,82,74,75,78,85,86,85,73,71,78,88,79,87,80,79,77,86,88,77,76,73,79,82,72,69,76,88,84,78,85,77,80,78,84,83,80,78,79,79,83,85,85,89,82,90,80,82,81,80,81,70,71,71,82,86,72,70,79,83,77,81,86,80,72,78,85,83,79,84,80,76,76,80,80,87,82,73,63,83,72,70,77,85,90,74,90,83,87,77,75,75,84,74,84,66,78,85,78,86,78,88,79,80,84,88,76,84,81,81,86,87,75,80,86,83,76,87,77,72,73,71,87,74,71,70,69,73,68,71,66,76,59,64,63,62,74,69,67,70,72,76,66,75,68,66,82,80,85,91,85,75,87,84,77,72,77,72,74,71,74,79,72,91,88,71,78,71,90,89,90,91,99,90,87,85,90,92,93,93,96,92,92,92,91,92,93,94,93,82,83,86,85,87,76,77,76,74,75,75,78,81,71,82,85,78,80,83,78,82,90,89,NA,NA,NA,NA,NA,NA,NA,NA,NA,NA,NA,NA,NA,NA,NA,NA,NA,NA,NA,NA,NA,NA,NA,NA,NA,NA,NA,NA,NA,NA,NA,NA,NA,NA,NA,NA,NA,NA,NA,NA,NA,NA,NA,NA,NA,NA,NA,NA,NA,NA,NA,NA,NA,NA,NA,NA,NA,NA,NA,NA,NA,NA,NA
NA,NA,NA,NA,NA,NA,NA,NA,NA,NA,NA,NA,NA,NA,NA,NA,NA,NA,NA,NA,NA,NA,NA,NA,NA,NA,NA,NA,NA,NA,NA,NA,NA,NA,NA,NA,NA,NA,NA,NA,NA,NA,NA,NA,NA,75,87,84,83,82,83,83,79,81,86,84,84,83,83,82,76,77,84,90,72,74,80,85,78,81,82,81,79,83,84,82,82,75,78,74,76,78,92,93,92,97,91,91,90,76,88,80,76,78,82,82,68,75,77,74,72,79,77,78,74,78,76,79,79,77,87,85,80,75,76,85,86,84,84,87,91,89,74,81,74,77,90,72,90,74,83,75,83,80,77,78,76,75,78,84,78,84,74,77,77,70,73,85,75,67,71,71,73,78,76,73,78,88,83,77,77,90,75,77,75,78,87,80,78,81,81,87,80,83,84,72,87,86,78,78,82,75,71,83,81,87,79,83,86,80,78,89,81,85,82,74,87,88,86,78,85,73,79,83,69,74,69,87,78,83,84,83,83,84,85,70,72,64,64,83,88,88,85,83,80,91,81,84,91,77,76,75,82,84,85,83,86,77,80,80,86,85,82,81,80,79,75,71,77,65,78,75,70,71,70,71,73,57,66,66,74,64,70,69,74,69,74,77,70,66,67,64,73,84,83,81,81,84,73,85,74,69,70,86,72,81,73,79,71,74,87,77,91,92,94,91,92,90,91,87,91,88,96,91,88,94,88,92,92,84,96,94,90,91,91,94,83,84,74,74,78,83,84,75,78,81,77,83,82,84,80,80,74,78,82,82,90,NA,91,NA,NA,NA,NA,NA,NA,NA,NA,NA,NA,NA,NA,NA,NA,NA,NA,NA,NA,NA,NA,NA,NA,NA,NA,NA,NA,NA,NA,NA,NA,NA,NA,NA,NA,NA,NA,NA,NA,NA,NA,NA,NA,NA,NA,NA,NA,NA,NA,NA,NA,NA,NA,NA,NA,NA,NA,NA,NA,NA,NA,NA
NA,NA,NA,NA,NA,NA,NA,NA,NA,NA,NA,NA,NA,NA,NA,NA,NA,NA,NA,NA,NA,NA,NA,NA,NA,NA,NA,NA,NA,NA,NA,NA,NA,NA,NA,NA,NA,NA,NA,NA,NA,NA,NA,NA,76,74,83,83,83,85,80,77,85,81,80,81,80,82,81,83,76,78,76,83,73,71,84,83,75,79,84,82,84,82,85,83,79,80,74,75,76,78,80,89,92,95,87,90,81,87,79,77,76,82,76,77,73,72,71,78,73,78,79,78,76,78,74,77,74,81,90,81,72,76,84,82,86,75,90,84,86,82,77,74,83,81,75,88,71,83,70,73,83,71,79,81,77,73,74,79,72,75,80,72,77,71,80,74,77,74,72,77,86,75,87,84,79,83,74,90,75,80,73,80,87,90,93,81,83,83,78,75,91,84,77,81,72,79,76,83,73,74,71,78,78,84,76,81,88,88,77,77,78,73,87,86,86,71,83,82,74,76,79,82,80,79,65,71,61,68,76,78,82,67,85,76,63,65,79,85,72,83,76,85,84,89,75,84,77,81,84,75,90,76,87,78,81,71,80,83,79,79,81,87,75,75,71,70,72,67,72,67,66,78,62,65,70,71,58,69,74,68,68,66,77,67,70,65,67,61,83,66,75,74,87,78,91,85,75,85,78,88,73,74,73,82,78,84,67,91,74,91,88,92,90,90,93,85,87,93,94,87,94,93,94,96,91,92,90,92,81,90,95,79,77,91,86,76,78,84,81,72,77,79,80,86,81,82,83,83,80,81,77,81,90,80,NA,NA,83,91,NA,NA,NA,NA,NA,NA,NA,NA,NA,NA,NA,NA,NA,NA,NA,NA,NA,NA,NA,NA,NA,NA,NA,NA,NA,NA,NA,NA,NA,NA,NA,NA,NA,NA,NA,NA,NA,NA,NA,NA,NA,NA,NA,NA,NA,NA,NA,NA,NA,NA,NA,NA,NA,NA,NA,NA,NA,NA,NA,NA
NA,NA,NA,NA,NA,NA,NA,NA,NA,NA,NA,NA,NA,NA,NA,NA,NA,NA,NA,NA,NA,NA,NA,NA,NA,NA,NA,NA,NA,NA,NA,NA,NA,NA,NA,NA,NA,NA,NA,NA,NA,NA,NA,NA,88,88,73,81,85,84,85,85,84,83,83,83,84,82,77,77,86,78,75,76,80,74,73,79,78,76,82,79,77,83,82,83,82,82,83,79,75,78,81,86,92,92,90,74,91,78,79,77,78,87,78,79,78,71,77,74,77,79,81,79,87,71,76,74,78,75,87,85,69,75,80,79,84,81,92,85,70,75,80,72,73,70,77,81,82,83,73,83,77,77,83,71,76,77,82,77,72,70,95,87,79,81,66,75,73,66,80,73,76,73,87,78,82,72,76,76,83,79,83,76,76,73,89,82,74,91,83,76,73,84,75,86,67,82,76,69,72,77,79,72,69,76,84,85,84,95,84,84,83,81,73,89,87,76,83,79,77,75,76,81,76,68,70,66,74,66,63,77,80,89,87,65,88,62,84,70,78,72,84,78,82,87,78,81,79,84,66,89,83,84,88,80,78,82,80,86,77,77,76,82,74,79,80,73,74,71,77,70,61,75,65,71,62,69,73,74,74,73,66,65,62,69,69,66,82,76,68,81,75,77,82,80,85,69,70,70,88,74,87,72,70,74,75,77,86,95,87,89,90,88,88,90,95,86,92,88,95,91,94,94,97,90,94,90,88,89,94,95,96,93,91,88,91,78,80,87,77,77,80,81,80,84,84,77,81,81,82,77,81,81,90,88,91,87,87,88,90,89,NA,NA,NA,NA,NA,NA,NA,NA,NA,NA,NA,NA,NA,NA,NA,NA,NA,NA,NA,NA,NA,NA,NA,NA,NA,NA,NA,NA,NA,NA,NA,NA,NA,NA,NA,NA,NA,NA,NA,NA,NA,NA,NA,NA,NA,NA,NA,NA,NA,NA,NA,NA,NA,NA,NA,NA,NA,NA
NA,NA,NA,NA,NA,NA,NA,NA,NA,NA,NA,NA,NA,NA,NA,NA,NA,NA,NA,NA,NA,NA,NA,NA,NA,NA,NA,NA,NA,NA,NA,NA,NA,NA,NA,NA,NA,NA,NA,NA,NA,78,NA,NA,79,76,81,82,79,86,87,84,81,83,85,81,82,81,81,86,83,88,79,76,79,82,77,78,74,82,73,84,79,83,81,83,82,71,81,81,76,75,79,88,74,88,88,87,79,80,85,80,82,77,74,78,84,85,73,72,73,74,70,77,78,77,71,78,74,83,72,78,75,78,79,75,85,78,89,81,79,75,75,84,81,74,85,74,93,83,83,72,78,74,83,78,79,75,78,76,77,76,74,81,76,77,75,71,71,71,77,74,79,79,86,79,76,77,78,81,77,79,76,80,75,84,75,76,68,81,83,85,85,79,73,81,83,74,89,71,65,69,82,70,68,75,79,89,75,87,80,89,84,84,81,84,73,85,84,79,81,72,79,71,70,70,84,89,68,63,82,79,85,82,84,90,69,86,82,87,76,76,77,86,79,77,85,79,81,76,78,77,80,87,81,78,80,83,81,88,90,81,77,81,68,74,73,70,61,66,74,71,70,63,73,72,75,63,76,70,72,68,69,65,73,75,64,67,65,76,68,70,77,77,83,77,87,87,71,83,74,85,86,70,65,99,79,81,82,73,73,87,87,89,86,89,92,88,90,89,92,92,83,89,92,89,92,90,91,86,94,92,83,91,79,84,82,80,82,80,76,74,82,82,79,87,74,79,77,86,78,77,80,81,88,90,90,91,83,91,83,87,NA,93,84,NA,NA,NA,NA,NA,NA,NA,NA,NA,NA,NA,NA,NA,NA,NA,NA,NA,NA,NA,NA,NA,NA,NA,NA,NA,NA,NA,NA,NA,NA,NA,NA,NA,NA,NA,NA,NA,NA,NA,NA,NA,NA,NA,NA,NA,NA,NA,NA,NA,NA,NA,NA,NA,NA,NA
NA,NA,NA,NA,NA,NA,NA,NA,NA,NA,NA,NA,NA,NA,NA,NA,NA,NA,NA,NA,NA,NA,NA,NA,NA,NA,NA,NA,NA,NA,NA,NA,NA,NA,NA,NA,NA,NA,NA,NA,NA,82,78,NA,84,84,80,81,85,84,84,77,84,81,82,82,81,81,76,77,83,72,83,77,77,83,81,76,79,79,79,76,73,80,78,82,83,78,81,81,85,84,78,76,88,87,87,84,90,82,77,86,74,75,81,82,81,88,83,82,76,86,70,78,80,75,70,75,79,81,81,80,71,78,80,80,81,76,80,85,83,84,81,72,86,89,79,84,86,94,72,80,75,79,79,76,83,80,76,77,81,81,80,81,86,76,71,74,77,73,76,72,75,73,71,76,75,77,82,79,73,78,78,90,70,73,76,76,78,77,81,84,89,86,70,70,74,65,68,69,77,70,77,74,77,74,80,90,77,91,81,81,72,84,80,76,81,76,81,82,76,80,74,72,60,69,70,64,81,75,81,83,83,84,72,88,82,77,80,76,78,78,75,76,82,82,77,83,78,78,81,77,76,80,83,71,68,75,77,71,76,68,79,68,79,82,69,72,67,82,72,64,72,68,65,67,66,64,69,59,72,69,67,68,62,82,66,62,65,77,87,66,73,66,78,87,91,83,83,67,71,72,79,69,71,77,78,78,88,92,89,85,90,84,93,90,88,91,92,81,96,84,91,95,92,90,94,86,92,86,90,84,94,95,96,97,83,82,80,73,79,76,78,78,77,72,78,77,75,77,79,80,89,86,87,86,88,89,91,92,87,87,92,84,85,83,NA,NA,NA,NA,NA,NA,NA,NA,NA,NA,NA,NA,NA,NA,NA,NA,NA,NA,NA,NA,NA,NA,NA,NA,NA,NA,NA,NA,NA,NA,NA,NA,NA,NA,NA,NA,NA,NA,NA,NA,NA,NA,NA,NA,NA,NA,NA,NA,NA,NA,NA,NA,NA,NA
NA,NA,NA,NA,NA,NA,NA,NA,NA,NA,NA,NA,NA,NA,NA,NA,NA,NA,NA,NA,NA,NA,NA,NA,NA,NA,NA,NA,NA,NA,NA,NA,NA,NA,NA,NA,NA,NA,NA,NA,NA,77,82,NA,81,76,71,86,79,84,72,77,77,76,78,81,76,81,80,76,82,81,80,81,82,85,76,73,71,75,77,78,75,74,78,90,78,84,85,83,88,84,75,78,84,87,85,86,88,85,82,82,76,72,84,72,78,81,75,80,71,73,84,73,83,74,79,77,78,85,85,80,73,73,74,76,73,69,79,77,76,80,80,74,81,82,88,84,77,87,71,86,74,79,79,75,73,81,78,77,84,72,69,80,81,80,72,89,83,75,81,73,70,74,69,85,75,75,76,70,73,74,80,77,82,77,73,70,74,77,88,74,98,73,75,69,75,72,80,77,73,70,76,76,76,70,75,80,86,79,89,85,73,86,92,79,76,78,79,77,82,84,78,69,71,85,60,68,64,60,85,82,68,65,79,78,82,79,71,81,81,78,86,83,83,77,78,72,85,70,72,83,79,79,71,73,78,74,83,73,68,75,81,70,74,73,66,78,70,67,68,72,66,71,64,65,66,60,66,73,60,64,69,65,67,63,71,69,76,77,79,81,78,81,85,77,86,79,79,77,69,82,77,74,69,79,90,77,88,92,79,89,87,92,90,90,88,88,88,94,84,90,83,87,87,92,91,86,86,79,82,87,80,85,79,81,85,73,75,78,77,77,76,87,81,80,73,77,80,84,81,80,79,87,89,87,93,89,90,89,89,85,93,93,85,88,NA,NA,NA,NA,NA,NA,NA,NA,NA,NA,NA,NA,NA,NA,NA,NA,NA,NA,NA,NA,NA,NA,NA,NA,NA,NA,NA,NA,NA,NA,NA,NA,NA,NA,NA,NA,NA,NA,NA,NA,NA,NA,NA,NA,NA,NA,NA,NA,NA,NA,NA,NA,NA,NA
NA,NA,NA,NA,NA,NA,NA,NA,NA,NA,NA,NA,NA,NA,NA,NA,NA,NA,NA,NA,NA,NA,NA,NA,NA,NA,NA,NA,NA,NA,NA,NA,NA,NA,NA,NA,NA,NA,NA,NA,NA,76,81,81,71,81,81,79,83,82,74,74,85,87,79,77,78,80,85,80,78,76,78,84,82,81,80,76,82,74,76,75,70,86,73,80,79,82,74,76,79,82,86,77,82,86,96,87,85,88,88,75,77,80,85,80,75,77,73,73,81,70,81,75,83,78,76,76,78,74,76,86,76,73,73,76,76,78,74,77,82,82,78,78,76,81,69,87,85,80,72,72,86,79,76,75,74,75,74,87,84,83,86,73,86,82,78,74,69,77,81,73,68,83,73,76,83,78,68,71,82,80,75,76,78,66,70,80,81,75,85,64,79,84,73,80,70,70,73,72,71,71,72,77,72,71,73,74,85,74,79,82,82,89,74,82,76,77,75,83,77,78,76,69,75,73,77,82,67,88,88,86,70,86,83,71,65,83,65,79,72,74,76,84,76,76,70,79,83,81,73,83,77,81,71,77,73,70,76,83,69,76,78,75,71,83,71,75,65,66,68,69,70,66,64,63,61,62,71,70,64,70,67,72,67,64,66,64,67,82,82,81,68,79,85,72,70,82,69,81,78,72,88,75,79,78,72,76,71,77,95,93,86,87,88,87,84,83,91,95,91,88,90,85,85,89,90,91,92,89,88,84,95,81,76,80,72,74,78,82,74,75,81,77,89,87,85,82,84,81,78,86,86,86,87,92,88,88,90,90,91,88,93,84,83,88,NA,NA,NA,NA,NA,NA,NA,NA,NA,NA,NA,NA,NA,NA,NA,NA,NA,NA,NA,NA,NA,NA,NA,NA,NA,NA,NA,NA,NA,NA,NA,NA,NA,NA,NA,NA,NA,NA,NA,NA,NA,NA,NA,NA,NA,NA,NA,NA,NA,NA,NA,NA,NA,NA
NA,NA,NA,NA,NA,NA,NA,NA,NA,NA,NA,NA,NA,NA,NA,NA,NA,NA,NA,NA,NA,NA,NA,NA,NA,NA,NA,NA,NA,NA,NA,NA,NA,NA,NA,NA,NA,NA,NA,NA,76,76,81,80,81,81,80,73,82,84,81,78,74,75,87,80,80,84,80,84,83,77,81,81,79,74,79,82,73,72,75,69,80,81,81,71,69,78,89,75,73,82,82,77,80,79,86,84,87,90,88,84,76,82,79,84,82,77,71,78,78,84,87,79,76,81,79,78,76,76,74,89,83,77,73,85,79,74,82,84,71,80,77,66,74,78,72,69,76,89,80,75,84,71,80,80,79,78,72,74,78,80,76,82,85,77,88,73,73,72,74,76,75,78,77,82,77,71,81,84,67,80,73,77,76,68,77,75,78,76,74,90,85,78,83,83,73,83,75,76,76,74,74,71,74,75,76,73,81,84,79,78,77,79,73,73,74,75,81,71,79,77,66,72,79,67,65,61,62,83,69,85,69,87,84,64,61,84,86,78,86,76,80,77,79,77,81,78,84,78,78,77,71,84,69,76,79,79,75,82,80,75,70,71,72,75,91,74,68,77,77,78,69,72,64,62,59,60,73,64,70,75,65,68,70,64,74,75,66,80,73,68,66,87,83,84,79,73,77,71,73,68,70,81,84,75,78,72,81,90,91,91,90,89,94,88,92,91,91,91,87,89,86,90,92,91,91,86,93,92,82,77,84,75,80,75,81,84,75,77,73,81,81,77,81,87,78,87,84,80,81,85,88,88,90,91,88,87,85,89,90,91,84,94,84,87,94,94,95,NA,NA,NA,NA,NA,NA,NA,NA,NA,NA,NA,NA,NA,NA,NA,NA,NA,NA,NA,NA,NA,NA,NA,NA,NA,NA,NA,NA,NA,NA,NA,NA,NA,NA,NA,NA,NA,NA,NA,NA,NA,NA,NA,NA,NA,NA,NA,NA,NA,NA,NA
NA,NA,NA,NA,NA,NA,NA,NA,NA,NA,NA,NA,NA,NA,NA,NA,NA,NA,NA,NA,NA,NA,NA,NA,NA,NA,NA,NA,NA,NA,NA,NA,NA,NA,NA,NA,NA,75,76,76,81,81,75,77,81,80,73,82,82,74,81,75,78,74,71,76,81,90,81,79,81,78,79,73,78,82,83,84,79,71,78,75,84,77,78,82,79,73,89,79,77,78,85,81,92,89,88,91,81,84,86,82,84,88,76,88,75,73,74,79,71,73,72,78,75,73,73,76,75,70,68,85,81,71,74,82,80,87,77,81,78,78,76,75,79,78,75,77,73,70,84,85,83,71,80,74,77,80,78,87,77,84,90,81,84,86,76,71,70,75,65,73,72,74,71,85,89,81,76,78,75,74,86,72,72,69,73,71,77,84,73,82,75,83,74,81,80,71,69,76,75,76,74,76,80,72,76,79,77,87,89,84,73,77,74,75,78,71,73,83,79,85,74,81,81,80,77,66,71,60,86,84,60,69,87,73,86,91,81,91,80,85,77,77,74,81,78,85,78,72,92,75,77,80,77,71,72,79,77,79,74,77,79,77,78,86,63,76,72,74,76,64,74,63,67,65,70,67,78,64,74,69,68,72,70,79,78,73,63,83,70,78,81,84,79,76,78,75,71,73,70,78,77,80,77,74,73,80,89,90,84,88,88,91,86,87,89,85,87,91,91,89,87,91,85,90,78,84,92,93,75,77,91,72,80,73,77,85,74,79,78,76,78,81,85,86,82,80,81,79,80,80,88,83,92,90,89,84,86,86,81,83,93,92,87,86,92,96,NA,NA,NA,NA,NA,NA,NA,NA,NA,NA,NA,NA,NA,NA,NA,NA,NA,NA,NA,NA,NA,NA,NA,NA,NA,NA,NA,NA,NA,NA,NA,NA,NA,NA,NA,NA,NA,NA,NA,NA,NA,NA,NA,NA,NA,NA,NA,NA,NA,NA,NA,NA
NA,NA,NA,NA,NA,NA,NA,NA,NA,NA,NA,NA,NA,NA,NA,NA,NA,NA,NA,NA,NA,NA,NA,NA,NA,NA,NA,NA,NA,NA,NA,NA,NA,NA,NA,NA,NA,NA,76,76,75,81,75,80,74,79,79,74,83,75,81,83,78,78,77,85,79,81,81,78,82,82,81,79,79,72,71,80,78,84,75,73,79,79,75,76,94,79,79,85,74,69,74,71,80,94,85,77,84,81,84,76,86,84,75,85,81,78,71,72,72,71,82,72,77,77,75,76,78,69,66,80,84,77,76,84,77,71,81,76,75,73,75,80,71,71,75,74,73,76,72,78,73,82,91,77,80,76,76,74,83,80,78,91,83,90,80,78,77,81,68,78,67,81,81,74,90,69,85,82,74,72,75,78,69,69,77,78,74,79,77,68,75,77,72,79,81,74,77,69,76,81,75,83,68,74,74,73,74,90,78,85,81,90,78,73,71,90,73,81,73,73,78,80,76,79,78,85,83,67,78,88,70,88,71,87,87,94,75,81,76,75,82,80,70,73,79,81,70,67,75,75,76,79,74,77,85,78,79,83,70,72,73,78,74,79,84,77,72,66,62,73,60,73,65,66,68,73,65,70,76,68,71,79,73,73,77,65,64,71,80,72,78,79,81,78,77,69,74,71,73,80,72,70,75,79,78,88,89,88,93,85,91,93,85,87,87,88,91,86,83,85,87,89,84,84,87,91,80,76,77,90,78,81,75,77,69,73,81,75,81,84,86,85,87,82,80,80,80,81,81,86,90,81,87,86,87,89,82,81,92,94,89,93,93,94,93,88,NA,NA,NA,NA,NA,NA,NA,NA,NA,NA,NA,NA,NA,NA,NA,NA,NA,NA,NA,NA,NA,NA,NA,NA,NA,NA,NA,NA,NA,NA,NA,NA,NA,NA,NA,NA,NA,NA,NA,NA,NA,NA,NA,NA,NA,NA,NA,NA,NA,NA,NA,NA
NA,NA,NA,NA,NA,NA,NA,NA,NA,NA,NA,NA,NA,NA,NA,NA,NA,NA,NA,NA,NA,NA,NA,NA,NA,NA,NA,NA,NA,NA,NA,NA,NA,NA,NA,NA,NA,NA,79,77,82,81,80,75,81,81,80,74,82,73,73,82,79,80,72,80,79,85,83,83,82,83,81,81,81,83,70,70,77,71,80,80,75,77,84,81,79,80,76,68,75,83,89,73,96,87,84,86,86,85,83,76,71,79,82,83,70,72,77,79,71,79,75,70,74,74,71,77,85,75,78,75,71,90,79,75,74,77,72,76,85,73,81,74,73,76,80,77,76,77,85,77,77,85,80,78,76,78,78,79,77,93,81,81,90,84,73,67,70,72,74,75,74,75,73,74,88,91,71,78,88,85,84,75,74,79,60,78,69,75,84,61,65,82,84,73,77,73,78,80,76,73,69,81,68,72,77,74,75,73,79,76,73,77,74,71,72,76,71,72,73,84,73,74,84,83,78,77,76,61,71,90,76,92,83,88,83,73,78,81,78,78,77,73,82,78,73,84,75,75,75,78,77,80,69,79,80,84,80,75,70,66,74,83,69,64,64,68,74,75,65,70,57,67,64,69,64,60,61,63,69,74,81,82,74,72,74,68,69,87,78,81,83,84,83,84,75,74,75,69,78,76,75,77,79,90,92,86,94,89,88,89,87,82,89,90,88,91,92,89,88,89,85,86,93,95,77,92,77,78,87,89,77,79,74,82,72,79,75,83,77,85,88,84,85,78,82,78,76,72,87,84,84,89,88,89,86,86,81,92,84,89,93,91,90,96,85,95,88,NA,91,NA,NA,NA,NA,NA,NA,NA,NA,NA,NA,NA,NA,NA,NA,NA,NA,NA,NA,NA,NA,NA,NA,NA,NA,NA,NA,NA,NA,NA,NA,NA,NA,NA,NA,NA,NA,NA,NA,NA,NA,NA,NA,NA,NA,NA,NA,NA,NA,NA
NA,NA,NA,NA,NA,NA,NA,NA,NA,NA,NA,NA,NA,NA,NA,NA,NA,NA,NA,NA,NA,NA,NA,NA,NA,NA,NA,NA,NA,NA,NA,NA,NA,NA,NA,NA,NA,NA,82,81,75,82,78,74,72,78,79,75,82,72,84,81,84,80,83,80,79,71,79,83,78,79,83,81,83,78,75,70,73,81,70,68,72,77,73,72,81,81,68,79,76,76,82,69,96,93,80,90,75,78,79,86,82,78,84,86,79,75,76,82,71,76,81,77,81,81,77,71,73,73,74,80,74,75,75,81,72,79,79,72,72,78,74,73,76,76,71,76,74,78,76,69,75,74,71,81,68,77,78,90,77,84,81,79,75,71,68,74,72,72,60,71,74,82,74,76,65,86,66,75,71,65,78,80,77,76,77,67,67,69,73,79,71,79,77,78,75,68,67,74,77,70,68,71,75,79,70,70,66,72,72,78,72,74,74,74,79,80,71,75,78,78,79,75,74,80,74,70,81,73,68,85,92,82,88,77,87,82,91,74,84,81,81,75,77,71,87,81,70,78,70,73,72,66,72,74,77,78,78,68,75,69,69,70,75,79,77,61,78,71,71,58,70,60,66,59,64,62,65,59,67,67,66,78,69,74,86,73,80,67,74,75,87,82,77,84,73,73,77,66,75,71,74,78,75,89,92,91,90,87,86,87,87,89,84,81,83,87,88,85,86,86,93,93,87,78,93,91,87,82,79,88,79,82,81,81,79,78,82,86,84,89,77,85,83,80,84,82,76,80,79,83,81,87,87,86,81,81,91,85,92,92,94,93,89,96,95,96,NA,93,91,NA,NA,NA,NA,NA,NA,NA,NA,NA,NA,NA,NA,NA,NA,NA,NA,NA,NA,NA,NA,NA,NA,NA,NA,NA,NA,NA,NA,NA,NA,NA,NA,NA,NA,NA,NA,NA,NA,NA,NA,NA,NA,NA,NA,NA,NA,NA,NA,NA
NA,NA,NA,NA,NA,NA,NA,NA,NA,NA,NA,NA,NA,NA,NA,NA,NA,NA,NA,NA,NA,NA,NA,NA,NA,NA,NA,NA,NA,NA,NA,NA,NA,NA,NA,NA,NA,NA,80,76,81,78,76,75,79,75,78,78,83,85,81,83,81,80,79,85,84,82,82,80,83,82,79,82,82,76,77,75,78,70,74,72,75,70,69,89,72,69,70,67,75,81,76,78,85,90,76,80,83,84,83,89,88,80,79,88,75,88,83,81,70,78,79,76,82,72,78,74,72,78,75,72,75,74,67,71,84,78,80,77,76,80,77,73,78,78,79,74,72,73,75,83,67,79,72,74,81,76,77,69,76,85,72,71,81,81,73,68,68,73,74,65,78,76,70,72,80,77,74,77,73,81,73,79,65,71,69,75,74,73,84,72,80,81,81,73,77,71,67,68,79,75,66,68,77,72,68,70,77,70,79,81,71,75,74,75,76,71,74,75,76,71,81,78,65,64,74,76,64,91,90,79,86,89,75,80,83,84,77,73,83,79,81,79,83,75,82,78,76,75,67,72,71,82,69,81,82,73,75,74,77,61,73,74,74,78,65,74,75,67,65,59,63,59,64,63,62,63,67,67,68,69,82,73,82,74,79,62,80,66,76,78,80,78,88,73,71,71,66,72,67,69,74,84,86,84,81,89,86,84,84,82,87,87,82,85,88,89,88,85,87,87,86,85,81,79,95,79,78,74,74,75,73,75,71,78,75,85,81,90,86,77,76,77,80,77,84,78,79,79,82,85,85,85,88,82,76,92,86,92,92,92,80,92,90,94,97,94,90,91,NA,NA,NA,NA,NA,NA,NA,NA,NA,NA,NA,NA,NA,NA,NA,NA,NA,NA,NA,NA,NA,NA,NA,NA,NA,NA,NA,NA,NA,NA,NA,NA,NA,NA,NA,NA,NA,NA,NA,NA,NA,NA,NA,NA,NA,NA,NA,NA,NA,NA
NA,NA,NA,NA,NA,NA,NA,NA,NA,NA,NA,NA,NA,NA,NA,NA,NA,NA,NA,NA,NA,NA,NA,NA,NA,NA,NA,NA,NA,NA,NA,NA,NA,NA,86,86,85,82,79,76,78,77,78,81,77,77,78,73,74,74,83,88,85,86,79,82,83,83,85,82,78,80,74,76,77,72,74,78,76,74,78,73,75,73,71,72,79,67,92,93,91,75,70,77,94,81,75,82,91,84,89,89,85,77,86,75,80,87,78,75,74,73,70,69,78,69,76,71,71,73,73,64,78,83,74,79,70,77,77,76,80,77,79,79,68,74,74,71,78,69,71,78,82,76,71,74,76,82,77,85,77,80,74,89,85,85,81,70,73,70,77,76,75,75,71,74,76,75,69,73,76,64,86,76,78,69,73,71,73,82,81,70,68,79,73,78,59,75,77,75,67,66,74,77,71,63,74,83,69,82,75,74,72,81,73,70,74,70,84,71,75,78,72,70,74,76,58,67,78,81,78,82,77,81,88,82,83,84,78,85,80,79,82,78,75,79,70,72,70,84,68,73,76,70,69,74,76,76,75,71,71,67,73,79,62,81,72,59,63,64,54,61,68,62,65,65,64,63,66,71,60,83,66,71,69,77,67,69,74,64,80,77,65,66,78,87,76,71,70,74,68,74,87,87,83,83,88,86,88,88,88,89,85,93,85,86,89,82,86,85,91,86,83,88,77,91,91,75,78,85,76,81,80,72,81,81,77,83,89,90,78,81,79,82,77,83,78,78,86,84,84,81,85,85,84,78,91,86,92,89,80,90,92,93,92,97,96,96,87,92,93,94,NA,NA,NA,NA,NA,NA,NA,NA,NA,NA,NA,NA,NA,NA,NA,NA,NA,NA,NA,NA,NA,NA,NA,NA,NA,NA,NA,NA,NA,NA,NA,NA,NA,NA,NA,NA,NA,NA,NA,NA,NA,NA,NA,NA,NA,NA,NA,NA
NA,NA,NA,NA,NA,NA,NA,NA,NA,NA,NA,NA,NA,NA,NA,NA,NA,NA,NA,NA,NA,NA,NA,NA,NA,NA,NA,NA,NA,NA,NA,NA,NA,NA,NA,75,74,74,101,81,101,85,76,102,81,73,73,74,75,77,78,76,87,71,80,82,82,77,80,82,72,81,75,75,77,79,77,82,75,81,76,68,75,75,76,74,77,64,65,71,76,77,74,89,90,78,95,94,80,88,83,83,85,80,82,80,75,90,75,84,75,69,75,68,70,63,74,77,71,76,69,65,69,72,71,85,68,82,80,75,84,75,76,74,89,73,77,78,73,80,71,72,77,69,73,82,76,75,74,75,81,77,79,77,90,73,72,84,76,69,70,68,70,61,70,73,75,73,75,80,75,86,68,76,82,72,76,75,67,67,69,63,77,71,70,76,78,73,80,74,70,76,73,74,74,79,70,77,78,76,72,76,80,84,76,80,77,78,69,77,88,82,78,77,73,78,62,61,75,76,80,82,88,89,89,90,80,74,76,79,77,73,79,76,76,76,70,74,77,75,75,76,84,72,73,73,73,71,68,64,78,75,74,79,73,80,69,66,66,64,62,63,60,59,61,64,61,63,65,63,61,72,72,76,73,64,69,66,83,66,82,81,77,70,66,74,79,75,65,68,70,71,68,85,83,78,92,76,94,87,86,86,86,89,88,85,81,81,87,86,87,78,93,92,84,77,89,78,76,83,80,86,77,73,75,72,80,78,91,83,87,80,83,80,84,83,85,78,84,83,85,80,83,84,79,80,85,89,80,80,80,93,90,93,85,96,89,91,87,92,93,94,NA,NA,NA,NA,NA,NA,NA,NA,NA,NA,NA,NA,NA,NA,NA,NA,NA,NA,NA,NA,NA,NA,NA,NA,NA,NA,NA,NA,NA,NA,NA,NA,NA,NA,NA,NA,NA,NA,NA,NA,NA,NA,NA,NA,NA,NA,NA,NA
NA,NA,NA,NA,NA,NA,NA,NA,NA,NA,NA,NA,NA,NA,NA,NA,NA,NA,NA,NA,NA,NA,NA,NA,NA,NA,NA,NA,NA,NA,NA,NA,NA,NA,NA,80,102,82,102,82,77,101,76,102,100,76,75,75,72,77,72,85,82,83,80,69,80,74,80,71,81,80,76,82,77,81,75,82,79,74,67,64,72,75,66,69,73,82,76,71,71,93,92,73,76,90,88,85,78,81,81,86,88,82,79,82,76,83,75,85,75,74,69,70,66,73,78,75,66,74,71,70,83,81,73,68,74,73,78,73,78,79,81,83,76,80,80,84,76,78,85,76,85,71,77,75,74,77,88,66,80,86,73,75,79,84,79,82,86,72,81,72,76,67,70,68,78,72,77,81,72,87,73,81,74,69,83,64,69,60,75,77,74,66,75,72,73,71,81,75,72,75,71,81,79,78,79,76,75,73,67,76,78,77,76,75,77,77,74,76,73,69,75,66,75,65,83,77,74,79,62,83,84,82,80,85,76,75,74,82,72,78,82,81,70,71,74,76,71,67,81,75,78,78,75,71,65,77,65,72,73,78,73,75,71,75,78,55,66,63,63,65,60,61,62,65,61,65,62,64,64,71,65,59,70,68,71,70,69,66,76,73,70,75,74,78,75,75,70,69,88,83,85,90,76,89,81,85,83,90,86,77,83,87,83,90,83,87,72,70,85,90,89,79,80,93,89,77,86,76,74,76,75,78,72,77,82,78,85,87,75,82,82,79,82,82,84,83,79,74,85,80,77,83,82,86,81,81,79,90,90,89,90,90,93,87,96,87,91,90,92,92,93,NA,NA,NA,NA,NA,NA,NA,NA,NA,NA,NA,NA,NA,NA,NA,NA,NA,NA,NA,NA,NA,NA,NA,NA,NA,NA,NA,NA,NA,NA,NA,NA,NA,NA,NA,NA,NA,NA,NA,NA,NA,NA,NA,NA,NA,NA,NA
NA,NA,NA,NA,NA,NA,NA,NA,NA,NA,NA,NA,NA,NA,NA,NA,NA,NA,NA,NA,NA,NA,NA,NA,NA,NA,NA,NA,NA,NA,NA,NA,NA,NA,NA,80,75,83,75,76,99,85,105,101,76,99,76,71,79,76,79,85,79,83,78,82,68,70,77,78,72,79,78,75,78,75,75,80,74,71,79,70,73,76,67,74,77,68,72,70,67,74,73,79,87,84,88,94,96,79,88,81,86,90,90,79,84,81,79,78,86,80,70,79,64,74,77,79,75,69,73,75,82,83,75,74,69,79,76,75,69,71,77,81,75,72,81,73,70,81,72,81,86,79,71,77,83,84,89,67,78,78,83,74,70,89,74,80,80,81,73,66,78,74,82,69,76,75,67,77,71,69,76,74,70,66,68,65,77,72,72,66,72,76,80,80,75,78,77,67,70,70,73,74,88,77,77,70,67,70,80,68,80,74,80,70,73,73,75,83,71,77,74,73,68,81,73,63,65,65,86,73,83,87,86,82,83,80,82,84,75,82,78,70,73,74,81,72,68,68,77,73,66,70,77,80,81,68,63,65,68,70,83,77,78,50,67,57,71,71,65,63,60,65,57,62,62,64,65,62,63,68,75,67,78,86,71,66,68,79,79,72,66,79,72,76,79,90,87,76,72,84,84,80,85,79,85,84,72,85,79,86,85,76,86,92,87,75,73,77,89,78,84,89,91,79,76,70,79,76,77,78,76,74,78,80,77,85,86,83,84,76,82,85,85,77,74,79,80,73,79,77,83,76,86,91,80,98,98,88,88,91,87,87,87,88,91,96,93,91,92,92,NA,NA,NA,NA,NA,NA,NA,NA,NA,NA,NA,NA,NA,NA,NA,NA,NA,NA,NA,NA,NA,NA,NA,NA,NA,NA,NA,NA,NA,NA,NA,NA,NA,NA,NA,NA,NA,NA,NA,NA,NA,NA,NA,NA,NA,NA,NA,NA
NA,NA,NA,NA,NA,NA,NA,NA,NA,NA,NA,NA,NA,NA,NA,NA,NA,NA,NA,NA,NA,NA,NA,NA,NA,NA,NA,NA,NA,NA,NA,NA,NA,78,78,78,84,79,85,95,83,85,106,86,76,75,75,72,77,72,82,84,86,86,78,82,83,71,81,79,78,80,77,76,77,75,71,76,78,72,71,71,66,69,72,68,76,67,82,72,70,69,86,78,83,84,89,95,91,91,90,93,84,86,84,78,83,76,83,78,73,81,72,81,67,82,67,70,74,79,67,67,68,73,69,85,78,74,74,78,77,74,81,76,75,76,78,78,75,70,80,76,78,78,74,76,71,76,84,84,74,77,72,85,68,73,77,82,83,72,67,79,79,74,79,79,68,70,79,68,82,64,74,78,65,68,66,69,62,72,69,66,66,73,78,74,75,78,72,69,81,70,79,76,66,73,79,83,69,75,79,81,68,78,70,81,65,75,65,74,72,84,67,67,66,80,83,75,79,76,73,76,76,74,86,76,77,76,74,87,76,76,72,68,73,72,81,77,72,63,73,69,78,69,77,76,76,66,73,72,74,74,71,65,62,62,58,62,67,62,60,61,58,62,57,62,62,68,65,58,64,74,65,72,78,68,66,71,68,80,77,72,76,73,76,71,71,85,70,76,84,70,83,92,87,79,86,84,76,87,86,75,84,85,86,86,70,88,81,82,81,82,88,78,75,76,75,74,79,76,74,73,78,72,79,80,77,84,83,77,77,81,85,83,84,83,78,78,73,78,78,83,74,79,80,94,92,97,87,90,88,92,91,92,89,85,88,88,88,90,90,91,100,NA,NA,NA,NA,NA,NA,NA,NA,NA,NA,NA,NA,NA,NA,NA,NA,NA,NA,NA,NA,NA,NA,NA,NA,NA,NA,NA,NA,NA,NA,NA,NA,NA,NA,NA,NA,NA,NA,NA,NA,NA,NA,NA,NA,NA,NA,NA
NA,NA,NA,NA,NA,NA,NA,NA,NA,NA,NA,NA,NA,NA,NA,NA,NA,NA,NA,NA,NA,NA,NA,NA,NA,NA,NA,NA,NA,NA,NA,NA,NA,NA,78,79,78,92,77,95,78,86,103,104,102,77,74,77,76,79,84,84,85,85,84,81,78,83,68,76,78,70,80,73,77,78,78,79,76,79,79,71,72,72,74,71,66,69,69,65,83,89,75,92,71,78,83,94,91,86,77,93,96,77,85,82,85,88,79,78,76,67,75,72,75,73,67,79,74,76,76,73,74,78,82,87,78,67,78,80,77,80,85,81,67,88,76,67,73,78,74,77,72,68,81,69,81,67,76,78,70,73,82,75,80,76,72,74,76,78,73,74,76,59,81,81,66,64,64,81,79,64,77,73,81,71,62,78,72,70,68,72,60,70,65,73,83,68,69,77,81,72,80,65,74,79,80,77,74,83,67,73,75,75,73,70,74,68,70,80,81,76,70,72,65,66,82,74,81,69,83,80,76,80,72,78,78,71,73,77,87,81,66,69,74,77,81,81,70,77,70,65,76,72,69,69,69,69,68,73,79,72,73,65,66,64,60,57,55,63,61,61,55,48,61,63,64,68,74,68,66,60,74,78,63,87,63,67,74,76,77,76,75,74,78,66,86,73,79,76,71,78,85,78,73,86,83,83,92,79,80,84,85,87,85,65,83,70,74,79,78,77,82,75,76,79,70,79,76,74,78,76,77,77,71,80,81,81,76,79,81,86,83,79,82,83,82,79,80,77,78,77,73,79,86,94,99,93,90,95,90,87,88,86,90,91,91,91,91,92,93,101,NA,NA,NA,NA,NA,NA,NA,NA,NA,NA,NA,NA,NA,NA,NA,NA,NA,NA,NA,NA,NA,NA,NA,NA,NA,NA,NA,NA,NA,NA,NA,NA,NA,NA,NA,NA,NA,NA,NA,NA,NA,NA,NA,NA,NA,NA,NA,NA
NA,NA,NA,NA,NA,NA,NA,NA,NA,NA,NA,NA,NA,NA,NA,NA,NA,NA,NA,NA,NA,NA,NA,NA,NA,NA,NA,NA,NA,NA,NA,NA,NA,NA,93,80,93,92,76,94,87,87,85,84,105,104,104,79,81,78,79,84,82,86,73,71,70,82,74,70,79,73,81,76,74,77,84,75,78,78,76,77,72,64,68,71,72,76,67,70,70,73,78,76,91,82,82,85,76,94,81,94,90,102,82,89,83,78,90,79,73,79,73,80,76,76,77,72,78,67,76,66,74,69,81,80,82,72,77,69,75,72,83,78,71,73,84,68,72,82,81,68,68,73,78,73,71,83,76,78,78,79,72,70,86,78,84,71,77,81,74,74,74,64,73,71,74,73,71,78,85,64,66,82,66,69,73,85,73,62,74,70,73,81,60,82,68,65,74,69,80,81,72,73,72,77,66,90,81,76,77,66,68,75,66,75,75,73,76,77,75,72,75,76,63,73,72,65,78,82,82,78,81,85,82,88,80,75,78,74,81,68,73,78,79,72,85,86,73,79,72,76,67,66,82,68,72,73,78,74,82,72,57,63,73,76,66,61,64,55,64,56,58,52,61,59,61,65,67,71,64,73,59,79,68,68,63,69,74,65,69,75,78,76,66,66,73,77,78,74,78,79,82,79,77,76,78,82,86,87,88,82,82,68,82,79,72,76,73,77,75,78,83,77,78,71,70,70,77,76,80,82,69,78,85,83,80,82,73,82,87,85,83,78,83,84,80,72,80,78,74,77,80,85,95,87,90,95,95,86,94,88,98,91,91,91,90,90,91,92,100,90,100,NA,NA,NA,NA,NA,NA,NA,NA,NA,NA,NA,NA,NA,NA,NA,NA,NA,NA,NA,NA,NA,NA,NA,NA,NA,NA,NA,NA,NA,NA,NA,NA,NA,NA,NA,NA,NA,NA,NA,NA,NA,NA,NA,NA,NA,NA,NA
NA,NA,NA,NA,NA,NA,NA,NA,NA,NA,NA,NA,NA,NA,NA,NA,NA,NA,NA,NA,NA,NA,NA,NA,NA,NA,NA,NA,NA,NA,NA,NA,NA,83,83,77,80,79,101,92,99,85,92,84,77,74,102,78,78,81,77,79,74,78,79,72,75,81,73,80,73,79,80,74,81,71,78,81,75,75,76,75,68,76,64,74,73,71,80,67,64,73,76,76,91,75,83,87,77,89,77,75,87,101,76,83,84,87,87,78,71,85,78,78,68,83,80,78,74,81,71,67,81,69,66,72,84,76,71,72,79,78,73,84,73,82,79,86,84,71,71,78,68,75,66,81,74,73,72,73,74,73,78,85,84,69,78,68,80,80,73,71,73,69,63,77,72,69,71,70,70,70,72,69,71,67,79,79,63,61,79,64,69,74,74,73,75,89,72,79,69,69,69,76,71,72,76,72,84,64,70,68,77,73,70,77,74,75,75,71,71,74,68,62,71,64,73,70,81,75,79,76,69,82,80,82,81,77,83,74,71,75,69,75,76,70,78,72,79,73,69,83,74,71,74,78,66,72,77,67,76,69,69,68,71,69,67,65,66,62,61,56,56,57,54,57,62,61,67,66,66,69,66,78,77,75,70,80,66,66,76,75,69,77,70,73,73,76,72,72,76,93,84,81,83,81,88,84,82,81,78,87,85,73,73,76,77,79,82,67,70,70,78,77,74,77,74,75,79,77,82,73,71,79,80,77,83,89,81,84,83,84,80,81,83,79,79,77,76,73,91,80,90,86,87,94,89,94,86,95,93,97,91,86,89,95,96,89,97,92,101,100,95,93,93,92,NA,NA,NA,NA,NA,NA,NA,NA,NA,NA,NA,NA,NA,NA,NA,NA,NA,NA,NA,NA,NA,NA,NA,NA,NA,NA,NA,NA,NA,NA,NA,NA,NA,NA,NA,NA,NA,NA,NA,NA,NA,NA,NA,NA
NA,NA,NA,NA,NA,NA,NA,NA,NA,NA,NA,NA,NA,NA,NA,NA,NA,NA,NA,NA,NA,NA,NA,NA,NA,NA,NA,NA,NA,NA,NA,NA,85,NA,82,78,98,78,74,94,92,91,85,93,101,77,85,71,74,78,78,78,77,77,80,73,70,72,73,81,73,78,81,72,80,73,75,76,69,75,73,66,76,71,74,76,71,69,70,78,76,68,75,73,73,73,80,80,76,87,73,94,91,90,91,75,86,83,88,86,80,82,76,78,81,77,70,82,65,71,76,72,71,68,67,77,74,77,66,76,77,73,71,74,77,81,76,84,78,82,75,77,82,71,75,79,77,71,78,81,75,73,75,70,74,87,78,69,74,81,68,71,75,73,67,76,77,65,80,69,74,65,65,66,72,75,69,72,65,73,68,70,65,65,75,79,62,76,73,66,76,72,72,73,68,82,72,80,74,75,70,67,71,70,74,71,78,74,77,83,76,72,66,62,81,68,63,77,63,82,78,76,75,75,79,63,72,76,76,77,77,79,66,88,61,75,72,67,70,69,70,66,75,80,70,71,84,76,75,70,67,60,76,56,76,59,65,57,58,57,62,60,58,57,64,55,65,66,69,67,62,66,62,76,66,71,76,74,72,75,71,73,85,78,70,69,72,76,69,86,90,77,83,79,86,88,78,90,91,81,93,89,86,71,72,76,69,73,75,77,77,70,80,77,71,70,76,77,80,78,76,74,80,85,80,76,83,83,81,82,74,82,82,78,79,81,84,77,79,81,70,80,90,88,94,94,94,94,94,96,97,94,87,90,94,95,96,97,93,102,99,90,96,97,96,96,99,NA,NA,NA,NA,NA,NA,NA,NA,NA,NA,NA,NA,NA,NA,NA,NA,NA,NA,NA,NA,NA,NA,NA,NA,NA,NA,NA,NA,NA,NA,NA,NA,NA,NA,NA,NA,NA,NA,NA,NA,NA,NA,NA
NA,NA,NA,NA,NA,NA,NA,NA,NA,NA,NA,NA,NA,NA,NA,NA,NA,NA,NA,NA,NA,NA,NA,NA,NA,NA,NA,NA,NA,NA,NA,87,83,83,82,94,92,86,87,95,100,96,92,94,84,99,88,86,73,86,73,80,100,87,79,68,86,96,73,75,69,77,74,74,79,78,76,75,71,73,65,75,69,70,64,64,66,67,77,82,77,66,73,77,77,75,75,80,76,69,94,92,92,107,97,90,84,92,78,85,83,78,74,81,72,75,77,81,72,80,68,82,68,67,67,72,75,71,81,79,69,95,83,70,75,65,82,75,74,84,78,78,72,81,78,79,76,72,77,72,66,72,83,73,76,81,80,81,76,70,75,78,76,75,69,76,60,64,67,68,70,80,79,73,73,73,75,73,75,72,70,62,70,69,72,76,77,71,77,64,60,67,72,76,69,75,79,73,80,66,67,73,83,74,73,76,71,75,73,74,82,78,70,64,76,72,84,81,81,79,84,76,71,78,79,78,66,76,76,73,74,61,74,65,71,68,80,74,76,67,77,80,77,74,65,78,73,72,60,68,64,72,71,71,70,69,57,59,59,56,65,63,65,71,64,60,71,68,64,63,68,69,64,76,83,63,62,67,71,72,67,67,73,70,80,80,89,83,86,90,76,76,77,84,80,84,86,85,78,79,95,72,80,78,84,72,75,75,72,73,77,65,70,70,72,75,78,78,93,75,74,84,81,82,78,84,88,75,82,76,82,79,72,81,73,79,78,67,71,77,83,93,86,95,96,90,95,87,86,86,91,89,87,85,89,91,94,97,86,99,87,100,91,96,95,95,NA,97,111,NA,NA,NA,NA,NA,NA,NA,NA,NA,NA,NA,NA,NA,NA,NA,NA,NA,NA,NA,NA,NA,NA,NA,NA,NA,NA,NA,NA,NA,NA,NA,NA,NA,NA,NA,NA,NA,NA,NA,NA,NA
NA,NA,NA,NA,NA,NA,NA,NA,NA,NA,NA,NA,NA,NA,NA,NA,NA,NA,NA,NA,NA,NA,NA,NA,NA,NA,NA,NA,NA,NA,NA,NA,87,85,87,96,96,86,92,98,97,97,94,85,90,88,87,85,92,94,100,98,102,71,87,76,69,95,94,73,68,86,76,70,77,69,68,68,78,80,69,75,66,69,73,71,70,77,66,67,82,66,77,78,67,71,79,78,79,86,72,87,84,93,95,76,91,92,89,85,82,84,77,81,82,72,73,73,70,69,76,74,68,67,66,76,64,76,64,75,75,86,85,80,63,68,86,78,70,75,80,82,80,75,84,66,69,77,82,74,68,71,70,71,77,83,77,71,72,72,73,73,77,74,75,66,76,69,79,80,74,61,68,70,64,78,71,73,59,71,67,59,66,71,63,71,61,66,60,86,77,72,76,66,79,66,65,65,69,65,70,69,64,68,70,67,72,73,80,65,72,65,63,75,81,84,74,78,81,83,75,77,76,72,81,71,63,74,74,76,77,86,87,78,66,73,77,66,67,77,74,78,77,74,71,78,70,72,71,70,73,64,70,69,61,60,66,56,64,58,59,53,60,56,59,55,61,65,69,68,68,75,66,75,81,76,86,72,66,74,65,73,73,76,70,75,82,76,78,79,69,86,85,90,91,87,90,84,77,75,75,73,69,87,84,69,69,75,78,67,73,68,75,72,74,80,74,72,91,71,79,76,85,82,79,77,73,81,72,83,79,81,77,72,76,68,75,68,82,80,82,93,97,93,92,94,87,86,89,90,97,87,87,92,89,92,88,94,91,95,97,96,94,94,99,107,111,107,NA,NA,NA,NA,NA,NA,NA,NA,NA,NA,NA,NA,NA,NA,NA,NA,NA,NA,NA,NA,NA,NA,NA,NA,NA,NA,NA,NA,NA,NA,NA,NA,NA,NA,NA,NA,NA,NA,NA,NA,NA,NA
NA,NA,NA,NA,NA,NA,NA,NA,NA,NA,NA,NA,NA,NA,NA,NA,NA,NA,NA,NA,NA,NA,NA,NA,NA,NA,NA,NA,82,94,87,92,86,86,84,90,84,90,97,95,97,97,97,100,98,89,85,86,91,94,95,91,98,96,87,88,87,69,72,95,68,89,73,72,72,72,70,66,68,76,76,66,78,71,76,86,77,71,69,74,65,84,71,77,83,79,74,79,74,81,81,92,88,90,78,89,84,86,91,83,86,83,77,86,88,74,77,77,78,74,73,80,82,73,73,78,74,69,70,82,72,69,76,68,83,83,81,78,73,75,83,76,80,71,73,77,83,69,75,86,79,88,84,84,74,73,79,74,78,77,76,77,76,72,75,73,63,76,77,68,64,61,71,71,76,64,74,72,68,70,80,69,66,75,74,71,64,69,71,81,68,73,60,70,73,75,61,71,68,72,63,67,74,71,67,75,69,73,75,65,66,59,65,72,83,78,83,73,78,77,75,73,82,78,87,87,78,74,89,73,70,73,76,84,67,74,67,65,65,72,68,80,76,69,80,72,77,65,69,67,65,71,63,75,69,69,69,54,52,69,64,52,56,57,56,61,63,62,66,66,63,67,73,83,75,77,75,68,77,72,70,79,67,75,83,76,80,78,80,85,82,86,61,64,91,94,76,80,78,77,89,85,77,77,91,72,79,76,73,70,66,73,73,75,73,75,87,86,70,70,79,82,79,85,76,74,80,75,76,77,77,79,78,78,69,76,84,70,81,81,95,89,89,92,88,94,85,85,91,97,91,93,90,89,89,88,91,93,96,91,89,93,100,108,96,109,98,110,NA,NA,NA,NA,NA,NA,NA,NA,NA,NA,NA,NA,NA,NA,NA,NA,NA,NA,NA,NA,NA,NA,NA,NA,NA,NA,NA,NA,NA,NA,NA,NA,NA,NA,NA,NA,NA,NA,NA,NA,NA,NA
NA,NA,NA,NA,NA,NA,NA,NA,NA,NA,NA,NA,NA,NA,NA,NA,NA,NA,NA,NA,NA,NA,NA,NA,NA,NA,NA,NA,NA,83,94,85,83,92,84,87,87,83,94,94,89,95,97,97,95,99,90,89,91,90,76,97,90,95,96,73,96,73,89,94,96,76,91,72,74,69,69,71,71,69,77,67,68,72,70,74,75,64,68,72,66,65,75,68,74,78,75,81,79,74,69,79,91,85,86,85,82,84,88,82,87,85,84,80,84,72,76,76,73,75,77,77,87,76,76,81,75,71,81,77,69,75,83,76,71,70,83,71,65,70,70,78,74,79,73,74,76,71,72,70,78,73,82,72,72,83,73,80,87,71,77,78,81,85,73,65,68,76,68,75,75,74,61,70,55,65,83,78,79,65,68,66,74,69,65,63,70,73,78,76,76,78,66,81,75,69,82,68,70,72,69,73,69,62,74,67,74,73,75,69,64,62,62,86,68,83,70,84,78,80,78,71,79,66,79,63,78,76,70,78,76,74,100,76,83,66,70,74,84,74,75,76,76,84,78,76,66,67,66,66,56,67,70,68,69,63,68,67,51,57,57,71,63,58,59,68,64,70,67,63,62,73,66,76,68,70,71,66,72,66,81,71,72,72,80,72,91,74,87,69,82,84,77,93,85,83,86,79,74,77,76,77,66,87,73,78,72,71,76,70,69,74,68,72,73,74,78,71,77,77,74,80,77,81,75,76,78,73,78,75,70,81,77,81,72,72,85,81,82,86,88,91,93,88,94,87,85,84,95,87,93,89,95,97,99,91,88,89,97,97,98,94,102,107,95,108,97,98,NA,NA,NA,NA,NA,NA,NA,NA,NA,NA,NA,NA,NA,NA,NA,NA,NA,NA,NA,NA,NA,NA,NA,NA,NA,NA,NA,NA,NA,NA,NA,NA,NA,NA,NA,NA,NA,NA,NA,NA,NA,NA
NA,NA,NA,NA,NA,NA,NA,NA,NA,NA,NA,NA,NA,NA,NA,NA,NA,NA,NA,NA,NA,NA,NA,NA,NA,NA,NA,NA,NA,82,86,93,86,87,86,84,94,86,90,86,85,91,84,97,97,84,90,94,95,95,73,84,98,91,78,88,88,73,87,87,73,74,75,95,78,69,76,63,69,70,70,76,65,65,70,65,77,71,73,76,71,64,81,83,70,72,79,75,76,76,82,84,82,86,86,87,91,82,80,82,76,69,76,86,80,85,77,79,81,71,78,76,74,66,71,80,77,72,69,65,64,73,88,90,75,78,75,72,64,81,70,75,81,76,76,76,71,69,80,76,78,77,80,69,78,74,80,72,81,82,78,75,79,76,78,82,81,72,76,68,65,80,78,71,78,77,67,57,65,70,73,69,58,58,70,64,70,68,73,55,74,73,70,71,79,70,71,68,72,70,67,70,72,72,69,79,69,66,72,64,74,74,71,84,66,73,80,62,78,83,76,77,79,60,90,69,59,73,69,70,81,72,74,76,86,67,71,73,75,77,79,67,79,81,73,64,79,64,62,71,69,75,73,69,73,60,62,60,64,59,64,67,61,56,66,61,67,64,59,66,62,63,82,73,59,68,69,67,67,65,83,77,71,81,83,93,92,74,75,86,88,73,83,92,78,84,81,69,68,75,77,74,84,75,72,78,74,74,75,71,73,69,79,74,74,78,72,77,77,76,81,82,77,79,76,75,74,73,77,86,81,76,71,70,81,83,79,78,79,92,87,93,87,96,95,93,86,93,86,86,85,89,96,89,97,97,89,90,98,94,97,102,95,106,107,107,107,107,NA,NA,NA,NA,NA,NA,NA,NA,NA,NA,NA,NA,NA,NA,NA,NA,NA,NA,NA,NA,NA,NA,NA,NA,NA,NA,NA,NA,NA,NA,NA,NA,NA,NA,NA,NA,NA,NA,NA,NA,NA,NA
NA,NA,NA,NA,NA,NA,NA,NA,NA,NA,NA,NA,NA,NA,NA,NA,NA,NA,NA,NA,NA,NA,NA,NA,NA,NA,NA,NA,NA,85,84,85,84,90,85,88,83,84,87,88,84,86,82,81,99,96,89,95,96,96,91,92,86,99,92,97,86,91,73,97,97,93,73,96,93,74,72,73,78,65,63,69,75,67,71,70,68,74,74,71,75,65,63,77,64,75,70,76,75,78,76,78,79,81,80,87,79,90,84,77,83,89,86,84,72,80,82,77,77,77,74,76,73,74,78,83,77,72,73,69,68,69,75,65,74,75,67,80,74,70,74,78,79,78,74,72,74,63,76,69,75,78,73,75,66,78,73,87,77,75,70,81,80,78,71,68,70,67,71,72,59,67,72,76,76,71,83,86,78,74,70,61,76,74,59,73,74,66,72,68,66,74,64,78,60,73,69,79,67,63,68,75,63,74,77,71,72,68,70,68,69,61,65,81,62,80,70,79,72,80,76,77,79,80,69,63,69,67,82,70,76,69,81,68,73,84,78,74,64,73,73,76,74,79,75,75,64,70,66,62,63,72,63,71,63,62,60,65,66,57,63,50,57,67,70,71,66,63,58,59,66,67,63,75,78,70,69,81,81,71,70,71,79,79,81,83,76,69,88,86,84,61,80,83,89,71,76,81,72,72,90,79,76,75,73,71,75,71,74,77,68,82,69,72,76,80,77,76,83,76,77,78,73,80,85,80,78,82,74,79,70,76,77,68,71,81,76,91,89,86,95,70,93,95,93,89,91,90,94,89,89,87,97,89,95,91,93,87,94,95,97,98,95,105,105,107,99,NA,108,108,NA,NA,NA,NA,NA,NA,NA,NA,NA,NA,NA,NA,NA,NA,NA,NA,NA,NA,NA,NA,NA,NA,NA,NA,NA,NA,NA,NA,NA,NA,NA,NA,NA,NA,NA,NA,NA,NA,NA,NA
NA,NA,NA,NA,NA,NA,NA,NA,NA,NA,NA,NA,NA,NA,NA,NA,NA,NA,NA,NA,NA,NA,NA,NA,NA,NA,NA,NA,NA,86,80,85,84,90,86,83,85,84,86,82,83,84,83,92,94,96,74,89,95,78,76,95,93,82,93,74,90,77,86,75,70,89,88,95,101,94,73,74,70,72,73,68,74,70,73,64,67,71,70,75,75,70,68,62,68,69,74,73,76,74,73,73,78,78,74,81,85,84,78,81,82,78,75,79,72,74,77,78,72,74,78,73,76,77,73,73,79,73,75,74,72,75,77,73,70,76,68,74,72,80,72,71,69,73,73,75,65,71,80,74,74,78,72,67,68,72,74,73,76,81,82,74,79,79,78,75,64,64,71,79,70,71,75,61,56,75,73,78,92,80,77,70,61,70,76,70,57,74,70,70,62,74,80,71,58,65,74,68,62,64,68,64,77,72,67,63,61,71,69,76,61,82,74,68,76,79,76,78,75,70,75,76,72,68,67,72,67,72,73,68,70,84,78,83,66,74,81,71,70,63,76,74,77,74,78,78,71,70,67,60,65,72,61,61,77,65,61,70,69,71,63,60,57,57,57,68,69,62,65,63,62,63,83,66,74,64,70,72,69,68,69,82,76,78,76,80,74,79,66,88,83,84,87,87,67,68,83,72,78,72,76,81,73,75,71,72,65,67,74,68,69,76,77,79,83,82,74,78,95,80,73,74,85,81,83,79,80,85,76,73,73,75,84,88,83,81,69,93,84,93,71,90,84,91,89,89,93,85,94,86,88,91,98,96,89,95,91,92,92,99,99,90,102,93,93,95,95,94,94,108,NA,NA,NA,NA,NA,NA,NA,NA,NA,NA,NA,NA,NA,NA,NA,NA,NA,NA,NA,NA,NA,NA,NA,NA,NA,NA,NA,NA,NA,NA,NA,NA,NA,NA,NA,NA,NA,NA,NA,NA
NA,NA,NA,NA,NA,NA,NA,NA,NA,NA,NA,NA,NA,NA,NA,NA,NA,NA,NA,NA,NA,NA,NA,NA,NA,NA,NA,NA,90,90,86,86,84,85,84,89,86,85,86,86,88,82,97,81,97,97,94,74,96,75,97,86,72,95,86,93,97,95,82,82,72,91,72,91,90,82,71,71,71,70,70,71,73,68,69,63,67,69,63,69,71,69,74,70,66,65,71,74,82,77,69,78,80,75,81,86,87,86,77,83,81,75,80,77,77,89,76,71,70,86,73,74,80,77,76,75,75,78,68,75,65,68,77,73,73,69,70,70,77,79,71,75,67,77,74,74,74,77,85,77,85,70,71,71,72,71,78,74,78,68,72,85,68,79,75,73,67,67,59,72,67,71,80,69,81,64,76,66,76,74,67,68,58,70,61,80,60,62,71,73,62,75,74,76,64,76,61,67,60,68,61,72,76,78,79,69,77,80,73,72,70,70,66,79,77,76,78,80,70,76,85,79,74,71,74,74,71,66,77,81,70,76,89,85,85,66,74,74,68,72,77,67,70,74,88,60,66,76,69,68,66,66,71,68,64,59,58,72,64,60,62,65,63,66,70,72,71,61,64,65,75,79,73,70,64,71,71,75,80,77,83,75,75,77,76,79,85,81,79,91,88,82,78,84,68,71,78,71,71,69,72,80,73,77,67,73,79,65,80,80,79,77,78,79,85,74,80,80,80,77,72,73,83,83,74,78,77,75,69,74,75,71,85,84,84,73,75,75,74,74,89,88,97,90,98,88,94,92,87,86,92,90,93,89,91,90,86,90,100,97,97,95,94,93,95,94,103,91,108,93,NA,NA,NA,NA,NA,NA,NA,NA,NA,NA,NA,NA,NA,NA,NA,NA,NA,NA,NA,NA,NA,NA,NA,NA,NA,NA,NA,NA,NA,NA,NA,NA,NA,NA,NA,NA,NA,NA,NA,NA
NA,NA,NA,NA,NA,NA,NA,NA,NA,NA,NA,NA,NA,NA,NA,NA,NA,NA,NA,NA,NA,NA,NA,NA,NA,NA,NA,89,81,89,89,89,80,85,82,81,81,83,89,85,80,86,84,78,85,96,85,98,94,99,96,96,82,87,93,90,96,89,91,85,95,90,90,86,85,86,86,68,70,67,65,63,76,72,73,63,68,75,68,68,63,73,78,70,66,66,74,76,74,80,77,91,77,80,83,81,82,83,85,83,79,88,82,80,71,79,84,73,72,85,76,75,73,72,69,79,71,74,72,73,75,68,79,82,72,69,66,71,70,83,76,72,78,65,75,71,70,69,76,75,77,78,72,63,80,75,72,80,62,76,69,80,82,84,73,76,84,63,69,74,68,59,76,80,73,72,78,75,70,73,69,81,67,59,69,71,69,68,72,76,66,67,70,60,80,79,75,66,63,69,71,66,73,67,62,78,65,75,66,69,74,70,67,77,78,81,68,73,78,72,83,81,79,78,67,76,66,71,76,79,72,84,80,70,91,69,76,76,75,65,68,68,76,75,67,66,76,59,71,67,68,65,75,73,63,68,64,63,52,58,60,70,56,69,54,64,63,62,58,74,76,67,71,64,65,61,72,71,79,84,70,76,81,77,69,65,83,81,91,84,78,83,87,80,78,86,69,75,75,71,69,78,71,68,73,70,73,72,78,85,80,77,76,78,82,81,77,76,79,69,82,72,80,72,72,79,82,75,76,75,72,70,74,86,82,89,95,88,88,88,89,93,92,94,96,91,92,92,88,91,94,95,95,90,90,94,96,94,99,97,93,94,96,97,92,103,92,104,94,104,95,96,NA,NA,NA,NA,NA,NA,NA,NA,NA,NA,NA,NA,NA,NA,NA,NA,NA,NA,NA,NA,NA,NA,NA,NA,NA,NA,NA,NA,NA,NA,NA,NA,NA,NA,NA,NA,NA,NA
NA,NA,NA,NA,NA,NA,NA,NA,NA,NA,NA,NA,NA,NA,NA,NA,NA,NA,NA,NA,NA,NA,NA,NA,NA,NA,NA,87,90,86,82,86,90,79,90,85,85,87,82,83,86,82,81,82,84,91,81,78,97,94,97,96,93,84,92,94,90,94,93,95,93,93,88,93,71,85,90,86,68,72,76,69,66,73,76,69,65,73,79,68,66,66,69,77,65,71,74,74,72,83,71,85,72,81,83,85,85,88,71,68,82,76,85,81,67,80,81,73,79,74,79,80,75,77,70,73,77,69,75,77,67,76,73,75,80,73,70,72,66,77,68,69,78,70,66,83,62,74,73,74,67,74,74,75,74,74,72,68,77,77,67,66,81,80,75,73,77,70,72,68,74,56,78,66,69,69,74,71,61,66,78,74,62,71,77,75,71,63,68,66,68,59,76,63,80,70,69,62,65,73,70,65,69,78,68,75,68,74,66,70,74,71,60,75,64,78,78,73,68,78,69,75,76,63,72,64,77,67,76,66,77,77,77,80,61,68,75,73,70,75,65,81,72,68,71,68,67,67,70,53,66,57,70,64,62,67,64,77,58,60,70,64,59,62,54,65,58,73,77,77,68,75,61,71,67,64,71,72,73,70,73,78,62,68,70,76,83,79,81,82,77,76,91,84,82,86,78,82,79,72,77,79,73,76,70,79,80,79,84,79,71,76,84,73,78,72,76,76,81,73,71,80,74,80,73,75,70,70,77,81,67,77,73,70,91,92,88,93,93,87,88,93,96,94,92,88,96,91,92,89,90,90,91,92,94,91,93,93,92,92,94,92,97,94,103,102,104,95,93,94,94,NA,NA,NA,NA,NA,NA,NA,NA,NA,NA,NA,NA,NA,NA,NA,NA,NA,NA,NA,NA,NA,NA,NA,NA,NA,NA,NA,NA,NA,NA,NA,NA,NA,NA,NA,NA,NA,NA,NA
NA,NA,NA,NA,NA,NA,NA,NA,NA,NA,NA,NA,NA,NA,NA,NA,NA,NA,NA,NA,NA,NA,NA,NA,NA,NA,NA,87,86,90,89,87,80,86,85,90,86,85,83,85,82,78,77,80,86,85,97,95,93,94,93,97,97,92,89,93,89,90,86,87,92,89,87,94,92,94,94,83,81,82,71,69,79,71,70,63,61,73,75,76,68,67,64,72,72,75,69,71,81,73,81,79,77,83,80,77,77,82,79,74,80,76,87,78,85,71,72,77,80,78,71,73,73,72,72,72,68,75,66,72,76,72,73,77,76,76,73,71,67,68,62,75,67,80,75,63,67,81,72,71,76,80,69,65,71,75,82,66,72,80,86,77,71,78,76,69,73,71,71,69,65,58,72,75,71,61,71,68,73,82,75,75,58,64,72,66,71,69,75,74,71,68,75,61,67,69,64,66,70,69,65,66,70,76,76,75,78,76,80,75,73,77,66,66,71,72,74,73,71,78,73,73,81,79,76,62,69,71,58,75,80,70,69,73,72,64,74,67,73,67,73,78,83,77,65,66,62,66,65,63,61,64,68,69,63,77,64,58,55,62,54,64,58,58,60,60,75,63,75,72,79,76,62,74,69,84,78,76,75,70,77,72,74,63,60,83,79,81,83,88,62,61,66,88,83,75,84,71,66,75,71,71,71,74,70,68,68,69,83,74,76,85,78,67,67,78,72,80,74,73,76,77,78,83,81,74,73,69,69,81,72,79,71,70,72,88,91,94,90,83,92,94,90,93,93,92,91,94,93,89,92,93,92,90,93,89,93,96,95,89,90,87,97,92,88,103,95,92,92,104,104,96,101,NA,NA,NA,NA,NA,NA,NA,NA,NA,NA,NA,NA,NA,NA,NA,NA,NA,NA,NA,NA,NA,NA,NA,NA,NA,NA,NA,NA,NA,NA,NA,NA,NA,NA,NA,NA,NA
NA,NA,NA,NA,NA,NA,NA,NA,NA,NA,NA,NA,NA,NA,NA,NA,NA,NA,NA,NA,NA,NA,NA,NA,NA,NA,NA,88,89,89,88,81,85,89,80,83,83,82,92,82,92,78,76,82,87,80,83,92,94,95,94,91,98,93,90,91,94,84,88,86,83,86,86,93,98,91,79,88,94,66,69,86,75,86,68,64,63,68,68,72,83,60,62,65,63,68,69,71,79,63,78,73,79,78,83,82,83,73,87,88,87,86,72,72,79,78,82,81,76,70,67,76,72,74,80,72,87,65,70,64,71,78,91,77,77,75,73,81,81,61,76,74,74,76,72,78,70,71,65,77,71,64,74,78,67,75,76,72,72,74,70,77,70,78,73,75,77,65,70,78,67,81,71,65,63,64,63,77,64,68,68,72,66,63,76,65,63,71,66,74,72,70,74,69,60,77,66,64,69,65,58,66,69,68,72,70,73,75,70,70,60,66,75,60,77,82,70,66,82,65,79,73,71,74,66,73,59,70,72,71,77,72,74,72,71,75,75,69,66,71,73,77,68,81,79,64,65,61,68,75,63,64,63,63,69,59,57,54,56,66,53,54,58,72,59,55,66,55,77,68,84,64,71,72,80,71,78,74,67,68,79,68,81,82,74,65,74,79,63,67,65,79,85,79,80,84,82,72,69,76,74,74,73,79,80,81,70,71,80,82,70,70,78,76,69,72,79,77,80,71,77,83,82,74,73,73,75,80,77,82,78,89,74,86,88,87,88,91,88,92,89,82,96,87,90,93,87,89,91,94,92,97,93,95,90,100,94,95,96,100,91,103,106,106,91,89,98,102,97,95,98,99,NA,NA,NA,NA,NA,NA,NA,NA,NA,NA,NA,NA,NA,NA,NA,NA,NA,NA,NA,NA,NA,NA,NA,NA,NA,NA,NA,NA,NA,NA,NA,NA,NA,NA,NA,NA,NA,NA
NA,NA,NA,NA,NA,NA,NA,NA,NA,NA,NA,NA,NA,NA,NA,NA,NA,NA,NA,NA,NA,NA,NA,NA,NA,NA,NA,90,88,83,88,87,85,84,82,81,82,84,76,81,83,83,80,84,91,80,81,84,86,82,92,94,93,97,96,90,97,91,83,87,82,84,93,80,68,97,64,66,95,96,97,74,74,75,72,71,68,69,68,75,71,68,67,64,63,64,65,70,67,83,73,80,79,80,76,76,78,85,83,78,83,87,60,85,91,76,81,79,66,78,77,75,71,82,80,72,74,77,68,81,64,72,69,84,76,70,76,81,79,68,75,80,79,74,79,72,71,70,76,71,69,63,70,58,70,63,69,81,69,77,76,79,79,69,81,75,72,80,65,70,73,80,61,64,61,83,69,76,61,69,72,67,75,66,57,83,66,64,75,67,72,68,77,77,75,67,60,68,78,65,69,65,69,72,75,71,77,65,58,60,74,77,71,78,79,72,75,67,70,81,69,65,86,68,65,76,78,72,73,68,72,68,84,82,66,68,74,62,67,69,66,77,68,64,62,71,64,70,55,60,58,64,69,63,55,62,56,55,64,64,52,62,64,61,63,65,59,63,63,63,62,58,72,60,71,70,70,80,71,69,70,71,78,63,80,82,77,62,65,81,73,87,70,69,82,84,76,69,73,76,72,77,75,78,76,71,73,72,75,76,76,76,75,75,74,72,73,74,75,72,77,72,79,74,77,76,70,68,82,67,87,89,67,86,85,89,89,91,88,84,89,88,86,89,83,87,93,92,90,95,100,99,97,89,86,94,94,93,93,94,101,105,105,101,89,98,97,102,103,103,97,102,102,NA,NA,NA,NA,NA,NA,NA,NA,NA,NA,NA,NA,NA,NA,NA,NA,NA,NA,NA,NA,NA,NA,NA,NA,NA,NA,NA,NA,NA,NA,NA,NA,NA,NA,NA,NA,NA
NA,NA,NA,NA,NA,NA,NA,NA,NA,NA,NA,NA,NA,NA,NA,NA,NA,NA,NA,NA,NA,NA,NA,NA,NA,NA,NA,90,85,85,80,90,88,85,82,85,85,80,87,76,81,79,84,91,96,83,82,88,85,86,83,79,95,92,87,91,92,86,92,90,94,83,86,88,91,92,96,85,92,97,80,95,84,92,68,74,65,83,65,76,77,76,69,66,67,64,71,74,70,69,77,63,80,73,82,71,83,88,76,76,82,79,83,77,85,72,67,84,67,66,66,68,77,75,73,66,68,71,74,62,64,64,72,66,74,75,76,73,79,70,73,75,70,76,84,74,77,65,68,69,71,68,72,70,63,72,66,73,73,67,70,71,74,79,70,79,70,73,68,70,71,73,79,58,70,68,57,67,65,68,71,68,70,64,71,68,76,69,71,65,73,66,65,63,74,79,71,61,74,63,74,66,67,76,67,68,69,65,71,68,72,79,78,77,62,74,77,73,63,79,62,64,71,62,61,67,69,75,76,83,62,67,79,81,85,75,73,75,64,64,78,68,60,61,67,62,69,70,68,55,55,63,67,65,54,60,60,60,60,59,63,62,64,55,61,56,63,59,64,73,66,63,67,66,72,74,69,73,79,71,69,63,72,74,81,80,77,69,70,81,87,72,73,70,75,70,73,74,73,80,74,77,76,71,72,63,65,67,81,79,70,72,75,73,79,75,78,67,78,80,67,80,75,74,75,71,84,79,72,85,93,90,84,86,88,89,88,90,86,85,85,91,86,85,86,91,90,93,85,95,92,90,90,90,94,90,92,93,94,91,101,98,96,97,102,103,92,96,102,99,100,100,103,96,101,NA,NA,NA,NA,NA,NA,NA,NA,NA,NA,NA,NA,NA,NA,NA,NA,NA,NA,NA,NA,NA,NA,NA,NA,NA,NA,NA,NA,NA,NA,NA,NA,NA,NA,NA
NA,NA,NA,NA,NA,NA,NA,NA,NA,NA,NA,NA,NA,NA,NA,NA,NA,NA,NA,NA,NA,NA,NA,NA,NA,NA,NA,86,86,90,86,91,92,86,83,83,84,80,82,82,77,91,81,90,92,90,82,89,79,83,81,86,79,94,86,84,81,88,87,93,92,84,91,85,82,96,82,94,88,89,100,91,92,91,78,70,68,69,82,87,72,82,64,64,62,66,66,68,61,59,68,87,81,72,83,79,80,78,82,74,74,73,78,85,81,78,83,80,75,73,76,69,67,70,74,77,71,64,76,75,66,67,80,65,64,67,66,82,73,83,82,78,64,75,77,83,75,80,71,63,67,68,71,71,66,67,63,73,70,76,70,66,76,74,79,73,71,76,74,71,68,68,79,71,73,58,76,77,59,62,70,74,68,67,59,60,70,80,73,70,66,67,73,69,75,83,64,69,71,63,67,67,64,67,66,75,70,70,66,76,74,68,79,59,82,68,74,68,76,73,62,66,72,64,71,76,75,81,71,73,82,76,71,76,75,75,75,75,68,68,66,63,62,65,61,67,66,68,51,66,75,62,59,58,58,57,60,60,53,70,58,63,60,62,53,58,71,73,57,68,64,66,60,74,71,72,78,86,70,76,68,69,71,69,69,75,69,72,75,74,74,71,70,77,70,71,71,66,84,76,76,77,77,69,77,61,62,68,74,75,72,74,75,64,81,72,75,69,70,69,79,74,80,77,80,79,86,72,86,92,71,69,91,86,90,92,87,93,84,94,87,87,85,89,89,85,84,87,96,99,87,96,101,101,99,98,93,100,89,90,79,97,96,98,96,105,96,102,96,98,99,93,93,100,NA,101,NA,NA,NA,NA,NA,NA,NA,NA,NA,NA,NA,NA,NA,NA,NA,NA,NA,NA,NA,NA,NA,NA,NA,NA,NA,NA,NA,NA,NA,NA,NA,NA,NA,NA
NA,NA,NA,NA,NA,NA,NA,NA,NA,NA,NA,NA,NA,NA,NA,NA,NA,NA,NA,NA,NA,NA,NA,NA,NA,86,85,87,85,85,81,80,81,85,81,82,83,83,82,81,91,92,79,79,82,93,91,76,95,85,81,88,84,81,79,80,79,85,85,84,99,98,82,86,85,84,87,94,93,93,66,91,92,85,89,82,70,86,72,90,69,67,68,64,63,61,67,61,66,68,81,85,67,76,81,78,71,71,77,67,80,78,77,81,74,78,79,82,81,73,70,67,76,75,76,67,72,70,64,74,67,63,72,65,72,68,82,72,75,73,67,68,80,65,75,73,81,81,71,81,75,65,63,61,69,66,69,71,64,71,67,67,73,75,81,71,74,69,69,74,69,69,61,71,66,69,62,84,56,75,77,65,73,57,59,60,53,66,64,63,70,74,71,78,79,75,58,76,64,62,68,68,69,70,79,65,69,72,74,76,80,73,70,69,76,62,81,68,63,76,63,72,63,67,71,71,79,72,80,71,69,66,65,80,82,68,66,69,60,65,78,61,75,59,66,61,71,62,60,71,57,72,58,62,60,61,63,60,55,58,60,62,55,55,59,66,60,69,67,79,65,68,66,70,69,67,76,67,73,82,62,81,75,76,75,73,82,76,76,77,70,68,73,80,76,71,71,65,68,80,74,81,69,78,67,78,70,78,72,74,80,71,83,85,72,73,74,73,74,80,75,75,83,74,81,81,77,75,74,91,69,85,86,85,88,88,92,98,91,88,92,90,91,90,95,87,86,90,81,87,100,85,85,89,93,88,88,81,88,80,96,95,95,97,93,95,104,97,102,104,95,91,91,103,NA,102,NA,NA,NA,NA,NA,NA,NA,NA,NA,NA,NA,NA,NA,NA,NA,NA,NA,NA,NA,NA,NA,NA,NA,NA,NA,NA,NA,NA,NA,NA,NA,NA,NA,NA
NA,NA,NA,NA,NA,NA,NA,NA,NA,NA,NA,NA,NA,NA,NA,NA,NA,NA,NA,NA,NA,NA,NA,NA,95,NA,88,83,86,85,86,74,82,85,85,87,86,83,81,86,83,82,93,86,88,91,90,84,86,84,83,83,82,98,80,82,77,82,84,85,79,93,97,86,99,86,83,85,94,93,86,93,82,85,82,88,91,88,79,78,71,86,64,63,69,62,62,68,69,70,62,81,68,71,70,78,74,71,72,68,76,77,75,84,82,78,72,79,84,85,82,71,70,71,79,80,76,75,62,65,65,69,63,71,62,71,83,73,78,74,68,59,65,72,68,63,82,75,61,64,77,71,69,76,71,72,70,66,73,74,75,67,68,71,78,64,69,73,65,75,79,62,62,73,67,73,68,70,65,79,66,68,66,68,67,67,63,67,56,64,57,70,65,66,71,80,70,70,63,77,68,70,65,76,74,77,56,71,75,71,78,70,77,66,74,72,78,66,69,64,69,72,69,66,75,77,83,70,75,78,66,65,67,74,64,70,70,69,67,66,59,60,64,62,58,64,62,60,71,55,61,72,50,55,53,53,60,64,61,60,64,60,60,63,55,60,60,65,67,67,66,75,71,78,63,73,78,71,77,73,73,78,79,77,65,75,70,78,72,63,76,80,70,76,68,71,71,86,80,73,75,75,78,64,73,70,71,75,76,79,71,74,62,75,72,71,78,70,81,89,70,81,70,69,77,88,85,83,88,72,90,73,86,83,90,89,90,88,89,90,94,91,90,88,89,92,88,85,88,94,85,86,99,92,90,77,99,79,80,95,99,95,102,95,101,92,101,102,92,102,95,92,103,100,100,NA,NA,NA,NA,NA,NA,NA,NA,NA,NA,NA,NA,NA,NA,NA,NA,NA,NA,NA,NA,NA,NA,NA,NA,NA,NA,NA,NA,NA,NA,NA,NA,NA,NA,NA
NA,NA,NA,NA,NA,NA,NA,NA,NA,NA,NA,NA,NA,NA,NA,NA,NA,NA,NA,NA,NA,85,NA,NA,90,81,83,88,88,88,86,83,79,82,82,83,82,78,85,78,80,77,81,88,83,89,84,81,85,81,86,79,82,95,80,95,82,85,91,83,95,82,95,98,83,83,86,85,93,86,86,84,88,88,86,93,85,82,82,79,70,70,87,66,63,68,61,67,63,83,74,74,84,70,79,81,79,72,78,69,81,82,84,76,75,78,76,84,85,76,80,83,82,76,68,76,84,82,71,79,69,75,75,62,65,71,71,71,66,75,68,71,67,64,77,71,64,76,71,71,65,68,72,68,59,65,66,76,65,71,75,66,67,73,65,75,74,66,78,64,68,66,69,70,62,67,69,75,75,73,64,64,76,70,70,67,67,64,65,62,60,77,70,71,64,76,71,77,67,78,76,62,65,70,68,61,73,73,69,64,71,69,75,72,66,68,80,64,64,79,80,68,69,68,64,76,72,73,73,62,69,65,76,77,79,76,72,68,73,65,66,61,64,70,64,62,72,60,68,55,48,68,45,46,54,69,51,54,50,61,59,64,60,63,72,43,71,61,77,78,65,66,79,72,72,66,55,76,77,67,64,78,77,73,65,70,80,74,81,75,71,73,69,68,67,68,75,84,72,70,78,72,80,76,75,66,72,76,77,74,63,77,76,76,76,81,69,81,71,77,72,67,69,69,75,67,82,84,71,84,84,87,87,88,86,82,87,86,91,89,93,94,89,86,93,84,90,95,95,87,90,94,86,95,86,97,99,97,95,97,96,94,101,98,95,95,92,93,102,92,93,92,93,98,NA,NA,NA,NA,NA,NA,NA,NA,NA,NA,NA,NA,NA,NA,NA,NA,NA,NA,NA,NA,NA,NA,NA,NA,NA,NA,NA,NA,NA,NA,NA,NA,NA,NA,NA,NA
NA,NA,NA,NA,NA,NA,NA,NA,NA,NA,NA,NA,NA,NA,NA,NA,NA,NA,NA,NA,NA,NA,85,95,95,83,94,90,82,81,82,89,81,78,79,85,79,81,85,88,88,81,78,86,88,90,79,84,76,97,79,99,85,80,83,97,89,84,94,81,82,84,87,95,94,93,87,84,82,85,81,87,82,85,82,81,85,88,87,82,84,70,71,62,67,79,67,69,74,59,69,84,75,66,69,75,78,78,79,70,71,75,83,79,74,78,80,77,78,71,74,75,79,78,77,66,74,73,75,65,70,65,73,75,67,63,72,72,67,64,65,71,71,65,65,65,63,65,75,79,76,68,71,75,68,71,70,63,80,73,72,60,67,72,74,75,80,72,70,70,72,63,78,67,54,72,64,77,70,64,66,71,66,79,68,68,59,68,64,71,68,75,72,71,68,80,60,77,70,68,70,67,71,65,67,73,62,65,63,71,78,74,71,73,69,76,78,74,68,68,68,72,68,66,69,69,77,76,75,68,78,61,74,75,79,75,64,73,71,58,67,58,66,66,64,67,58,65,51,58,68,55,67,61,54,50,52,59,55,55,66,51,65,57,70,63,68,73,68,70,70,73,75,74,71,64,73,67,62,67,71,69,69,68,69,70,65,77,72,74,73,69,88,69,70,65,76,73,67,82,74,70,78,78,75,74,71,66,75,82,71,80,76,71,74,73,71,81,69,64,84,85,77,88,79,86,85,77,86,79,76,87,85,86,84,89,86,91,82,86,87,79,89,81,81,82,81,90,81,91,84,91,80,97,95,87,99,93,95,96,92,101,91,98,93,95,101,99,91,103,100,94,98,92,99,NA,NA,NA,106,NA,NA,NA,NA,NA,NA,NA,NA,NA,NA,NA,NA,NA,NA,NA,NA,NA,NA,NA,NA,NA,NA,NA,NA,NA,NA,NA,NA,NA,NA,NA
NA,NA,NA,NA,NA,NA,NA,NA,NA,NA,NA,NA,NA,NA,NA,NA,NA,NA,NA,NA,NA,84,90,83,92,96,90,79,88,88,84,79,79,79,80,77,83,76,81,88,87,82,78,78,80,85,83,84,80,83,84,80,77,91,87,81,84,93,88,77,88,86,84,94,90,80,87,81,88,97,86,92,83,89,88,77,86,85,84,87,84,86,84,63,63,85,89,63,81,65,73,84,78,69,71,71,65,75,83,75,76,72,77,79,78,75,79,82,80,77,79,73,79,78,61,67,75,69,74,74,61,67,70,65,72,60,67,71,78,65,70,71,64,68,76,63,67,81,70,70,69,71,68,65,72,78,60,67,69,70,76,70,62,71,72,68,79,62,72,66,65,69,69,73,68,66,64,74,74,77,71,64,65,75,62,64,66,67,62,75,65,71,69,69,63,59,69,61,60,71,67,69,74,74,63,65,75,83,76,66,83,77,77,70,73,56,62,66,65,70,69,62,69,69,71,74,79,69,71,64,73,67,72,79,71,62,78,70,61,63,58,63,60,68,64,64,62,62,63,64,66,59,58,58,56,60,58,49,56,60,58,54,54,59,59,57,54,60,67,61,70,72,76,74,66,71,69,78,62,64,68,60,60,72,67,68,71,73,69,66,64,83,71,67,81,83,70,72,70,64,66,74,78,73,71,70,73,79,74,82,80,73,82,76,69,74,72,83,64,65,71,76,83,87,90,89,91,82,70,86,88,91,83,83,86,86,85,82,87,91,87,86,77,82,88,83,87,86,82,88,89,99,94,92,101,98,94,94,101,101,95,86,95,91,92,91,99,100,100,100,92,94,102,98,99,97,NA,106,NA,NA,NA,NA,NA,NA,NA,NA,NA,NA,NA,NA,NA,NA,NA,NA,NA,NA,NA,NA,NA,NA,NA,NA,NA,NA,NA,NA,NA,NA,NA,NA
NA,NA,NA,NA,NA,NA,NA,NA,NA,NA,NA,NA,NA,NA,NA,NA,NA,NA,NA,NA,83,83,83,84,94,91,93,95,92,88,81,85,87,86,82,88,78,82,78,84,81,78,81,87,91,81,85,83,84,86,88,79,82,78,82,82,75,87,81,97,86,91,85,81,91,95,84,90,92,79,88,86,87,84,80,81,92,86,87,83,83,86,83,83,84,79,69,60,74,73,82,73,80,76,67,80,79,70,66,72,84,81,72,80,82,69,70,78,75,83,82,72,78,71,75,74,70,72,77,68,69,67,67,69,72,72,64,66,67,61,65,67,67,69,64,61,55,76,80,72,69,62,69,73,71,75,69,69,64,67,65,76,75,65,73,70,74,85,66,73,60,77,71,65,68,69,60,67,63,78,71,69,73,78,73,64,63,72,63,52,73,75,63,67,86,74,75,76,60,71,65,72,72,66,82,72,78,71,69,72,71,75,58,65,70,65,70,68,67,67,60,73,76,74,75,72,69,72,72,71,68,68,78,62,72,64,70,67,67,58,68,57,59,71,62,64,68,66,63,57,69,52,57,54,57,64,52,56,50,66,58,62,60,56,60,62,60,71,73,66,68,64,71,69,57,75,70,68,65,73,78,72,60,63,73,60,66,66,71,70,75,69,78,71,74,69,66,90,72,73,81,78,71,70,71,72,70,67,73,72,79,74,79,76,83,58,84,67,63,71,69,66,62,84,80,83,83,86,82,90,85,86,86,88,90,73,85,90,81,88,87,84,82,79,88,86,88,95,95,86,80,87,85,98,98,92,102,99,98,101,100,88,87,99,99,98,93,98,91,91,89,96,97,82,101,97,104,NA,NA,NA,NA,NA,NA,NA,NA,NA,NA,NA,NA,NA,NA,NA,NA,NA,NA,NA,NA,NA,NA,NA,NA,NA,NA,NA,NA,NA,NA,NA,NA,NA
NA,NA,NA,NA,NA,NA,NA,NA,NA,NA,NA,NA,NA,NA,NA,NA,NA,NA,NA,NA,NA,84,91,79,93,92,93,95,90,91,91,86,86,89,89,83,84,82,83,84,82,91,90,81,88,89,80,86,85,80,81,86,83,82,83,80,78,86,84,78,84,84,92,82,82,80,88,82,84,86,84,93,92,89,87,80,82,92,82,89,87,86,79,85,83,89,84,83,65,85,78,71,77,77,81,86,66,77,78,84,63,82,86,76,80,85,75,77,76,74,78,78,85,77,69,74,64,66,70,65,65,71,63,69,82,67,70,82,62,69,61,76,65,67,68,67,69,62,72,58,60,62,63,65,81,84,71,68,64,70,79,70,78,80,75,70,74,73,65,73,72,63,69,62,83,70,81,61,73,72,69,57,72,64,67,58,63,59,73,71,63,64,72,77,65,66,74,69,66,75,71,64,57,63,74,78,70,77,73,81,74,72,64,63,74,72,62,68,66,75,66,76,77,67,69,63,72,63,67,72,74,76,72,76,67,63,72,64,55,64,57,62,63,65,61,69,57,54,62,53,64,63,67,68,59,57,66,73,57,62,50,62,57,53,64,51,49,70,68,63,66,61,64,66,63,73,68,70,68,59,76,64,63,65,68,73,72,68,83,68,63,75,80,70,75,79,72,83,66,78,77,64,72,58,67,70,76,76,75,75,80,72,69,68,67,61,64,87,65,81,66,84,72,81,84,84,68,89,90,87,85,84,84,85,84,84,89,84,80,83,93,80,76,82,81,80,85,84,95,85,88,99,85,86,99,83,102,97,99,98,86,98,91,92,98,98,90,98,94,92,101,101,86,98,97,100,105,104,NA,NA,NA,NA,NA,NA,NA,NA,NA,NA,NA,NA,NA,NA,NA,NA,NA,NA,NA,NA,NA,NA,NA,NA,NA,NA,NA,NA,NA,NA,NA,NA
NA,NA,NA,NA,NA,NA,NA,NA,NA,NA,NA,NA,NA,NA,NA,NA,NA,NA,NA,NA,81,NA,79,79,93,92,91,93,92,91,92,92,86,81,91,85,82,84,84,83,83,82,78,84,87,88,86,80,87,86,91,87,80,76,82,82,82,87,81,87,81,89,73,84,70,86,96,89,93,98,94,90,85,78,87,85,85,83,88,89,90,78,86,74,78,85,89,81,89,84,77,68,69,61,73,86,79,83,74,79,68,78,81,84,75,68,76,78,69,72,72,82,75,74,78,72,78,70,72,68,68,68,70,69,62,72,69,69,81,81,67,76,69,70,67,66,60,71,62,73,82,57,67,71,82,63,63,74,70,76,73,71,72,63,71,73,72,61,73,79,77,71,66,66,63,69,62,58,57,76,66,66,63,77,70,65,61,73,69,71,61,62,76,68,70,67,69,75,74,73,69,70,63,70,62,72,70,66,71,75,64,71,61,77,71,66,65,62,67,70,72,71,72,76,70,68,68,59,70,68,71,77,73,77,79,66,61,67,63,62,69,52,70,67,62,69,60,61,59,50,59,63,63,62,72,55,51,62,54,62,50,47,58,67,60,62,56,63,64,55,54,63,68,65,59,69,58,72,63,66,71,65,70,66,67,69,72,74,64,64,78,73,65,75,68,82,85,64,63,79,80,66,60,75,77,81,66,78,67,74,74,75,80,77,63,68,77,70,70,70,86,87,91,81,69,79,89,85,84,85,85,82,86,91,92,85,83,87,86,89,93,94,75,80,85,93,91,97,88,78,89,85,85,96,104,102,96,93,90,89,89,88,97,92,95,95,95,93,91,93,94,98,99,98,98,104,NA,NA,NA,NA,NA,NA,NA,NA,NA,NA,NA,NA,NA,NA,NA,NA,NA,NA,NA,NA,NA,NA,NA,NA,NA,NA,NA,NA,NA,NA,NA,NA,NA,NA
NA,NA,NA,NA,NA,NA,NA,NA,NA,NA,NA,NA,NA,NA,NA,NA,NA,NA,NA,NA,82,81,83,92,92,93,90,81,78,90,94,94,78,82,85,84,75,76,92,83,77,96,83,77,93,87,84,79,83,83,85,72,85,84,79,79,77,87,80,81,82,83,88,74,82,72,85,84,88,91,83,90,86,79,77,77,89,86,83,89,88,88,83,94,80,80,84,83,85,84,83,90,62,60,59,75,83,88,81,70,80,67,73,69,79,72,71,75,67,72,84,68,85,73,76,69,80,81,68,65,77,68,69,68,67,65,64,80,64,58,64,63,68,64,61,64,65,67,67,62,71,68,73,61,64,68,67,73,66,59,72,63,76,58,68,69,73,66,73,69,76,63,70,75,76,70,65,69,71,71,64,69,67,68,60,67,59,58,67,72,62,62,72,69,78,74,68,72,67,64,71,67,71,66,67,66,61,62,64,65,79,70,82,72,70,69,73,70,74,70,70,68,63,76,71,73,80,80,68,76,68,77,67,69,66,66,60,63,63,63,75,65,64,78,62,57,56,60,58,64,57,42,56,67,50,69,55,61,65,58,59,68,49,64,65,59,61,68,63,74,59,64,58,66,71,72,64,73,76,60,71,56,63,63,76,79,81,82,62,68,73,67,67,68,79,69,77,71,74,68,65,67,72,76,74,72,77,79,78,69,75,81,76,68,67,76,68,83,85,80,84,86,88,81,87,83,83,83,89,87,81,91,82,87,84,82,77,96,93,90,89,95,87,78,80,83,83,82,89,84,88,85,84,104,99,88,102,90,83,87,90,89,92,93,92,95,90,83,102,99,98,98,85,96,99,101,NA,NA,NA,NA,NA,NA,NA,NA,NA,NA,NA,NA,NA,NA,NA,NA,NA,NA,NA,NA,NA,NA,NA,NA,NA,NA,NA,NA,NA,NA,NA,NA,NA,NA
NA,NA,NA,NA,NA,NA,NA,NA,NA,NA,NA,NA,NA,NA,NA,NA,NA,NA,NA,NA,82,83,80,92,90,94,94,88,94,90,90,90,77,89,84,83,86,84,81,82,81,82,91,89,80,80,85,86,83,82,85,86,83,81,80,83,81,80,75,87,86,85,78,71,72,75,75,72,83,81,90,88,80,78,83,77,79,94,101,79,87,85,79,87,81,87,87,84,68,87,83,86,65,75,63,83,74,73,80,80,68,76,71,72,69,75,76,70,76,79,72,77,73,77,69,70,70,73,66,71,58,75,69,63,58,60,61,72,69,64,62,67,64,70,61,63,65,65,70,59,58,69,64,64,70,66,87,69,62,72,59,60,75,62,67,79,76,65,75,72,66,65,68,64,66,72,70,67,65,63,67,65,65,66,69,70,67,57,80,63,64,61,72,68,73,71,78,65,62,71,69,60,70,77,70,59,84,66,71,77,66,67,67,74,73,67,56,68,62,68,66,66,73,62,65,80,68,74,70,63,63,69,70,72,61,69,79,62,76,68,56,67,72,55,68,72,59,60,60,54,56,54,52,65,52,67,56,65,66,62,54,70,57,59,51,61,63,67,64,60,57,71,61,58,66,72,60,67,65,64,64,60,70,67,64,83,71,75,75,76,76,64,71,68,75,70,80,66,62,75,59,67,70,76,73,77,73,75,81,80,71,62,78,82,70,75,66,81,68,81,82,70,67,76,78,86,85,81,80,84,86,80,84,80,86,86,90,78,82,81,94,84,95,88,99,80,93,80,92,73,88,74,73,97,87,89,98,97,91,90,91,90,91,95,97,83,82,101,101,99,98,97,99,79,98,99,91,NA,NA,NA,NA,NA,NA,NA,NA,NA,NA,NA,NA,NA,NA,NA,NA,NA,NA,NA,NA,NA,NA,NA,NA,NA,NA,NA,NA,NA,NA,NA,NA,NA
NA,NA,NA,NA,NA,NA,NA,NA,NA,NA,NA,NA,NA,NA,NA,NA,NA,NA,NA,93,NA,80,79,83,81,95,95,95,82,80,86,80,77,87,89,76,86,90,81,80,87,88,76,84,79,80,84,83,80,84,74,84,80,73,81,83,79,78,87,87,84,80,78,80,73,76,82,77,87,78,80,80,80,82,85,82,83,84,89,79,93,84,93,76,84,79,83,85,79,82,82,83,84,83,83,68,77,87,91,85,84,64,74,71,73,69,74,76,78,76,82,74,75,72,75,76,73,69,69,70,67,66,71,65,75,64,65,64,59,66,67,65,76,64,69,81,78,68,62,63,64,73,59,60,75,70,64,72,71,82,65,74,72,69,66,69,74,60,62,64,66,64,76,61,65,65,64,67,67,64,73,62,63,63,67,58,67,68,62,57,67,65,71,77,73,70,73,71,55,69,66,66,71,59,79,67,75,80,86,75,68,59,64,65,70,71,57,74,74,60,67,66,66,74,71,69,64,60,66,79,71,71,82,63,76,72,56,79,61,66,64,77,59,68,64,64,65,65,59,64,54,56,60,53,51,50,61,53,64,64,58,57,57,53,61,59,60,67,57,61,55,72,75,73,71,65,75,60,65,69,72,68,68,63,79,65,77,83,71,76,65,72,71,72,67,70,68,71,74,72,71,79,66,74,78,73,75,69,64,75,64,73,81,78,81,68,71,69,89,84,82,90,85,84,78,83,81,85,88,85,84,84,81,86,84,88,80,83,83,92,79,98,96,97,73,85,76,75,76,78,76,95,88,93,88,91,86,88,93,92,94,92,92,94,98,100,97,101,92,98,87,79,101,101,83,91,NA,NA,NA,NA,NA,NA,NA,NA,NA,NA,NA,NA,NA,NA,NA,NA,NA,NA,NA,NA,NA,NA,NA,NA,NA,NA,NA,NA,NA,NA,NA,NA,NA,NA
NA,NA,NA,NA,NA,NA,NA,NA,NA,NA,NA,NA,NA,NA,NA,NA,NA,NA,NA,NA,92,79,76,79,80,95,87,92,82,82,87,79,86,79,89,80,77,86,85,89,97,83,85,79,86,86,80,86,87,79,83,80,79,83,73,83,79,79,72,83,82,79,83,78,76,75,81,74,77,82,89,79,80,93,85,78,86,86,85,83,82,74,95,93,89,79,92,78,80,80,80,72,73,82,84,76,78,81,84,75,66,80,67,75,64,77,69,73,74,81,83,75,64,73,70,81,72,62,68,71,70,71,74,67,66,72,69,73,66,65,76,68,63,70,68,66,73,71,67,62,65,72,63,67,76,66,69,73,65,58,76,75,66,64,66,76,70,61,69,68,69,71,58,71,67,71,82,66,71,66,68,59,64,67,61,55,77,77,59,54,78,66,66,76,68,71,72,60,72,62,68,66,69,59,73,68,66,73,60,69,66,64,62,60,72,79,70,59,58,57,69,76,67,68,64,72,69,71,80,69,71,69,74,70,74,67,62,68,59,63,66,71,64,65,66,55,52,70,60,48,59,55,62,57,58,58,70,59,58,60,54,57,63,54,64,59,61,59,65,61,56,68,68,54,58,71,72,61,68,67,68,70,69,67,63,64,81,77,75,81,81,68,69,73,67,68,70,66,70,77,72,76,67,76,82,70,70,67,69,70,65,68,65,68,66,68,86,86,72,84,82,81,81,85,86,83,82,87,84,83,89,83,85,88,83,79,87,84,80,95,77,103,98,83,84,95,72,75,76,99,87,87,85,96,90,93,88,95,94,94,94,89,93,98,94,99,98,96,103,101,94,100,94,100,91,91,89,NA,NA,NA,NA,NA,NA,NA,NA,NA,NA,NA,NA,NA,NA,NA,NA,NA,NA,NA,NA,NA,NA,NA,NA,NA,NA,NA,NA,NA,NA,NA,NA,NA
NA,NA,NA,NA,NA,NA,NA,NA,NA,NA,NA,NA,NA,NA,NA,NA,NA,NA,NA,96,NA,83,84,79,82,93,92,92,81,86,82,96,88,79,80,89,86,88,88,83,86,93,83,84,88,87,84,73,81,90,80,82,85,85,81,78,83,73,83,75,81,73,76,81,80,69,77,83,82,81,83,84,88,82,77,86,85,85,79,85,78,81,78,83,76,80,89,87,82,85,88,77,80,73,77,80,74,64,83,63,68,68,80,70,74,69,81,76,67,76,66,66,86,73,73,79,73,73,76,68,63,72,84,74,65,70,60,65,74,66,63,67,66,73,68,63,64,62,70,65,60,81,76,84,67,72,74,69,69,60,68,79,68,70,71,74,62,65,74,76,75,64,68,74,65,60,64,72,61,66,66,69,61,57,69,68,64,60,76,74,66,66,71,66,69,67,67,61,65,60,56,51,69,69,58,73,80,71,74,73,88,79,60,65,80,71,76,59,67,69,69,62,63,70,67,77,68,67,61,67,75,69,76,64,71,79,61,61,62,65,68,67,60,67,54,66,54,58,66,65,64,44,57,62,61,67,55,58,61,64,56,48,62,58,64,62,58,72,67,61,53,60,71,65,66,67,60,65,63,61,70,72,66,70,69,70,66,67,75,72,71,79,72,74,73,64,76,78,64,69,81,76,73,78,69,65,69,70,68,70,64,77,87,72,79,67,67,70,80,78,80,78,86,85,89,91,79,89,85,89,87,87,76,77,86,92,88,82,78,72,92,93,94,87,81,79,70,93,93,75,81,89,88,96,91,90,91,89,90,91,83,101,91,101,96,96,97,102,103,94,100,84,81,100,86,85,NA,NA,NA,NA,NA,NA,NA,NA,NA,NA,NA,NA,NA,NA,NA,NA,NA,NA,NA,NA,NA,NA,NA,NA,NA,NA,NA,NA,NA,NA,NA,NA,NA,NA
NA,NA,NA,NA,NA,NA,NA,NA,NA,NA,NA,NA,NA,NA,NA,NA,NA,NA,NA,79,96,93,90,80,83,84,84,90,91,81,79,85,97,89,89,89,92,90,84,94,84,74,91,83,83,86,79,87,80,81,84,75,84,81,83,79,71,80,82,76,82,84,74,77,77,82,78,78,87,76,76,83,94,84,92,87,88,84,79,93,75,80,78,86,84,86,86,72,79,83,86,87,74,84,77,89,74,80,88,86,70,86,68,65,69,83,67,72,69,79,75,75,65,83,76,73,70,68,72,69,67,70,67,54,68,73,62,59,67,63,72,63,72,56,63,61,63,59,61,66,73,73,74,79,74,72,80,72,72,54,70,67,67,80,61,72,69,73,76,62,57,71,73,65,73,68,67,59,64,56,48,63,72,62,65,60,75,57,67,64,75,66,57,75,70,71,69,55,60,60,57,61,69,76,64,76,70,68,73,65,74,73,60,67,63,63,68,75,66,67,70,54,69,69,67,72,79,70,73,70,71,76,66,66,71,80,69,63,59,63,61,70,63,56,71,53,58,58,62,66,64,63,52,60,67,58,62,57,51,63,60,58,65,64,67,63,61,66,75,52,74,77,69,66,67,69,66,62,65,64,65,73,59,74,79,71,74,70,78,70,74,69,79,74,72,73,70,68,68,68,83,63,81,72,80,76,65,65,64,82,70,67,70,61,71,70,72,84,81,83,87,81,87,85,88,84,84,79,85,85,89,90,95,86,97,92,74,75,93,79,93,105,94,81,85,96,76,70,91,99,76,97,99,84,86,87,99,97,92,97,104,104,101,98,94,89,96,103,102,99,102,82,84,84,83,81,87,NA,NA,87,NA,NA,NA,NA,NA,NA,NA,NA,NA,NA,NA,NA,NA,NA,NA,NA,NA,NA,NA,NA,NA,NA,NA,NA,NA,NA,NA,NA,NA,NA
NA,NA,NA,NA,NA,NA,NA,NA,NA,NA,NA,NA,NA,NA,NA,NA,NA,NA,NA,94,95,95,83,82,80,83,80,79,90,90,91,81,86,96,85,84,90,80,81,91,82,85,85,85,85,82,88,81,87,83,84,85,82,79,72,83,79,80,83,80,79,86,77,68,75,77,81,76,87,70,82,78,84,77,82,84,78,81,80,76,87,77,81,80,81,83,75,85,87,86,77,88,86,82,75,83,84,84,90,79,77,82,66,68,78,80,72,63,69,74,91,82,70,78,72,70,79,62,68,74,73,74,66,73,65,62,63,73,65,61,71,66,65,60,71,62,76,71,58,67,74,89,70,88,75,84,71,65,65,65,64,62,71,68,67,73,65,61,67,69,67,60,71,55,68,64,64,59,67,65,65,64,62,67,60,72,63,60,58,66,70,62,65,69,74,65,75,66,64,65,56,67,65,71,65,65,80,59,67,75,64,65,70,65,75,74,62,64,61,71,72,65,62,71,74,75,72,78,72,77,62,65,71,71,82,59,62,71,66,67,57,71,60,65,62,68,62,68,68,57,59,42,55,63,55,60,72,51,65,65,63,57,55,59,58,57,70,50,67,81,63,65,56,55,64,64,73,60,72,65,66,77,83,84,63,71,68,71,82,75,69,72,76,68,65,65,65,72,71,76,69,68,61,76,80,73,81,69,68,59,69,60,81,66,82,68,81,80,75,76,82,82,84,79,89,85,71,81,81,92,70,85,90,87,82,82,78,72,82,94,97,77,93,88,96,75,84,85,74,79,93,93,82,87,95,84,88,96,97,95,91,92,87,87,91,100,94,87,101,100,100,81,90,84,85,85,86,85,86,87,NA,NA,NA,NA,NA,NA,NA,NA,NA,NA,NA,NA,NA,NA,NA,NA,NA,NA,NA,NA,NA,NA,NA,NA,NA,NA,NA,NA,NA,NA
NA,NA,NA,NA,NA,NA,NA,NA,NA,NA,NA,NA,NA,NA,NA,NA,NA,NA,92,82,93,95,80,83,80,83,82,81,83,81,93,94,81,92,81,79,87,86,84,83,85,91,88,87,86,87,82,77,82,81,83,80,87,81,81,83,82,83,84,83,83,78,80,73,82,74,75,75,85,74,78,73,88,92,73,76,86,87,61,85,81,69,77,67,80,84,81,75,82,80,81,87,83,80,80,77,80,69,63,78,76,76,89,72,88,68,83,66,62,74,69,69,67,75,74,66,72,64,71,65,63,74,69,67,62,63,66,69,70,65,62,64,66,60,72,73,81,64,65,69,65,68,56,66,63,66,68,66,74,68,65,68,65,63,65,57,69,63,63,67,68,61,63,65,72,68,69,59,77,67,65,60,53,67,60,67,62,64,63,75,56,75,56,69,78,59,64,56,59,68,69,61,53,71,75,73,77,70,76,64,65,74,69,70,69,84,61,62,69,64,64,64,66,69,69,65,68,83,63,68,78,77,72,64,73,66,59,58,63,59,61,65,69,65,65,62,54,69,68,62,54,60,64,63,58,66,61,52,55,61,58,53,44,59,59,69,65,67,63,65,70,57,63,66,54,61,67,64,64,67,61,69,69,65,66,72,76,75,62,72,66,78,69,65,68,65,67,75,68,70,66,68,70,67,73,68,66,62,73,79,67,78,72,84,77,78,78,75,81,78,75,89,82,80,82,81,79,91,82,82,74,75,84,82,96,91,96,94,96,90,94,88,89,77,99,93,97,96,81,80,94,83,85,82,89,92,92,100,98,79,84,99,83,86,88,95,88,80,86,87,87,99,86,82,85,86,88,88,87,NA,NA,NA,NA,NA,NA,NA,NA,NA,NA,NA,NA,NA,NA,NA,NA,NA,NA,NA,NA,NA,NA,NA,NA,NA,NA,NA,NA,NA,NA,NA
NA,NA,NA,NA,NA,NA,NA,NA,NA,NA,NA,NA,NA,NA,NA,NA,NA,NA,81,92,82,76,94,81,83,84,95,96,82,93,79,89,91,80,91,84,93,89,85,89,87,85,83,89,87,77,86,82,84,79,82,85,79,82,85,73,79,86,84,76,83,73,73,83,72,76,73,67,77,76,74,76,75,83,79,65,84,80,87,81,88,79,75,86,69,68,82,83,83,81,76,89,81,84,78,79,80,85,82,70,83,79,77,77,83,85,84,73,73,77,67,67,75,66,75,71,80,73,66,59,65,71,75,72,68,58,67,61,63,56,60,60,67,79,64,74,72,74,83,68,67,68,73,64,67,66,76,66,66,69,70,69,73,73,72,65,69,64,66,61,65,62,69,59,55,57,61,72,63,60,65,67,64,57,74,65,55,61,54,61,59,60,71,63,70,71,67,64,68,67,68,64,72,62,65,67,63,56,71,79,65,73,75,62,71,69,69,59,61,63,70,67,68,71,64,57,66,74,66,55,72,69,76,72,74,66,62,59,55,76,60,60,50,62,53,67,78,68,69,67,60,56,63,63,71,59,61,61,57,54,69,58,57,59,50,56,63,48,64,62,72,62,64,63,56,63,65,67,66,61,66,68,63,80,66,77,77,77,70,70,76,71,64,66,72,68,70,66,69,70,69,60,76,66,71,66,69,78,63,79,81,83,84,89,78,85,83,73,70,75,77,78,82,84,85,78,93,86,92,83,89,75,79,62,91,65,77,90,89,71,92,90,85,90,94,86,84,97,96,77,86,84,87,87,81,94,100,94,84,86,97,101,83,81,80,84,98,87,86,86,86,86,81,82,85,84,86,88,88,88,NA,NA,NA,NA,NA,NA,NA,NA,NA,NA,NA,NA,NA,NA,NA,NA,NA,NA,NA,NA,NA,NA,NA,NA,NA,NA,NA,NA,NA,NA
NA,NA,NA,NA,NA,NA,NA,NA,NA,NA,NA,NA,NA,NA,NA,NA,NA,NA,97,81,79,94,82,94,93,81,95,85,83,82,78,76,80,90,81,81,80,83,82,81,78,89,91,84,83,87,78,88,84,91,81,85,80,85,77,84,81,80,86,77,86,81,83,80,83,72,73,79,71,76,79,78,81,75,86,71,71,81,71,85,72,74,78,69,80,79,79,82,79,70,73,92,82,83,88,82,83,84,79,82,74,78,80,70,79,65,84,78,73,70,73,68,70,77,72,69,69,72,62,65,69,72,69,65,66,69,68,65,63,67,61,61,65,70,73,64,73,68,72,71,81,75,67,55,58,62,72,67,75,75,71,67,75,78,75,64,62,55,71,58,66,64,61,58,65,64,58,61,66,69,57,71,59,55,69,71,61,60,60,64,65,77,56,69,69,47,63,68,64,64,73,68,67,70,68,65,72,70,76,66,62,71,64,62,67,54,64,66,60,63,62,68,73,70,60,61,72,66,72,71,64,55,53,60,60,70,58,50,62,69,59,60,61,65,55,61,59,53,70,74,52,59,52,64,61,67,57,62,61,47,58,57,52,62,56,66,48,69,69,66,67,55,60,68,62,64,50,71,71,67,66,74,82,79,73,75,76,71,63,70,71,59,72,69,68,68,71,70,69,69,75,72,67,63,64,63,80,68,79,81,84,76,82,78,73,69,76,79,78,83,75,85,81,88,79,65,73,81,79,69,81,80,81,96,74,71,93,84,91,86,88,89,83,95,85,78,88,98,97,96,83,96,94,99,103,79,98,86,87,99,96,81,82,83,85,84,80,86,86,82,87,83,85,82,88,81,79,95,96,NA,97,NA,NA,NA,NA,NA,NA,NA,NA,NA,NA,NA,NA,NA,NA,NA,NA,NA,NA,NA,NA,NA,NA,NA,NA,NA,NA,NA,NA,NA
NA,NA,NA,NA,NA,NA,NA,NA,NA,NA,NA,NA,NA,NA,NA,NA,NA,91,82,80,95,79,95,79,91,80,84,82,91,82,78,79,79,90,77,90,80,77,78,85,79,85,81,87,89,86,87,83,80,82,86,84,85,80,84,86,72,75,80,75,79,79,81,79,78,79,79,80,74,79,81,77,78,77,80,78,75,72,71,66,74,84,87,76,83,84,78,82,82,76,88,84,89,80,81,75,88,83,71,79,83,74,66,71,84,81,62,69,72,77,67,71,66,71,67,69,69,65,76,73,65,54,67,70,68,64,63,66,68,64,71,60,68,70,67,76,62,63,65,63,56,56,74,69,67,69,71,73,66,66,75,73,78,72,77,65,66,63,65,64,66,57,59,64,66,63,64,64,62,65,59,64,65,70,62,62,66,47,59,66,54,57,62,57,71,55,55,54,58,64,72,76,67,62,61,65,78,76,66,56,70,53,63,56,73,65,57,57,64,69,67,63,61,65,68,64,70,60,63,70,75,80,61,74,51,61,59,54,49,53,61,63,68,54,66,62,64,66,55,54,69,57,55,58,59,62,65,59,38,64,62,54,52,56,56,49,51,56,66,63,65,69,60,65,65,61,64,60,71,60,65,72,72,72,68,64,71,73,71,61,65,64,66,65,72,67,75,65,70,74,67,71,78,65,70,65,67,68,83,81,80,75,79,88,74,75,73,71,84,82,82,84,86,85,82,71,68,76,75,80,73,81,86,89,89,68,87,92,71,88,97,93,91,99,81,86,96,88,87,78,81,93,79,100,94,97,94,97,77,81,87,82,82,84,83,87,86,83,86,83,86,88,88,83,84,81,85,84,82,85,97,NA,NA,NA,NA,NA,NA,NA,NA,NA,NA,NA,NA,NA,NA,NA,NA,NA,NA,NA,NA,NA,NA,NA,NA,NA,NA,NA,NA,NA
NA,NA,NA,NA,NA,NA,NA,NA,NA,NA,NA,NA,NA,NA,NA,NA,85,97,82,81,80,96,80,79,82,81,91,92,93,81,78,77,81,78,92,89,85,83,85,81,84,81,84,93,82,85,92,78,79,85,81,79,86,82,83,83,79,82,74,80,84,88,81,82,78,74,72,78,75,72,69,71,81,73,72,75,80,75,75,76,69,66,70,82,81,85,83,85,89,82,74,75,83,84,67,85,85,75,77,72,85,84,76,80,84,73,77,83,72,74,75,74,66,70,64,72,65,74,74,68,80,65,69,62,67,73,71,61,64,61,59,68,64,72,61,61,69,64,68,70,71,63,60,62,70,66,51,69,71,67,74,68,73,80,74,76,61,62,70,77,52,64,55,54,63,60,68,60,56,63,64,57,53,56,62,81,69,53,63,66,72,65,58,57,63,67,79,61,70,73,63,73,80,59,62,62,75,71,73,63,66,65,71,69,78,57,67,64,63,70,69,62,55,58,68,65,69,65,75,60,75,72,72,56,57,62,58,58,56,64,53,55,64,66,67,50,63,60,54,65,52,64,52,58,60,59,60,61,57,57,50,53,64,47,68,68,67,79,59,63,68,66,61,61,62,69,64,66,65,63,78,75,74,64,73,69,68,70,72,66,69,63,69,63,65,73,73,70,67,64,59,80,71,68,72,74,66,81,76,81,78,85,80,70,70,77,80,83,86,78,79,84,69,89,75,69,84,81,75,72,61,71,92,78,92,87,71,86,91,86,87,97,90,83,94,92,89,77,82,77,101,94,95,77,94,82,85,82,80,88,85,83,83,86,86,90,85,87,83,81,86,93,93,93,82,91,80,81,94,84,94,94,NA,NA,NA,NA,NA,NA,NA,NA,NA,NA,NA,NA,NA,NA,NA,NA,NA,NA,NA,NA,NA,NA,NA,NA,NA,NA,NA,NA
NA,NA,NA,NA,NA,NA,NA,NA,NA,NA,NA,NA,NA,NA,NA,NA,NA,85,91,96,84,84,92,78,91,77,77,92,80,83,83,82,83,80,78,87,86,79,78,79,88,83,78,79,80,82,82,89,88,85,86,85,80,80,86,85,76,79,79,77,80,69,82,78,77,70,78,71,72,75,80,72,69,77,85,85,77,77,72,76,76,80,68,89,69,83,89,88,82,81,76,79,86,78,75,77,75,77,84,78,85,84,74,83,77,70,73,77,75,66,79,64,72,66,68,68,72,65,74,67,65,70,67,70,62,62,70,76,66,63,67,65,76,70,60,79,70,72,72,65,69,63,61,74,61,69,71,73,62,63,63,70,75,73,72,68,66,64,61,62,65,66,56,62,65,67,67,52,63,63,56,63,64,65,59,64,72,70,62,66,62,56,62,65,57,73,61,72,57,61,65,63,74,66,74,62,57,63,63,61,66,67,63,66,66,66,61,70,68,58,69,61,57,68,58,86,75,55,69,66,63,62,72,63,61,63,55,60,66,55,62,58,57,54,61,60,63,66,57,39,60,50,51,55,56,66,52,58,65,51,49,65,68,65,66,65,63,68,68,66,60,54,63,72,63,61,64,65,65,81,69,81,68,75,60,66,68,67,78,61,62,73,69,67,72,60,67,70,55,69,73,79,68,71,75,70,84,80,84,78,76,70,73,79,75,73,82,72,81,80,80,86,73,80,79,80,68,90,82,67,72,70,71,74,70,72,86,90,92,83,91,73,77,79,92,91,86,90,77,97,97,94,69,81,79,82,89,72,83,82,81,82,90,85,90,86,76,79,78,80,80,93,83,82,85,95,95,94,94,95,85,66,66,94,NA,NA,NA,NA,NA,NA,NA,NA,NA,NA,NA,NA,NA,NA,NA,NA,NA,NA,NA,NA,NA,NA,NA,NA,NA,NA
NA,NA,NA,NA,NA,NA,NA,NA,NA,NA,NA,NA,NA,NA,86,83,83,82,93,90,91,83,92,94,90,77,93,78,82,92,83,81,75,88,77,80,80,87,85,84,83,80,81,84,83,81,81,75,88,85,86,80,72,75,81,77,79,82,75,75,77,73,76,82,81,75,78,71,80,79,80,71,76,71,74,66,76,70,83,76,76,75,86,80,68,67,90,81,78,82,80,82,76,68,75,85,72,83,85,86,72,74,75,89,82,89,75,73,79,76,70,75,69,63,76,67,64,75,72,67,78,77,67,62,58,65,67,61,66,69,57,63,60,65,72,67,62,73,63,62,73,70,76,68,61,61,72,66,77,75,71,73,67,65,76,63,69,58,69,53,60,62,60,59,68,63,60,68,74,71,58,59,48,55,61,67,59,60,66,64,54,56,73,64,56,61,61,68,61,61,65,75,61,61,74,57,74,69,71,64,78,73,66,64,67,74,57,67,68,64,65,53,63,69,58,63,64,66,71,70,70,64,57,55,53,64,55,58,73,60,70,57,66,59,57,47,55,55,68,61,58,56,57,66,65,58,60,53,56,58,60,52,70,46,66,72,78,68,64,59,60,60,65,53,65,67,68,64,73,75,75,74,69,66,66,69,62,68,65,65,70,69,60,72,69,65,74,63,63,82,69,77,64,74,77,76,79,71,68,76,81,72,70,75,74,73,72,72,80,80,86,69,75,81,81,67,79,82,75,71,69,67,69,77,86,86,72,83,80,84,90,76,97,96,97,94,75,80,73,77,73,73,80,85,84,88,89,80,80,82,85,84,84,88,75,84,85,84,81,82,80,79,82,93,95,91,95,91,95,90,90,83,79,NA,NA,NA,NA,NA,NA,NA,NA,NA,NA,NA,NA,NA,NA,NA,NA,NA,NA,NA,NA,NA,NA,NA,NA,NA,NA,NA
NA,NA,NA,NA,NA,NA,NA,NA,NA,NA,NA,NA,NA,NA,NA,86,83,81,82,84,93,84,84,84,83,79,87,94,93,93,83,78,77,93,92,78,77,75,88,86,88,85,79,80,80,84,85,85,83,82,79,86,74,76,77,75,74,79,75,89,72,76,79,73,79,78,80,76,70,71,82,67,75,77,73,80,76,69,72,74,70,78,88,80,66,66,65,85,87,77,78,80,74,67,66,66,89,89,81,81,77,85,72,79,68,79,77,82,78,79,86,68,85,71,67,68,63,70,68,56,70,77,72,68,71,61,65,61,63,63,65,59,63,70,66,63,61,54,58,71,66,72,65,61,68,72,70,60,75,74,75,63,64,68,80,61,73,68,60,74,74,70,60,54,52,61,59,62,63,56,61,60,47,68,66,55,60,65,62,63,64,66,54,67,83,52,63,61,66,65,62,72,58,62,70,60,61,67,65,63,58,73,57,64,57,68,55,65,62,62,53,63,67,67,51,67,67,83,60,66,55,76,70,55,63,65,53,67,61,61,52,53,60,49,66,72,55,66,57,55,63,53,67,58,60,65,48,54,55,55,45,66,51,69,64,64,66,68,58,58,64,72,64,61,65,72,71,68,70,68,66,63,70,57,68,70,66,66,67,61,61,65,66,71,66,69,65,70,68,75,67,69,75,83,74,73,77,61,78,78,85,72,72,69,71,79,72,79,88,81,70,73,80,83,79,66,83,77,70,78,69,68,82,73,87,91,81,73,87,82,91,81,78,87,72,90,75,71,79,78,82,80,82,83,85,83,86,80,92,93,78,84,88,84,80,84,86,85,86,94,77,91,81,94,92,94,90,92,95,95,83,91,89,82,86,NA,NA,NA,NA,NA,NA,NA,NA,NA,NA,NA,NA,NA,NA,NA,NA,NA,NA,NA,NA,NA,NA,NA,NA,NA
NA,NA,NA,NA,NA,NA,NA,NA,NA,NA,NA,NA,NA,NA,NA,84,84,85,83,95,90,90,94,92,93,80,80,89,90,89,91,90,93,76,89,87,88,86,90,86,76,82,83,82,78,87,86,79,87,85,85,80,78,75,76,77,80,78,74,80,76,80,76,80,73,78,76,74,74,74,72,75,76,72,69,75,77,75,72,73,74,73,81,79,71,68,73,78,72,81,73,75,86,70,72,76,83,91,75,77,76,76,76,78,72,85,75,78,77,73,87,82,73,64,72,65,67,67,63,69,67,67,65,64,68,65,57,69,67,71,70,62,68,58,70,63,76,61,69,59,64,53,62,70,72,64,69,67,58,64,72,72,58,66,75,69,57,72,70,66,71,55,60,59,62,63,64,60,60,65,56,62,62,67,66,64,62,49,54,63,68,68,76,65,59,71,71,72,64,61,69,69,65,72,64,68,62,68,65,73,62,59,61,56,62,58,72,71,55,63,65,69,60,82,62,62,58,69,67,56,62,59,65,73,55,61,64,69,54,61,61,55,57,67,54,50,62,49,60,55,60,66,62,56,67,56,57,50,58,59,68,60,71,67,69,58,66,70,67,61,61,66,56,66,68,60,65,60,64,68,57,66,63,60,70,64,63,64,69,64,60,67,69,69,63,65,78,74,71,75,71,69,81,72,77,78,82,73,79,85,73,76,69,72,72,72,74,76,72,68,78,69,68,81,76,74,79,86,79,85,73,71,74,94,81,91,86,91,71,90,90,77,70,79,89,79,80,86,91,92,81,84,81,88,87,88,79,84,91,80,81,80,84,82,86,84,85,72,69,95,93,94,90,91,94,93,93,92,92,92,90,83,83,95,65,86,85,NA,NA,NA,NA,NA,NA,NA,NA,NA,NA,NA,NA,NA,NA,NA,NA,NA,NA,NA,NA,NA,NA,NA
NA,NA,NA,NA,NA,NA,NA,NA,NA,NA,NA,NA,NA,NA,NA,NA,85,85,92,85,95,91,83,82,78,90,91,78,93,93,91,95,91,94,88,93,92,95,88,88,86,91,80,85,73,83,79,84,77,87,79,72,79,75,78,81,80,78,75,78,74,75,80,71,72,79,79,73,82,78,78,77,81,74,75,74,78,72,70,71,75,73,74,76,80,72,67,68,70,74,72,72,79,79,72,85,77,76,66,72,78,69,63,57,63,66,77,75,71,71,70,79,81,70,71,77,68,74,66,68,64,66,67,66,71,67,68,72,66,63,71,66,61,63,65,66,73,69,65,68,69,57,63,62,78,68,70,61,63,69,64,76,69,63,74,63,68,60,73,63,72,60,72,57,61,52,64,62,64,62,61,68,61,67,59,65,70,61,63,64,60,64,64,75,65,69,75,67,72,70,57,61,69,68,70,64,61,58,70,62,57,58,62,63,60,64,65,73,65,63,71,59,77,74,64,70,79,56,66,59,59,70,71,64,57,61,56,70,61,66,57,56,65,60,54,61,57,52,63,54,58,51,60,57,58,48,55,60,55,56,61,66,62,61,65,59,73,66,64,57,64,59,70,67,68,65,55,68,69,76,58,69,65,63,64,62,63,67,63,61,68,65,74,59,68,82,72,67,68,64,72,86,75,73,77,78,72,81,73,66,71,64,71,72,85,78,73,70,72,69,76,79,84,78,78,83,69,77,83,82,85,71,87,82,88,72,80,76,74,77,77,72,82,80,95,78,78,81,79,82,82,77,82,85,86,84,81,87,92,81,84,86,85,81,77,84,72,70,90,92,93,90,94,93,92,92,93,91,73,87,73,82,82,83,78,82,82,81,NA,NA,NA,NA,NA,NA,NA,NA,NA,NA,NA,NA,NA,NA,NA,NA,NA,NA,NA,NA,NA,NA
NA,NA,NA,NA,NA,NA,NA,NA,NA,NA,NA,NA,NA,NA,NA,92,92,92,88,92,84,83,89,91,90,82,82,96,81,93,79,80,81,86,94,93,78,82,88,74,76,93,84,83,89,74,74,80,80,79,73,77,78,80,76,79,81,81,73,78,73,74,75,77,82,69,80,76,76,78,79,72,74,71,78,73,69,70,72,81,77,76,80,79,76,67,73,69,73,77,69,79,71,72,70,67,73,78,82,65,78,81,85,81,85,76,84,76,79,76,71,69,58,61,70,73,71,65,73,66,64,79,61,60,69,70,60,65,65,61,67,59,64,68,62,57,56,67,61,60,66,59,62,62,63,68,57,66,57,72,74,57,72,64,67,71,66,57,68,63,61,53,68,81,60,55,57,65,54,56,60,50,58,56,56,60,62,73,62,72,55,62,63,72,72,55,63,69,70,68,68,61,73,65,70,67,59,61,59,60,57,62,66,64,66,59,60,71,59,63,63,76,73,64,64,66,65,61,68,59,65,71,63,61,56,55,75,61,57,51,61,60,57,55,60,70,53,50,55,64,58,61,47,60,54,61,61,67,65,66,69,62,73,59,61,61,64,65,69,73,54,68,67,59,62,57,61,73,64,69,69,69,57,59,66,58,63,60,66,64,69,79,70,63,67,70,73,72,65,70,71,68,75,70,71,71,71,64,82,69,72,73,74,78,63,74,82,75,85,75,81,81,83,74,80,71,78,79,69,83,86,77,72,75,86,72,68,75,80,71,73,82,91,73,80,82,85,80,72,76,83,84,83,80,87,81,81,78,82,91,82,80,84,93,80,94,93,74,89,94,90,90,77,92,91,79,77,66,73,78,83,82,94,84,87,93,81,82,NA,NA,NA,NA,NA,NA,NA,NA,NA,NA,NA,NA,NA,NA,NA,NA,NA,NA,NA,NA,NA,NA
NA,NA,NA,NA,NA,NA,NA,NA,NA,NA,NA,NA,NA,NA,NA,NA,92,94,87,88,91,84,85,87,89,91,92,83,93,91,89,81,82,93,92,91,83,81,78,84,80,75,75,81,83,80,81,79,79,77,80,79,72,75,81,81,74,73,76,77,72,75,73,73,71,73,74,74,79,69,74,76,76,75,71,75,76,82,76,80,74,75,72,76,69,74,70,75,82,68,80,79,66,69,72,72,76,67,80,61,68,69,78,59,68,82,80,79,70,76,78,69,54,78,74,64,73,65,62,71,65,79,70,65,61,69,69,69,67,65,60,62,64,64,68,67,64,63,65,65,64,66,67,63,58,62,57,69,61,66,65,74,72,64,75,71,65,63,73,63,65,66,71,67,64,67,54,61,65,61,62,54,56,62,69,57,63,59,58,68,65,55,65,64,71,62,55,59,62,67,67,60,63,60,61,71,64,68,74,67,64,68,65,71,57,62,51,60,68,62,66,59,61,69,60,55,71,62,66,76,73,73,77,76,59,53,65,54,57,62,53,60,51,65,65,60,68,56,59,66,60,51,55,60,58,57,50,50,58,62,61,62,65,60,65,59,56,79,60,62,65,67,62,69,60,67,64,63,65,57,66,63,72,66,60,82,63,69,66,64,74,70,72,63,76,69,66,71,70,72,73,71,77,73,68,75,74,69,60,75,77,74,71,72,69,74,76,74,69,68,73,78,71,64,70,87,75,86,78,91,69,75,89,78,71,77,69,73,81,72,71,72,72,82,78,77,79,80,80,81,78,85,86,85,86,89,90,93,84,80,83,85,85,89,92,71,75,71,73,91,77,91,91,78,94,95,81,80,82,79,88,74,81,81,65,NA,NA,NA,NA,NA,NA,NA,NA,NA,NA,NA,NA,NA,NA,NA,NA,NA,NA,NA,NA,NA,NA,NA,NA,NA
NA,NA,NA,NA,NA,NA,NA,NA,NA,NA,NA,NA,NA,NA,NA,NA,89,94,91,90,93,90,93,89,88,91,93,92,82,83,80,81,78,82,77,80,81,79,79,87,81,87,82,90,75,79,77,78,77,76,81,77,75,76,78,77,80,79,72,72,75,74,78,82,75,72,78,75,71,74,74,82,78,73,76,83,76,66,72,75,74,73,67,86,80,76,81,74,82,67,73,84,77,73,69,78,78,64,73,61,82,66,76,61,72,66,78,79,71,82,65,68,75,76,78,81,72,73,62,66,63,72,74,59,66,59,61,63,68,68,69,74,66,70,58,67,57,68,66,66,62,61,67,66,79,67,74,61,58,59,62,55,66,71,78,55,61,69,77,69,65,65,73,56,61,60,59,60,58,55,62,71,62,63,58,63,59,67,64,68,69,76,59,69,59,62,64,57,74,59,54,66,53,57,75,68,62,57,62,59,54,58,75,62,60,68,65,61,68,66,61,66,59,71,62,68,69,64,68,65,56,60,57,50,57,54,50,61,58,63,60,53,59,58,60,53,61,57,51,57,66,49,49,63,61,64,59,67,65,64,59,70,66,69,59,59,62,59,61,69,59,61,71,67,64,69,58,63,72,64,69,72,63,66,64,75,74,67,69,61,67,64,65,72,72,68,63,67,83,72,71,72,70,76,77,67,73,68,75,78,70,77,75,81,75,79,74,82,80,73,77,75,80,76,83,83,78,81,81,87,92,71,86,75,89,72,74,74,77,78,78,76,72,75,71,70,73,83,80,80,85,86,84,85,86,84,92,78,83,82,88,88,88,71,76,70,77,90,92,88,91,92,80,75,78,92,79,79,94,79,95,80,74,82,85,93,83,NA,NA,NA,NA,NA,NA,NA,NA,NA,NA,NA,NA,NA,NA,NA,NA,NA,NA,NA,NA,NA,NA,NA
NA,NA,NA,NA,NA,NA,NA,NA,NA,NA,NA,NA,NA,NA,NA,88,93,91,94,90,92,90,92,90,82,90,89,83,79,80,84,80,88,78,76,83,85,83,78,79,80,85,84,77,85,80,79,82,80,80,75,71,75,82,72,79,80,78,74,76,73,73,77,77,73,75,72,71,70,74,78,72,72,77,78,74,84,82,71,75,81,80,72,67,69,64,70,80,74,72,79,72,77,78,59,69,84,63,63,76,81,81,74,75,70,76,61,61,77,64,65,66,84,64,70,77,63,72,74,65,60,61,71,76,66,59,69,55,64,77,61,65,64,70,66,68,56,63,59,61,59,58,63,63,59,63,55,63,64,60,61,59,79,69,70,64,52,48,73,62,68,71,66,53,71,59,48,58,61,46,56,67,63,55,58,64,62,66,70,53,73,53,55,55,50,59,62,56,63,65,62,69,74,66,57,62,67,56,63,59,72,61,58,63,70,60,65,64,71,58,69,55,69,60,71,74,68,72,75,67,64,73,55,62,64,60,73,54,62,53,63,51,56,73,66,48,59,55,62,51,47,62,56,58,67,57,62,57,57,63,65,53,60,65,63,62,69,68,67,58,55,70,63,66,62,63,64,60,64,62,64,61,62,62,71,67,82,69,57,58,66,77,70,72,64,60,70,69,74,70,58,75,69,75,72,74,71,71,58,69,78,73,73,71,73,80,76,77,77,76,78,74,71,70,78,72,87,72,83,67,69,71,71,85,80,90,74,76,80,77,83,73,72,74,78,76,86,84,84,83,71,87,86,88,84,90,91,86,88,88,89,91,95,73,76,72,93,91,88,77,92,70,92,80,90,80,65,78,79,66,73,82,95,65,94,93,80,NA,NA,NA,NA,NA,NA,NA,NA,NA,NA,NA,NA,NA,NA,NA,NA,NA,NA,NA,NA,NA,NA,NA
NA,NA,NA,NA,NA,NA,NA,NA,NA,NA,NA,NA,NA,NA,NA,89,93,93,92,93,87,92,90,90,90,91,90,79,88,88,81,86,87,84,82,81,83,83,79,80,82,80,81,75,76,80,82,82,84,77,82,78,81,74,75,75,76,79,79,76,79,74,78,75,79,78,73,81,85,77,77,72,75,78,83,70,76,78,77,78,74,86,75,79,81,76,68,85,68,78,73,67,74,79,72,83,85,64,66,71,75,85,79,74,61,71,77,77,72,62,75,68,79,63,81,80,69,62,58,72,69,63,78,55,70,65,65,65,73,75,62,70,68,62,70,65,59,58,59,60,64,51,63,69,56,54,64,57,60,75,54,70,56,74,65,51,57,69,71,66,60,69,64,65,57,54,58,59,50,58,75,64,55,56,55,54,46,65,51,54,64,57,69,70,57,67,74,67,66,61,63,53,60,68,68,63,69,52,62,65,62,72,55,55,65,62,62,68,61,60,69,67,67,57,63,58,72,61,72,69,56,55,56,60,57,69,57,59,59,62,56,60,66,48,66,59,56,60,44,54,58,66,50,69,63,62,63,54,60,64,60,66,60,54,57,64,56,58,65,63,60,67,66,65,68,58,65,64,74,59,68,68,56,70,71,64,71,64,64,62,73,67,72,65,65,67,69,63,68,80,74,71,67,71,59,72,70,68,71,71,60,69,71,58,67,70,69,65,73,73,74,73,75,76,79,87,76,83,84,70,73,75,75,73,69,69,74,66,77,80,78,80,82,72,80,83,87,85,80,82,85,86,85,82,84,91,88,93,83,89,90,69,74,77,70,90,68,93,94,81,79,67,79,90,80,89,87,86,67,67,72,73,95,79,89,81,83,80,NA,NA,NA,NA,NA,NA,NA,NA,NA,NA,NA,NA,NA,NA,NA,NA,NA,NA,NA,NA,NA,NA
NA,NA,NA,NA,NA,NA,NA,NA,NA,NA,NA,NA,NA,NA,NA,NA,92,88,88,92,87,91,91,90,91,92,92,92,88,80,86,88,81,80,81,79,75,76,78,77,80,75,79,77,77,84,80,83,85,85,84,79,83,79,81,76,75,75,77,79,78,77,77,72,74,76,75,75,75,69,75,74,79,76,73,68,73,77,77,75,74,79,71,76,80,70,79,75,78,70,81,70,70,81,80,67,71,74,68,68,74,71,67,75,68,72,70,72,73,63,81,71,79,71,72,60,61,73,68,60,69,66,68,65,75,69,62,73,58,75,65,63,63,56,55,67,65,79,58,54,53,61,58,62,66,69,58,60,51,58,55,61,73,55,69,58,55,65,50,56,58,64,60,65,68,67,65,69,58,58,65,52,56,65,55,58,69,55,58,52,56,56,67,73,58,66,59,56,55,63,53,56,62,62,71,64,73,61,51,57,67,58,72,64,67,60,55,57,71,62,66,56,59,51,67,63,66,64,65,59,47,54,56,69,46,53,72,63,51,62,60,53,58,58,50,63,57,56,63,58,61,58,68,62,61,55,64,57,57,62,57,55,52,68,63,72,65,66,68,69,65,51,61,66,65,56,59,67,61,61,65,64,67,63,68,69,60,62,64,67,70,75,67,60,69,70,69,70,76,68,72,66,64,56,58,65,67,67,68,69,74,74,55,68,90,82,69,78,74,79,83,78,73,77,70,83,73,69,67,67,73,73,70,68,67,71,73,68,76,80,85,77,80,84,82,77,78,88,83,86,84,84,81,90,89,82,89,77,90,88,81,78,69,90,74,90,77,78,90,68,67,74,80,79,77,77,85,85,85,82,86,86,77,86,89,88,84,81,85,NA,NA,NA,NA,NA,NA,NA,NA,NA,NA,NA,NA,NA,NA,NA,NA,NA,NA,NA,NA,NA
NA,NA,NA,NA,NA,NA,NA,NA,NA,NA,NA,NA,NA,NA,NA,NA,93,87,83,89,92,90,80,88,90,91,86,89,89,89,89,88,85,79,89,87,86,76,76,78,74,77,81,83,85,80,85,80,82,76,76,81,74,82,75,76,78,79,76,81,82,81,75,76,72,74,77,77,73,77,70,68,68,76,78,74,71,78,71,71,72,81,74,84,73,76,70,64,84,74,73,75,73,79,75,70,75,61,71,70,68,68,76,78,67,68,69,73,69,62,73,74,76,76,77,84,79,76,68,73,70,78,83,62,77,68,64,75,72,70,72,71,65,63,59,66,63,64,79,59,66,64,61,66,69,58,49,67,56,60,53,65,54,61,68,71,75,66,61,70,65,61,58,70,63,45,67,67,50,68,67,61,55,58,64,54,63,53,59,52,61,61,66,61,66,53,53,60,65,61,59,66,63,70,70,71,51,51,65,60,68,62,55,55,63,65,63,60,67,73,67,57,65,72,67,71,62,82,60,58,64,59,59,70,50,53,64,72,65,74,61,50,52,61,58,62,47,63,47,59,53,62,68,58,65,56,55,68,58,60,57,66,56,66,69,71,70,66,64,66,60,70,63,54,59,64,59,71,70,68,66,68,70,60,69,63,69,63,79,70,68,55,67,73,68,65,78,73,76,69,64,60,72,75,62,64,70,74,67,73,65,81,75,76,74,69,67,69,80,74,73,70,81,74,72,69,76,76,79,68,68,72,70,66,67,82,81,82,68,66,75,80,78,78,78,90,93,91,85,83,82,85,95,89,86,85,88,83,87,91,91,96,67,69,91,87,76,88,90,77,75,75,73,85,85,83,84,83,72,83,86,88,81,86,86,81,87,NA,NA,NA,NA,NA,NA,NA,NA,NA,NA,NA,NA,NA,NA,NA,NA,NA,NA,NA,NA,NA,NA,NA
NA,NA,NA,NA,NA,NA,NA,NA,NA,NA,NA,NA,NA,NA,NA,NA,NA,89,83,88,87,88,93,89,91,93,83,89,88,88,88,92,91,85,86,84,78,78,85,86,80,77,82,79,84,84,75,84,80,85,78,69,86,76,75,77,83,77,83,77,86,82,78,68,79,79,83,74,73,78,78,76,74,76,67,71,75,80,80,74,70,74,76,71,69,74,75,70,74,73,72,78,75,78,80,78,75,74,67,71,72,78,72,71,66,84,79,69,66,60,76,74,81,67,75,70,73,70,66,68,77,81,72,83,53,72,69,63,68,68,73,71,60,62,62,57,61,71,66,66,48,60,68,63,62,50,61,61,63,57,62,53,60,58,60,63,62,66,75,62,58,65,63,52,72,55,52,69,63,51,63,64,62,49,54,62,64,67,49,67,53,54,73,63,63,56,73,56,53,59,53,63,74,64,64,60,66,62,54,61,69,65,60,68,64,65,65,53,53,68,72,63,70,62,60,60,74,62,66,66,71,59,63,56,84,64,56,51,74,75,68,53,62,50,56,65,55,49,57,63,57,55,67,55,61,50,60,57,66,53,59,63,59,66,57,64,66,63,62,67,53,65,73,57,65,65,65,61,62,59,67,65,81,64,69,79,64,64,64,62,72,67,64,63,61,66,74,69,75,70,68,70,67,70,62,65,75,70,64,71,76,74,69,75,70,70,67,71,72,78,68,71,79,76,66,67,68,69,73,76,72,72,75,66,68,83,85,78,68,84,73,82,78,80,81,86,83,76,83,83,89,86,89,82,88,88,83,89,84,93,86,93,72,89,89,89,87,72,79,86,80,86,80,76,74,84,74,83,78,78,79,87,86,85,86,87,87,NA,83,NA,NA,NA,NA,NA,NA,NA,NA,NA,NA,NA,NA,NA,NA,NA,NA,NA,NA,NA,NA,NA
NA,NA,NA,NA,NA,NA,NA,NA,NA,NA,NA,NA,NA,NA,NA,NA,NA,93,94,93,91,88,80,87,92,92,86,93,85,92,93,87,84,89,92,85,84,85,86,89,78,79,79,80,81,87,80,82,83,79,75,78,75,74,75,81,75,79,81,76,73,78,78,82,77,78,70,76,77,73,74,74,78,77,70,67,78,70,71,70,68,75,73,64,81,78,77,75,77,72,74,80,77,71,72,82,79,75,70,66,74,70,71,72,72,65,62,81,66,69,64,63,60,67,74,68,68,73,71,70,74,67,64,68,59,61,62,58,71,73,78,68,60,58,61,72,63,68,61,65,60,64,59,63,61,56,45,56,65,56,55,66,53,58,56,56,56,56,55,67,52,61,71,57,61,58,52,61,59,52,47,57,61,57,62,46,53,58,59,59,63,52,42,56,52,53,60,68,64,55,57,64,72,67,60,61,59,67,57,66,63,66,52,59,61,69,67,60,59,72,56,56,61,71,58,57,65,63,62,67,64,69,62,61,54,56,58,55,74,65,67,50,51,62,60,61,55,66,62,56,59,55,57,55,49,70,61,61,66,58,68,64,58,57,63,65,66,61,53,62,59,57,60,63,68,67,57,72,62,74,61,80,61,65,70,60,71,66,67,57,62,70,68,68,67,71,70,55,72,64,64,69,63,65,67,70,68,71,71,56,73,81,69,67,69,80,73,72,73,71,74,73,70,73,70,75,70,75,77,73,75,81,73,79,72,67,81,80,78,80,81,73,74,76,86,83,80,82,79,87,82,84,87,87,80,86,75,76,88,91,92,86,95,88,75,87,69,83,82,85,80,84,82,83,84,84,86,88,83,80,85,84,86,87,87,87,84,84,84,NA,NA,NA,NA,NA,NA,NA,NA,NA,NA,NA,NA,NA,NA,NA,NA,NA,NA,NA,NA,NA
NA,NA,NA,NA,NA,NA,NA,NA,NA,NA,NA,NA,NA,NA,NA,NA,91,92,91,94,94,86,88,87,92,87,85,85,93,93,91,85,90,92,82,82,89,85,80,83,82,85,86,76,84,79,83,89,83,81,80,83,80,81,80,76,78,70,84,80,83,80,83,77,80,73,77,74,77,67,78,83,69,75,68,80,70,72,71,74,70,78,79,70,77,71,83,84,71,75,73,72,71,77,68,73,70,76,76,75,70,76,57,79,71,73,69,75,79,62,64,72,64,78,76,78,69,69,66,67,75,65,63,73,75,66,66,69,55,71,55,58,77,83,56,64,73,61,57,57,74,63,66,64,71,63,60,58,61,63,50,57,58,53,71,73,63,56,69,70,69,50,70,58,51,59,55,54,53,59,52,56,57,58,52,57,54,57,53,47,68,67,52,56,51,48,69,48,62,56,55,53,64,65,57,62,67,68,63,63,55,76,69,66,65,57,68,67,64,68,56,61,60,51,61,62,62,67,68,59,57,66,54,41,58,61,59,50,59,57,50,51,48,59,55,52,65,52,57,45,59,63,53,63,71,57,58,65,63,57,57,57,62,59,69,61,58,54,64,56,63,68,72,69,66,57,68,66,64,73,73,65,57,67,63,64,69,69,74,62,70,68,69,80,72,58,63,64,71,72,59,72,81,73,60,70,65,68,70,64,65,69,71,61,74,75,66,70,75,72,72,70,70,78,75,78,74,79,65,73,87,72,77,88,65,80,77,85,79,83,84,75,79,75,82,93,89,81,87,82,87,91,73,90,86,73,71,71,86,88,89,92,74,74,88,79,71,70,82,82,84,87,75,77,77,79,83,78,86,82,84,85,81,88,84,84,83,82,NA,NA,NA,NA,NA,NA,NA,NA,NA,NA,NA,NA,NA,NA,NA,NA,NA,NA,NA,NA,NA,NA
NA,NA,NA,NA,NA,NA,NA,NA,NA,NA,NA,NA,NA,NA,NA,85,89,92,90,91,89,86,89,90,96,86,91,87,91,89,86,87,90,87,93,82,85,87,78,81,79,88,80,90,86,78,79,94,75,75,76,76,77,78,81,84,83,73,76,84,83,78,76,70,76,75,74,76,75,81,79,79,75,68,76,73,75,84,72,81,74,84,78,82,77,78,75,82,72,71,68,74,65,65,71,75,67,68,86,69,75,71,80,69,79,75,69,77,68,71,67,68,62,66,76,70,65,78,68,70,73,76,67,76,69,73,65,69,53,70,61,68,60,64,59,64,53,61,53,61,60,64,59,47,57,61,56,52,50,59,65,60,58,63,57,60,70,52,69,73,65,61,74,49,65,62,53,63,49,56,50,58,57,50,49,62,58,53,57,62,56,57,52,54,51,72,59,68,63,54,52,54,73,61,66,74,60,70,62,64,57,54,63,60,55,67,59,60,56,65,62,55,59,55,65,62,56,64,58,57,58,65,62,53,62,56,61,60,46,56,53,51,64,56,53,61,54,63,57,56,62,61,55,57,68,76,53,55,54,62,56,65,55,69,53,64,55,63,61,60,57,57,61,62,67,59,65,67,80,59,63,54,72,60,65,58,63,72,73,63,70,66,69,68,76,60,61,69,61,64,76,65,64,63,81,62,66,70,54,68,72,59,69,62,76,73,74,74,74,70,76,73,69,73,72,80,81,80,74,79,83,68,80,80,80,78,71,79,84,78,72,81,77,85,87,82,87,83,89,79,88,75,88,75,84,71,90,88,65,86,69,75,64,64,74,73,71,77,77,79,85,84,86,73,81,83,84,82,79,87,82,79,81,83,84,86,86,NA,NA,NA,NA,NA,NA,NA,NA,NA,NA,NA,NA,NA,NA,NA,NA,NA,NA,NA,NA,NA,NA,NA
NA,NA,NA,NA,NA,NA,NA,NA,NA,NA,NA,NA,NA,NA,88,89,91,91,90,90,97,95,95,96,89,88,86,88,96,84,86,84,88,93,92,94,87,87,87,87,86,82,90,76,93,89,88,88,86,87,83,76,85,84,80,84,83,83,77,80,71,71,81,76,75,78,74,74,78,76,81,83,80,85,71,74,78,79,77,71,75,74,82,79,71,79,75,79,71,68,83,72,70,75,77,73,77,83,70,84,80,75,75,72,73,73,66,76,55,71,71,67,76,64,68,73,68,81,61,62,70,65,59,74,67,81,63,69,62,60,59,62,70,71,63,61,52,66,57,64,49,59,54,58,62,65,46,53,58,51,63,46,62,51,54,55,58,53,68,70,66,63,62,62,45,58,57,59,48,45,61,58,59,55,50,69,53,64,62,62,71,56,52,61,49,68,59,62,60,57,62,71,67,54,59,62,70,61,64,68,74,75,67,56,68,70,72,67,63,69,62,66,57,54,59,64,65,71,57,63,71,61,65,70,59,64,62,57,51,58,62,51,50,54,50,49,56,56,55,65,51,57,52,51,57,63,60,47,57,61,56,69,70,61,57,59,57,58,66,50,67,63,65,58,64,59,64,66,74,69,72,63,58,64,72,71,66,73,72,65,75,71,73,64,70,64,65,69,72,72,66,61,72,61,77,63,70,57,71,76,73,68,75,75,69,72,68,62,70,69,65,72,72,82,85,78,64,78,76,81,81,77,77,88,81,65,72,83,80,79,79,81,87,87,85,89,85,82,75,79,88,79,75,75,84,88,75,67,70,74,77,74,65,78,78,88,82,78,84,89,86,84,83,85,85,84,75,74,83,74,80,81,74,82,82,84,NA,NA,NA,NA,NA,NA,NA,NA,NA,NA,NA,NA,NA,NA,NA,NA,NA,NA,NA,NA,NA,NA,NA,NA
NA,NA,NA,NA,NA,NA,NA,NA,NA,NA,NA,NA,NA,NA,91,89,90,90,85,90,98,90,89,96,95,93,95,89,89,85,87,86,88,84,96,88,85,88,85,86,86,83,94,79,79,89,89,88,94,90,75,77,75,74,88,75,80,87,78,73,79,75,81,77,84,77,79,87,86,83,79,81,81,78,76,85,76,82,74,74,71,67,72,76,78,69,83,78,75,74,80,79,80,75,79,74,70,74,75,80,74,71,75,67,76,73,76,62,73,82,79,63,66,63,67,65,72,65,66,78,63,70,70,78,66,60,64,53,60,62,75,63,65,60,58,66,64,57,58,76,62,61,61,55,55,52,64,65,68,58,64,60,64,57,67,50,46,68,54,67,49,65,71,58,51,58,53,50,50,56,53,66,46,59,54,65,46,57,65,54,53,46,61,52,51,46,44,55,65,61,72,54,62,64,72,68,62,65,68,69,47,66,61,60,65,56,69,56,58,70,72,68,54,75,59,58,64,70,62,52,52,63,65,51,50,55,64,60,50,62,58,57,51,56,47,60,57,56,63,64,57,68,54,53,52,66,56,56,61,58,58,67,54,62,55,65,65,59,61,62,65,77,63,71,65,60,66,61,66,69,65,68,68,77,79,68,68,73,70,76,66,65,75,70,77,70,69,62,70,68,72,61,67,63,59,59,67,63,64,62,73,69,67,73,64,70,81,80,67,72,74,64,71,76,74,67,59,72,80,75,80,80,81,77,70,71,70,74,73,80,78,78,69,74,81,82,83,84,90,73,74,76,87,69,87,70,66,70,76,73,67,68,75,81,70,84,77,84,84,76,79,84,85,82,82,81,79,79,74,80,76,78,76,80,80,81,84,NA,NA,NA,NA,NA,NA,NA,NA,NA,NA,NA,NA,NA,NA,NA,NA,NA,NA,NA,NA,NA,NA,NA
NA,NA,NA,NA,NA,NA,NA,NA,NA,NA,NA,NA,NA,NA,NA,91,90,90,91,91,88,95,88,95,92,94,88,93,89,85,88,90,89,87,87,90,92,91,85,81,84,79,86,92,89,94,92,76,90,91,77,84,75,84,80,84,75,79,83,76,74,80,77,74,75,81,81,76,74,70,84,86,71,78,77,68,78,68,78,86,80,70,73,72,61,81,76,72,83,76,82,79,63,76,73,67,66,69,71,69,78,82,73,85,78,88,72,83,77,78,63,66,61,63,59,64,64,65,68,63,74,64,66,74,66,78,59,58,62,72,58,60,62,65,56,63,53,61,61,64,62,72,65,71,66,61,55,71,65,58,56,73,49,55,52,53,72,65,68,61,60,61,72,68,62,51,57,47,51,46,60,58,60,56,52,48,51,66,65,45,55,48,53,50,55,59,71,58,65,63,62,68,69,60,62,52,57,59,66,49,49,56,60,55,66,66,66,58,56,42,58,50,57,59,65,60,65,60,56,65,59,68,56,70,58,65,60,58,50,51,55,58,48,46,64,60,55,62,65,55,46,50,59,47,54,65,62,58,57,61,49,74,59,55,59,71,59,67,64,58,52,58,61,66,61,65,61,62,63,67,60,68,62,70,67,67,72,78,80,79,70,66,65,67,66,63,72,60,69,70,76,70,72,75,65,68,66,64,65,69,78,72,72,67,68,68,75,70,70,72,73,73,71,75,59,72,83,67,80,74,74,74,86,77,79,84,70,77,82,80,86,76,68,75,81,88,86,70,91,88,86,83,71,69,83,76,76,67,77,71,72,74,73,75,80,78,76,76,78,75,81,82,84,84,81,79,74,77,80,77,77,80,77,82,81,83,81,84,NA,83,NA,NA,NA,NA,NA,NA,NA,NA,NA,NA,NA,NA,NA,NA,NA,NA,NA,NA,NA,NA
NA,NA,NA,NA,NA,NA,NA,NA,NA,NA,NA,NA,NA,92,90,91,93,90,96,96,95,90,90,100,88,92,91,89,87,92,85,84,91,90,90,92,90,90,95,83,83,86,86,83,89,83,77,79,89,85,86,85,94,90,87,89,86,77,86,79,78,84,79,76,78,78,82,77,76,80,80,78,78,79,79,79,78,78,76,66,80,73,80,76,73,76,73,70,73,78,74,78,67,80,74,79,81,77,71,80,71,72,73,76,77,81,69,67,75,79,64,63,65,66,67,66,66,75,77,67,76,76,72,74,71,75,72,76,74,64,70,73,75,73,67,73,60,57,62,59,61,55,60,59,62,45,58,63,57,55,62,65,55,64,60,53,54,70,66,74,51,70,76,70,73,58,56,58,55,64,68,48,60,62,56,61,48,55,59,51,70,63,66,47,49,46,61,54,55,58,60,58,59,63,67,68,63,68,61,55,72,69,57,58,61,53,70,72,62,59,63,46,65,47,66,59,69,64,61,62,59,61,56,51,44,45,51,51,48,52,47,58,67,52,50,45,59,53,59,51,52,64,56,63,63,59,59,66,56,63,60,62,50,57,50,60,50,70,53,58,56,58,54,65,69,62,65,61,62,67,60,61,81,70,64,61,73,73,69,65,70,70,66,66,68,69,73,71,63,50,64,69,65,67,65,62,64,68,74,76,64,60,68,68,73,64,63,69,73,75,72,64,62,66,72,70,69,75,77,75,65,83,81,88,82,77,80,82,65,84,71,90,92,74,73,86,73,76,87,77,90,80,66,84,72,73,71,75,73,84,75,75,73,82,61,75,75,76,73,79,76,83,79,83,80,84,74,87,86,80,77,80,80,81,79,82,81,82,80,NA,NA,NA,NA,NA,NA,NA,NA,NA,NA,NA,NA,NA,NA,NA,NA,NA,NA,NA,NA,NA
NA,NA,NA,NA,NA,NA,NA,NA,NA,NA,NA,NA,NA,93,93,92,90,93,91,95,95,89,91,88,94,91,92,83,88,90,89,89,89,86,86,85,91,90,87,92,81,79,80,87,83,90,88,91,90,88,95,90,90,87,85,76,91,80,77,90,80,79,84,74,85,81,85,76,78,81,76,78,81,91,79,88,82,78,74,69,79,77,78,81,73,63,76,80,72,85,75,70,83,76,73,76,72,77,74,71,79,67,79,77,75,73,73,75,71,72,65,61,73,79,66,64,66,70,69,76,72,66,79,65,71,78,69,69,72,65,70,64,75,66,76,79,60,79,70,73,57,72,65,61,50,58,51,57,49,54,70,68,66,58,53,56,61,65,61,72,61,56,52,71,59,55,64,54,54,61,48,59,53,62,53,61,49,50,49,53,61,54,47,46,45,54,52,52,65,56,65,66,63,63,51,65,69,40,62,49,63,60,69,52,58,65,45,55,50,68,44,65,59,61,59,66,71,58,56,61,73,63,63,47,53,60,49,62,60,50,58,58,60,50,59,61,64,55,50,63,54,52,59,74,62,68,59,66,56,57,71,66,71,67,60,51,56,71,71,72,67,67,60,63,60,63,62,66,65,67,80,61,69,64,67,69,73,58,64,59,65,77,64,71,69,75,67,65,68,64,66,66,63,64,63,70,71,70,56,71,62,55,64,69,72,75,72,67,73,74,72,70,66,71,65,79,72,57,61,68,69,80,73,73,81,68,70,75,80,75,80,70,72,72,73,77,73,88,86,88,79,75,75,78,77,75,79,75,75,76,78,78,74,65,81,71,82,79,75,90,81,79,81,79,85,80,86,79,79,77,76,83,77,83,83,78,79,79,80,85,NA,NA,NA,NA,NA,NA,NA,NA,NA,NA,NA,NA,NA,NA,NA,NA,NA,NA,NA,NA
NA,NA,NA,NA,NA,NA,NA,NA,NA,NA,NA,NA,NA,92,92,92,90,90,94,92,88,89,89,88,91,94,92,91,89,87,84,93,90,86,96,85,87,89,85,85,86,84,90,86,79,81,85,92,94,96,86,87,87,90,84,86,91,91,88,74,87,73,80,80,78,83,87,78,78,71,80,77,79,75,82,82,85,80,79,78,73,77,79,73,74,83,79,75,79,79,74,76,77,77,80,70,68,75,74,79,81,72,70,70,79,85,72,73,72,72,76,63,78,68,78,63,57,69,65,68,66,62,62,65,68,70,62,73,62,72,70,72,73,70,93,67,66,74,57,58,59,61,77,65,58,56,64,56,55,52,64,57,55,52,67,63,66,53,66,65,69,69,55,59,53,58,62,57,60,63,49,62,63,50,50,49,48,58,60,62,56,63,60,60,45,50,48,59,59,52,55,72,63,55,64,51,67,63,62,59,62,58,62,52,47,51,47,67,63,62,51,64,60,68,65,68,59,68,62,62,65,61,60,53,57,69,52,58,47,59,59,71,54,62,53,60,58,57,56,51,62,56,75,56,58,59,63,56,55,58,60,66,68,65,62,54,65,59,44,56,70,60,67,66,65,61,66,67,67,69,66,59,66,74,65,76,70,63,70,65,69,69,64,70,71,70,63,61,60,54,63,63,58,69,58,60,65,67,65,61,58,58,80,65,69,72,69,77,67,69,68,69,69,71,60,62,63,70,72,65,69,64,75,70,77,74,62,71,72,70,68,68,65,72,84,73,86,82,80,81,84,78,70,74,83,78,81,74,72,82,62,64,78,72,65,83,79,85,75,81,84,84,80,83,81,84,82,81,80,75,81,82,75,77,77,76,82,NA,NA,85,NA,NA,NA,NA,NA,NA,NA,NA,NA,NA,NA,NA,NA,NA,NA,NA,NA,NA,NA,NA
NA,NA,NA,NA,NA,NA,NA,NA,NA,NA,NA,NA,NA,91,93,90,96,89,90,93,90,90,93,93,93,93,94,91,89,97,97,90,79,90,89,85,86,89,86,90,91,83,89,91,85,92,89,90,90,88,85,79,94,80,91,89,88,84,77,96,78,94,85,81,80,74,87,79,86,87,72,78,76,77,73,73,74,76,73,79,74,74,77,70,79,83,78,84,73,65,82,83,71,74,76,70,75,86,85,67,72,85,78,83,83,84,80,74,73,75,69,72,72,78,73,65,62,78,61,72,65,62,66,66,64,75,69,62,61,66,59,57,65,78,77,66,72,70,76,62,65,60,72,68,71,54,61,54,63,50,56,64,56,55,55,63,69,57,59,69,58,52,60,52,52,53,63,58,58,51,51,52,49,58,57,55,56,48,59,68,47,51,56,46,56,43,49,48,68,61,65,50,51,55,54,53,46,63,65,50,59,60,63,63,57,52,50,52,56,54,61,58,64,56,69,61,69,70,54,55,56,64,61,55,47,49,49,54,59,59,51,54,52,47,61,50,52,59,57,45,49,63,55,59,58,63,53,64,58,61,61,61,62,65,56,55,56,50,62,59,53,49,60,65,64,63,71,63,67,67,68,63,64,60,73,68,64,74,77,65,58,68,58,67,58,62,61,64,63,67,66,64,65,77,62,59,64,62,61,67,65,74,69,62,77,73,71,69,76,74,68,68,66,74,61,60,66,63,75,72,71,66,74,74,71,75,73,76,63,82,75,69,72,71,76,71,69,70,70,85,77,81,74,77,75,80,70,76,74,77,73,69,83,81,76,79,79,79,79,84,79,80,80,83,84,78,82,83,79,78,77,76,80,83,77,77,76,82,81,77,NA,NA,NA,NA,NA,NA,NA,NA,NA,NA,NA,NA,NA,NA,NA,NA,NA,NA,NA,NA
NA,NA,NA,NA,NA,NA,NA,NA,NA,NA,NA,NA,NA,91,93,95,89,90,93,94,93,89,92,93,92,96,89,95,91,95,95,95,82,83,80,81,90,89,89,91,86,85,83,87,86,85,99,97,82,94,92,75,95,90,93,90,84,84,84,86,77,94,87,81,81,72,77,86,77,78,74,78,78,72,78,76,78,78,72,70,71,86,71,75,75,82,77,80,90,79,70,62,83,63,77,75,79,76,72,77,75,75,74,70,76,68,81,75,67,80,74,72,71,77,68,64,60,65,65,73,67,68,60,67,67,60,72,63,65,73,69,76,68,81,77,77,80,72,62,68,68,64,62,72,68,63,60,67,56,62,64,49,61,57,59,59,47,65,68,56,58,68,51,46,60,56,69,59,61,59,54,50,49,41,60,57,60,52,69,58,57,47,50,57,54,50,46,58,37,74,57,71,53,53,62,60,64,69,64,54,65,57,65,62,46,56,45,39,50,55,63,65,66,73,69,63,56,60,64,56,57,52,47,56,59,57,65,60,51,48,65,59,58,48,47,53,62,56,68,55,58,67,55,71,58,65,49,54,61,74,64,63,59,66,58,66,55,65,56,55,58,69,64,70,57,66,68,59,59,63,66,62,68,67,63,62,60,70,75,60,66,54,60,58,77,74,64,68,68,71,55,68,63,70,64,67,71,73,60,60,73,66,78,66,65,72,69,75,71,67,61,63,79,65,61,69,66,67,65,69,71,72,73,78,80,76,68,67,72,65,68,73,82,87,76,71,80,74,69,76,72,74,77,78,74,74,77,76,82,77,73,72,74,75,79,70,75,81,80,82,82,81,84,78,85,78,78,82,79,75,77,81,79,80,77,82,80,76,77,78,NA,NA,NA,NA,NA,NA,NA,NA,NA,NA,NA,NA,NA,NA,NA,NA,NA,NA,NA,NA
NA,NA,NA,NA,NA,NA,NA,NA,NA,NA,NA,NA,NA,NA,NA,90,90,93,93,95,92,90,92,94,95,91,88,88,94,92,89,96,95,82,80,82,96,85,83,91,94,84,88,88,83,85,92,87,81,84,91,82,92,90,84,79,79,73,86,73,83,85,90,80,76,81,73,72,79,74,70,72,81,77,75,66,82,76,71,78,73,79,81,75,74,73,80,81,86,80,80,79,72,75,80,76,72,68,68,75,75,74,68,77,69,77,73,74,86,78,68,66,77,73,75,76,68,61,72,76,72,65,69,53,67,64,71,78,67,71,72,74,76,62,64,77,62,71,70,77,74,68,75,75,69,66,64,64,66,65,54,63,65,68,53,60,57,58,51,55,58,48,40,59,57,56,58,62,56,58,60,47,57,58,49,38,65,52,55,51,54,51,47,53,49,54,46,52,44,54,63,53,53,62,53,59,56,60,57,55,59,53,56,57,63,58,61,42,47,61,59,50,60,55,68,71,52,59,66,68,60,54,56,42,59,61,63,61,58,57,58,58,55,47,47,61,58,54,43,41,55,56,51,59,64,68,67,58,58,61,62,64,55,72,57,58,61,60,59,61,60,65,59,57,60,55,65,56,59,69,69,63,70,62,55,61,65,65,60,71,54,62,61,74,69,70,74,63,67,53,69,61,61,59,53,67,62,74,61,63,66,65,69,68,76,69,78,71,71,69,65,59,65,74,71,63,67,68,72,69,71,73,72,74,65,69,69,66,68,87,75,83,74,76,72,65,73,71,73,68,74,70,77,70,79,73,81,76,77,76,80,78,79,77,64,77,77,76,83,80,82,71,82,78,81,80,82,81,76,75,78,78,77,78,77,77,77,80,82,77,78,NA,NA,NA,NA,NA,NA,NA,NA,NA,NA,NA,NA,NA,NA,NA,NA,NA,NA,NA
NA,NA,NA,NA,NA,NA,NA,NA,NA,NA,NA,NA,88,78,95,86,92,78,91,78,93,95,86,85,88,94,94,93,93,92,87,88,85,85,81,81,89,90,91,86,89,86,88,87,81,86,83,80,89,85,86,87,92,86,98,90,89,86,80,84,74,91,82,99,85,78,75,77,73,80,71,77,74,85,76,79,76,82,75,76,75,75,76,79,67,80,73,74,75,83,75,71,80,76,82,80,78,74,73,83,67,84,70,85,84,74,77,70,77,64,72,77,73,71,69,63,81,76,63,59,78,79,73,68,65,59,68,60,75,53,64,62,63,76,83,69,71,75,64,72,66,74,71,67,78,70,59,73,69,79,64,67,64,50,68,57,46,52,68,58,63,54,59,54,55,63,52,51,60,53,51,57,44,54,43,55,60,57,53,50,61,52,53,55,50,58,49,55,50,62,50,73,51,69,61,60,56,61,61,68,47,69,48,56,47,66,66,55,55,65,56,54,72,64,65,53,62,54,69,53,55,55,52,66,67,63,51,63,60,49,69,67,57,50,58,50,65,45,48,60,55,63,50,61,51,59,57,53,67,71,46,51,53,60,58,56,53,60,55,72,60,55,61,62,60,68,76,69,73,57,62,56,58,73,68,76,62,56,58,59,69,65,63,67,70,67,64,59,56,77,63,63,59,64,64,67,61,57,65,64,64,70,73,67,80,70,67,67,76,62,65,66,55,66,63,64,67,73,63,80,69,69,82,69,81,65,65,69,67,83,72,79,65,70,76,73,64,73,74,70,76,63,71,72,85,74,79,73,75,82,78,75,75,79,77,74,80,84,81,78,74,77,79,78,83,76,75,74,79,79,76,82,81,75,79,79,75,80,80,NA,NA,NA,NA,NA,NA,NA,NA,NA,NA,NA,NA,NA,NA,NA,NA,NA,NA,NA,NA,NA
NA,NA,NA,NA,NA,NA,NA,NA,NA,NA,NA,NA,NA,88,97,78,78,86,94,96,96,95,92,88,96,88,94,92,93,93,93,86,92,87,91,80,89,91,86,85,88,88,83,89,83,78,80,88,84,94,84,90,88,93,99,86,96,93,86,85,85,90,87,85,89,85,76,74,76,75,70,76,76,74,87,62,73,88,77,73,72,77,73,72,77,88,82,85,78,70,75,78,71,72,72,71,73,75,71,78,77,74,75,69,70,71,70,69,67,75,71,66,64,82,72,76,72,77,68,66,80,83,62,65,72,63,66,62,69,63,66,65,73,70,66,74,68,55,63,71,79,71,75,67,67,69,61,69,68,71,62,53,63,67,58,55,61,64,51,59,58,66,63,67,68,53,61,55,59,59,57,57,52,65,62,45,59,65,68,55,53,49,59,57,56,44,57,52,55,56,54,64,53,64,55,49,56,58,55,48,53,45,53,55,53,63,72,63,58,59,60,57,56,63,49,51,55,65,65,60,56,52,53,64,61,52,51,59,55,59,66,56,52,59,66,60,54,61,52,60,65,56,60,65,48,68,55,52,66,47,50,60,56,56,64,61,61,70,57,61,50,52,66,69,60,70,62,61,65,69,68,60,66,58,59,56,54,68,61,60,70,68,66,70,56,66,62,57,60,55,61,51,60,56,62,56,64,70,63,63,65,68,69,60,73,65,65,73,74,64,70,68,63,71,66,71,72,69,58,69,66,72,64,73,69,67,70,65,71,63,88,63,68,69,72,78,73,70,70,77,71,69,69,68,80,73,77,76,80,81,75,84,81,81,80,75,76,72,75,86,81,77,78,77,75,83,79,82,81,81,78,82,80,81,83,80,80,81,82,89,89,89,NA,83,NA,NA,NA,NA,NA,NA,NA,NA,NA,NA,NA,NA,NA,NA,NA,NA
NA,NA,NA,NA,NA,NA,NA,NA,NA,NA,NA,NA,NA,NA,92,94,97,94,92,92,95,92,92,90,88,91,84,87,93,86,89,88,97,82,85,90,86,85,83,92,87,90,76,84,84,75,90,83,80,86,84,89,92,92,92,97,96,91,81,86,83,91,91,96,87,86,75,97,81,74,76,79,75,76,71,85,80,84,82,72,73,80,90,69,73,76,77,74,80,83,79,78,85,66,79,83,72,68,79,76,74,72,76,72,73,73,78,74,74,72,68,71,67,76,69,80,67,72,76,76,70,80,73,66,71,58,56,54,78,82,62,67,63,57,76,65,60,71,70,82,67,67,66,64,70,70,68,67,73,64,63,65,56,61,71,69,62,58,61,61,66,66,58,50,49,53,57,44,55,53,48,53,47,61,53,58,61,58,58,60,65,49,66,48,57,59,53,51,44,49,48,53,51,57,61,54,50,52,59,50,63,57,44,61,60,53,55,52,64,56,61,66,64,58,57,60,61,59,68,60,65,51,52,56,59,53,61,48,56,48,63,64,60,56,46,56,54,70,57,54,57,55,50,58,62,61,70,58,51,59,58,59,64,64,64,62,67,62,59,64,59,65,63,59,59,70,63,58,62,62,69,61,60,65,63,58,65,60,62,65,63,66,63,61,63,61,54,64,62,61,64,59,71,54,65,70,62,61,64,69,73,65,66,70,62,65,52,59,68,67,59,65,61,60,64,76,65,67,66,66,70,63,65,74,81,75,82,76,74,80,79,81,72,76,75,65,76,66,72,80,74,68,67,75,74,71,77,75,75,75,77,76,75,77,72,79,59,73,73,79,85,72,77,75,76,76,82,81,81,78,80,80,81,82,77,81,82,77,80,80,89,80,92,NA,NA,NA,NA,NA,NA,NA,NA,NA,NA,NA,NA,NA,NA,NA,NA,NA
NA,NA,NA,NA,NA,NA,NA,NA,NA,NA,NA,NA,NA,90,87,97,91,95,77,98,92,80,79,78,96,91,92,88,93,85,86,94,88,88,88,90,93,84,90,83,85,87,90,87,80,86,87,79,84,79,92,86,90,94,83,88,84,83,86,88,85,83,85,90,87,83,87,90,81,75,75,76,78,77,79,77,73,74,73,67,81,66,71,85,81,68,82,78,80,79,80,76,72,80,74,72,81,83,75,79,75,77,71,80,75,66,81,74,69,66,83,81,65,71,65,74,72,70,64,74,75,70,75,65,65,75,72,69,69,63,77,73,66,55,69,57,66,60,58,66,71,78,69,65,71,67,69,72,66,62,58,64,68,59,69,65,67,53,62,55,55,55,61,42,45,58,58,55,54,68,64,65,54,36,52,57,52,57,62,57,55,42,49,51,51,59,42,53,51,56,60,51,52,46,61,55,59,65,66,59,51,49,59,54,46,54,72,55,63,57,57,63,54,56,60,57,40,60,56,49,51,60,49,54,56,53,61,57,67,43,58,58,47,46,60,45,61,54,50,53,66,45,55,56,62,62,61,49,74,57,57,61,57,54,53,51,59,64,53,60,67,65,70,57,71,58,53,62,60,62,52,54,73,62,63,65,57,54,67,68,61,57,69,56,63,69,68,61,57,61,57,55,64,60,73,58,65,65,55,66,68,59,64,71,65,58,58,57,72,67,60,62,59,62,74,68,73,67,67,69,65,74,64,78,69,77,70,84,65,66,78,74,73,80,77,60,71,69,74,75,72,70,79,70,75,73,78,75,76,76,73,77,73,75,79,64,63,76,80,73,82,77,79,79,78,82,77,84,80,79,81,82,83,80,79,80,83,83,80,83,82,92,NA,92,NA,NA,NA,NA,NA,NA,NA,NA,NA,NA,NA,NA,NA,NA,NA,NA
NA,NA,NA,NA,NA,NA,NA,NA,NA,NA,NA,NA,NA,92,94,96,91,98,97,89,78,79,90,95,91,95,91,94,85,86,90,94,93,92,97,76,84,91,81,88,88,78,93,92,89,83,82,79,84,80,77,89,89,91,89,75,85,89,90,85,89,90,86,95,89,87,86,93,92,83,93,82,74,81,76,70,80,72,74,72,77,70,76,76,71,70,86,82,80,79,78,77,82,80,78,72,83,75,68,76,74,81,75,76,78,73,83,68,80,75,63,67,79,80,69,72,64,78,73,76,63,69,70,75,85,61,77,72,66,66,64,66,63,61,63,58,64,66,69,66,56,77,58,74,63,62,69,63,77,75,59,62,71,61,65,63,62,75,54,58,45,69,55,66,63,46,55,44,55,62,53,54,48,50,62,51,58,52,56,54,50,61,47,53,57,54,47,41,63,55,54,43,52,55,48,53,69,55,58,59,53,57,61,69,50,48,33,61,71,52,59,62,59,59,67,63,53,64,63,50,62,51,54,53,58,50,51,69,51,61,58,49,49,55,59,50,59,53,71,61,47,66,56,56,64,55,50,67,54,62,47,56,59,52,50,47,58,57,67,63,62,64,69,51,63,61,52,60,72,75,63,56,54,73,71,60,67,58,64,72,65,68,65,68,64,64,59,66,70,62,69,71,69,70,61,69,56,67,65,73,76,72,70,63,67,66,70,67,70,65,70,73,68,66,59,64,65,65,62,66,65,69,64,72,79,74,60,84,66,75,70,78,77,70,80,58,70,77,76,71,76,74,69,63,74,79,76,77,76,74,79,66,75,64,63,62,78,80,78,81,76,79,78,78,79,80,80,87,81,79,79,79,79,78,78,78,83,81,81,83,83,92,NA,NA,NA,NA,NA,NA,NA,NA,NA,NA,NA,NA,NA,NA,NA,NA,NA,NA
NA,NA,NA,NA,NA,NA,NA,NA,NA,NA,NA,NA,NA,94,94,96,94,89,94,97,97,97,98,95,91,88,94,90,93,90,84,84,93,87,84,95,93,90,79,81,88,88,89,82,93,85,82,81,81,89,86,84,91,89,95,85,89,85,92,79,86,86,80,91,89,95,86,92,83,87,88,82,77,83,81,74,81,83,73,79,79,74,77,84,76,82,79,82,73,73,77,83,83,81,73,76,74,78,80,78,71,81,75,75,76,71,75,80,76,65,71,73,70,73,68,78,65,72,76,76,80,78,73,73,76,74,72,71,77,53,69,76,70,71,63,66,61,63,61,62,67,71,74,63,64,69,68,62,61,65,64,69,71,61,58,65,57,67,73,64,56,53,64,63,67,63,47,43,43,50,52,45,58,47,72,48,50,61,45,53,50,63,57,51,52,60,58,50,51,42,51,57,53,42,44,43,62,60,56,44,56,60,48,50,46,53,53,70,60,55,60,63,62,47,57,61,69,47,60,62,61,60,54,64,51,52,55,59,51,60,61,53,58,54,53,46,51,50,57,63,64,63,59,60,58,52,52,55,48,68,61,64,50,60,57,62,52,65,67,61,67,62,68,59,59,71,60,53,54,59,58,62,67,54,57,57,54,73,53,58,54,61,64,59,67,59,62,65,62,48,76,67,63,57,66,66,64,64,66,67,69,66,70,59,69,74,64,69,67,60,60,60,65,70,67,69,70,64,67,70,71,68,75,78,63,71,75,70,82,70,80,73,77,70,77,74,76,78,73,74,82,67,77,75,81,77,75,77,77,76,64,66,77,63,80,79,71,78,78,73,75,80,79,75,79,80,80,79,78,82,80,78,80,81,79,83,78,77,91,81,95,91,94,92,NA,NA,NA,NA,NA,NA,NA,NA,NA,NA,NA,NA,NA,NA,NA,NA
NA,NA,NA,NA,NA,NA,NA,NA,NA,NA,NA,93,94,95,96,96,91,90,91,94,100,93,94,93,78,91,93,89,90,86,87,86,93,86,81,94,94,83,91,87,85,80,81,80,82,83,90,84,77,89,82,76,74,83,83,80,83,81,88,84,76,91,88,81,84,89,86,90,87,90,87,86,78,71,75,75,75,78,74,73,83,79,77,76,75,83,79,80,75,77,76,85,82,76,78,78,87,68,75,81,77,81,79,84,73,66,70,77,83,62,64,83,69,68,67,69,72,65,80,74,70,61,77,77,85,79,65,64,72,73,68,61,66,64,56,59,63,72,66,63,70,68,70,54,71,61,68,62,73,69,71,75,72,58,56,62,63,60,55,72,59,46,56,49,69,72,56,45,57,58,48,60,57,55,56,48,49,52,51,54,65,55,50,45,47,54,53,58,55,43,57,53,47,58,51,48,59,75,44,54,53,56,58,48,54,59,58,61,60,67,53,51,63,57,60,62,45,47,53,59,60,60,54,65,60,56,61,58,59,60,48,56,60,65,49,56,57,55,60,68,72,72,63,63,52,70,58,60,55,57,74,58,46,63,62,57,59,59,54,61,64,56,67,62,66,63,64,63,59,64,53,58,61,56,66,60,56,56,61,56,65,63,59,66,66,62,62,56,66,62,68,67,60,64,60,59,64,63,80,63,58,65,61,63,60,67,67,68,58,73,62,71,66,68,71,62,64,72,86,60,66,65,73,76,68,76,68,67,71,82,81,77,78,73,70,74,73,70,73,66,69,75,77,67,75,75,81,81,82,72,73,77,76,78,81,71,77,74,77,80,72,82,77,77,81,77,76,79,80,79,81,80,78,81,81,86,79,80,82,95,91,93,89,92,NA,NA,NA,NA,NA,NA,NA,NA,NA,NA,NA,NA,NA,NA,NA,NA
NA,NA,NA,NA,NA,NA,NA,NA,NA,NA,95,100,95,94,96,93,100,94,90,91,90,100,91,90,91,93,81,80,91,84,83,87,89,84,83,95,79,76,88,83,92,83,77,81,85,79,91,92,85,82,81,85,77,81,82,84,85,78,82,84,86,88,86,85,84,91,84,90,86,87,88,89,85,85,94,72,81,74,74,74,83,78,79,83,81,78,75,78,86,75,74,78,75,82,78,82,76,78,67,71,77,71,79,73,77,76,76,75,71,72,67,75,70,59,71,83,67,67,64,69,69,70,80,73,68,72,68,63,78,74,70,62,74,58,66,59,70,66,57,68,65,69,65,69,60,70,68,64,64,62,70,61,76,56,69,62,64,54,55,57,58,54,60,62,61,61,56,46,62,64,47,57,58,63,65,51,60,60,57,61,53,58,56,54,45,55,51,48,53,52,58,50,56,59,57,62,55,66,45,69,59,49,54,57,61,63,67,70,54,63,59,62,65,52,41,56,58,57,55,62,63,46,58,51,56,63,48,60,56,58,49,58,47,58,56,57,60,57,54,56,52,65,55,51,54,63,55,60,51,51,64,50,61,58,58,63,61,60,58,60,62,55,59,53,54,56,59,62,64,68,62,68,57,59,56,65,59,57,61,63,62,60,62,52,60,59,63,70,72,58,56,64,65,70,61,64,63,67,68,72,69,69,64,64,79,67,65,62,73,62,74,71,67,63,60,66,81,68,61,73,67,62,65,64,75,63,72,80,82,86,80,83,85,83,83,84,75,66,66,68,71,64,64,77,76,77,78,79,71,73,74,79,82,78,85,75,83,73,74,80,87,84,77,74,76,80,80,80,78,80,78,89,83,77,81,80,93,93,93,81,93,89,93,90,91,94,94,NA,NA,NA,NA,NA,NA,NA,NA,NA,NA,NA,NA,NA
NA,NA,NA,NA,NA,NA,NA,NA,NA,NA,NA,98,96,96,99,98,91,97,94,91,93,93,102,89,95,90,82,78,92,84,91,91,89,91,89,89,88,89,82,88,88,88,86,84,84,84,79,78,90,91,77,91,95,76,83,77,80,77,81,89,79,86,92,84,88,82,82,87,84,81,88,83,79,88,83,86,85,84,71,77,74,75,84,83,80,73,71,76,76,86,77,78,77,76,77,78,66,82,75,75,78,73,76,74,84,77,78,78,64,71,75,77,59,74,80,72,58,68,67,69,76,71,66,70,75,75,76,79,61,65,68,71,66,59,57,69,71,66,65,63,57,58,61,67,73,74,60,58,67,70,60,71,70,63,57,59,67,72,71,61,56,49,54,60,51,55,41,58,56,48,61,60,58,61,54,42,65,56,61,54,49,59,46,40,50,49,45,55,52,51,58,45,39,62,52,37,56,51,53,44,60,45,56,58,59,61,65,62,57,52,51,65,64,50,51,56,61,41,61,56,63,58,46,48,62,61,53,58,48,52,55,47,54,59,51,55,55,59,52,73,65,58,66,56,53,57,56,57,60,63,56,59,72,50,60,55,55,51,57,63,53,57,55,51,63,57,56,58,60,60,53,57,62,51,55,70,51,60,61,66,58,64,54,59,66,60,58,60,59,61,63,62,64,67,70,70,63,77,61,52,65,65,66,67,55,72,72,63,61,71,74,63,72,66,66,79,57,83,65,66,64,62,67,72,81,82,61,78,80,82,85,76,68,77,82,81,80,68,68,72,66,60,74,75,74,73,79,87,79,73,73,75,77,75,77,80,82,77,80,88,79,76,74,78,92,76,90,80,80,94,89,91,92,92,80,84,83,82,83,92,84,83,93,91,91,91,NA,NA,NA,NA,NA,NA,NA,NA,NA,NA,NA,NA,NA,NA
NA,NA,NA,NA,NA,NA,NA,NA,NA,98,96,96,100,98,96,95,93,96,94,95,93,86,87,100,91,78,87,85,87,87,85,90,91,90,85,88,85,86,89,98,93,83,85,93,80,83,83,82,84,86,86,80,84,94,84,80,81,91,86,87,87,77,85,85,79,84,86,88,86,89,79,84,87,75,81,71,71,82,72,69,72,75,79,71,72,71,70,71,73,76,76,83,77,73,75,77,80,71,79,88,72,73,78,71,75,72,73,76,76,68,77,72,71,65,72,75,78,64,66,68,66,67,78,68,70,73,73,86,74,71,62,61,62,71,58,65,73,71,62,70,73,60,58,62,70,72,55,66,53,69,63,56,66,68,58,64,60,61,63,75,56,60,58,65,57,62,54,49,76,58,60,60,60,61,57,55,60,51,58,58,57,59,47,43,62,51,56,59,41,55,59,52,48,60,51,55,49,61,56,46,61,50,49,49,54,62,65,55,60,65,52,48,55,59,44,55,51,50,58,56,56,54,44,43,54,51,53,42,49,53,52,46,61,57,48,64,55,62,59,59,44,58,47,50,60,60,52,66,59,58,57,49,55,50,52,61,58,62,63,63,57,50,48,60,58,60,46,62,58,56,59,55,64,59,50,57,59,57,52,57,67,59,57,61,54,53,70,67,63,67,61,60,69,63,62,57,63,62,60,65,60,67,61,71,73,69,61,63,72,73,73,61,63,65,63,87,88,67,71,67,85,65,88,60,87,76,77,73,70,58,60,62,78,81,75,80,73,72,71,63,67,64,74,65,82,72,65,74,71,73,73,77,75,74,78,79,77,79,79,73,81,77,81,85,85,90,83,77,91,80,94,89,92,78,80,88,79,81,92,84,91,94,90,91,91,94,NA,NA,NA,NA,NA,NA,NA,NA,NA,NA,NA,NA,NA,NA
NA,NA,NA,NA,NA,NA,NA,NA,NA,NA,94,97,101,94,95,93,98,95,93,93,93,89,94,95,99,90,86,82,86,90,91,87,93,96,91,92,91,82,90,79,87,92,87,80,87,91,77,80,85,77,84,88,84,82,82,87,83,81,87,78,78,81,83,84,85,83,83,84,87,94,79,86,82,78,80,86,76,85,71,74,70,72,69,71,74,75,75,80,74,76,85,86,83,78,82,80,78,78,73,74,87,81,91,82,72,71,86,71,83,66,71,66,69,79,67,71,65,61,78,66,68,67,70,68,70,66,75,67,67,66,67,71,73,67,61,64,65,65,70,65,54,72,61,73,69,66,54,60,67,58,65,65,64,67,65,57,62,64,67,57,64,63,60,46,57,57,54,56,62,60,60,54,62,59,52,62,56,53,52,49,62,56,49,43,55,48,49,60,55,49,48,50,58,46,59,39,53,63,50,64,53,55,44,63,52,57,55,57,58,54,55,69,55,58,44,57,64,57,50,59,62,61,57,50,51,53,50,57,47,58,60,59,58,54,48,58,49,62,55,57,49,48,55,53,62,58,55,57,51,49,56,61,60,56,58,58,61,71,68,56,56,48,56,52,59,52,48,57,67,58,70,52,53,61,60,62,64,60,59,62,63,56,58,69,67,65,56,64,59,63,60,66,58,56,60,60,64,69,58,72,67,53,61,70,76,69,66,72,73,74,70,57,72,65,77,71,78,59,64,71,83,68,65,76,80,82,72,76,78,76,64,64,72,76,68,79,85,83,69,74,71,77,75,77,71,71,73,83,85,86,90,72,74,76,76,70,77,84,77,86,78,77,77,78,81,77,81,81,81,79,88,81,88,80,80,84,85,81,92,91,90,82,82,84,95,NA,NA,NA,NA,NA,NA,NA,NA,NA,NA,NA,NA,NA,NA,NA
NA,NA,NA,NA,NA,NA,NA,NA,97,97,94,96,99,94,95,95,99,97,98,94,92,91,97,94,95,101,93,85,88,89,90,87,89,87,94,86,90,86,87,86,85,89,93,90,88,80,89,81,88,85,84,87,83,83,82,80,78,86,75,86,78,82,85,84,84,78,83,85,86,80,86,75,82,82,86,85,81,69,75,75,72,71,74,78,72,71,75,73,64,85,70,68,65,84,79,81,67,86,79,81,80,88,70,68,78,74,76,73,77,65,75,69,66,80,75,64,78,63,70,65,81,70,62,73,74,62,72,73,62,73,61,60,73,69,58,68,65,56,69,70,64,54,67,53,67,54,56,63,69,66,66,68,63,53,64,63,56,64,58,50,57,64,61,52,55,47,62,54,50,57,57,56,55,62,51,55,59,53,60,51,58,46,45,46,61,53,57,48,45,48,56,52,37,51,43,48,63,61,44,44,56,51,37,40,63,59,66,61,56,58,53,42,50,52,50,61,64,51,44,49,66,49,45,56,56,53,57,55,62,50,54,55,61,51,50,61,40,46,49,60,46,61,57,64,65,59,45,62,67,54,55,59,59,66,61,62,64,59,54,58,48,60,57,52,51,56,56,61,66,64,56,64,56,56,56,49,58,53,58,66,59,61,58,58,61,71,61,64,60,65,58,65,56,65,72,64,60,64,66,62,67,58,62,77,62,69,59,59,70,72,66,69,65,79,68,81,75,71,72,76,73,75,72,73,80,82,85,80,76,76,79,78,65,79,76,81,79,70,66,75,70,64,63,85,68,69,83,65,74,71,79,76,74,76,72,73,75,87,83,76,77,77,76,87,76,80,89,87,83,75,92,85,89,76,87,87,82,93,93,78,76,90,93,94,95,NA,NA,NA,NA,NA,NA,NA,NA,NA,NA,NA,NA,NA,NA,NA
NA,NA,NA,NA,NA,NA,NA,NA,NA,97,97,92,96,94,96,97,99,92,85,95,96,90,94,93,93,91,96,88,91,86,92,93,91,92,95,93,94,87,90,92,89,90,86,90,89,90,89,84,84,82,77,78,76,79,84,86,92,87,83,80,77,81,78,82,75,85,88,83,81,82,84,89,90,77,84,88,68,75,71,88,69,72,76,69,70,75,72,70,66,83,79,86,73,86,71,73,67,77,69,75,75,71,66,74,74,80,78,69,70,83,72,76,76,76,84,67,77,67,79,73,66,67,67,71,61,71,65,73,66,74,75,74,58,64,69,73,59,69,58,63,61,65,64,55,63,59,69,63,64,70,72,51,60,63,63,53,65,62,51,68,62,65,59,53,55,48,51,62,53,54,64,48,56,61,54,62,55,48,53,42,54,68,46,61,50,47,51,46,55,44,54,58,49,56,65,53,53,54,43,58,60,49,61,51,44,54,44,55,40,66,54,60,54,58,65,52,52,61,53,52,56,45,49,55,46,48,52,53,49,50,57,51,60,48,51,46,44,46,52,43,51,56,59,67,44,67,57,54,56,61,63,64,53,54,61,63,64,50,53,55,48,58,59,49,65,55,59,65,60,63,60,53,57,64,68,54,53,56,51,50,69,54,70,62,70,61,69,61,55,60,58,63,65,69,59,66,62,63,71,73,58,64,55,64,63,77,68,76,74,73,73,76,72,81,72,79,68,84,67,85,86,67,75,72,73,78,77,63,75,83,84,88,82,82,78,73,74,70,84,86,78,88,65,69,89,79,72,80,80,80,82,77,83,81,66,76,76,76,88,89,90,77,78,79,79,78,77,84,89,92,76,88,86,94,85,90,76,80,76,86,95,90,83,87,NA,85,85,NA,NA,NA,NA,NA,NA,NA,NA,NA,NA,NA,NA,NA
NA,NA,NA,NA,NA,NA,NA,NA,97,NA,96,96,97,95,94,98,89,94,92,94,92,84,94,99,88,93,91,96,93,89,91,90,88,91,91,93,87,92,91,93,90,87,88,89,84,87,87,91,87,79,82,78,79,83,71,87,78,81,81,89,85,83,85,80,89,89,85,85,84,79,78,88,84,87,89,84,80,70,77,83,79,81,72,81,67,73,77,78,64,67,80,71,63,73,78,75,78,72,70,80,81,71,66,69,61,82,81,80,76,77,75,79,82,81,80,59,79,67,67,73,62,68,71,70,60,64,65,71,78,64,70,66,71,57,65,70,69,62,62,69,70,69,52,69,57,66,67,65,52,65,64,62,60,59,67,62,65,52,64,55,64,64,52,49,58,57,61,66,65,44,49,63,65,54,69,63,63,53,51,49,118,56,55,53,43,46,51,62,58,56,49,54,50,63,45,40,59,46,46,54,58,55,65,55,48,51,57,55,53,58,43,55,42,53,64,55,54,48,64,59,44,48,51,64,58,59,51,52,61,52,52,53,56,55,61,48,47,44,56,65,49,60,67,58,57,58,60,50,56,52,55,62,56,50,71,55,49,55,55,53,46,65,63,57,58,50,48,52,54,53,47,53,50,64,56,53,50,55,59,63,72,62,69,65,57,59,64,48,61,63,61,62,58,63,72,65,68,68,71,57,77,76,76,67,68,77,64,65,72,74,82,74,77,79,81,81,86,72,72,74,73,79,75,83,84,79,78,73,79,72,85,68,80,75,73,76,75,85,61,82,69,66,70,74,86,78,74,66,80,85,89,88,85,83,88,82,75,73,74,90,76,78,90,93,77,77,89,83,82,90,90,93,94,83,82,76,84,88,88,94,88,83,86,NA,NA,NA,NA,NA,NA,NA,NA,NA,NA,NA,NA,NA,NA,NA,NA,NA
NA,NA,NA,NA,NA,NA,NA,NA,NA,92,98,96,96,95,96,94,96,91,91,96,97,95,98,91,94,96,93,91,97,92,89,87,88,88,96,94,94,87,87,86,88,95,88,87,86,87,90,84,84,87,85,84,72,88,80,80,85,82,82,79,88,93,84,85,86,82,85,87,85,85,87,80,70,82,84,86,83,73,65,81,77,75,85,75,84,76,80,71,72,71,65,83,76,66,68,63,75,70,78,67,68,76,81,74,69,74,68,75,79,72,69,77,74,72,69,79,69,77,74,72,65,69,61,67,68,64,66,70,74,77,64,64,55,67,72,72,67,64,64,75,59,61,57,56,65,69,67,59,56,60,55,62,54,74,61,60,62,62,50,60,59,61,58,57,69,58,63,56,53,61,46,51,55,64,45,46,51,50,50,58,111,50,54,50,49,59,64,58,49,51,52,48,64,56,55,63,55,62,50,44,52,50,41,54,36,56,68,61,45,63,49,61,65,55,47,52,45,57,54,45,56,66,58,64,42,60,59,56,55,59,45,53,52,42,54,46,48,62,51,59,59,55,60,59,60,44,55,55,59,50,71,61,62,63,52,57,52,55,53,60,56,56,61,56,56,60,64,64,50,62,60,58,61,66,62,60,67,70,59,53,63,59,69,60,60,56,53,59,65,64,68,59,64,68,60,74,74,67,72,73,72,73,71,76,61,75,75,63,79,73,75,67,66,76,78,72,74,69,81,81,84,74,78,79,68,68,78,77,74,88,84,83,72,67,74,69,71,84,82,73,63,71,85,70,85,83,69,68,70,79,77,67,64,62,67,76,77,84,89,88,88,84,89,77,87,80,91,92,87,77,91,78,83,93,79,88,87,77,84,88,91,83,83,83,NA,NA,NA,NA,NA,NA,NA,NA,NA,NA,NA,NA,NA,NA,NA,NA
NA,NA,NA,NA,NA,NA,NA,NA,97,95,95,97,96,98,98,88,100,91,95,95,93,95,91,92,91,95,95,92,93,91,89,89,93,91,88,96,85,91,86,87,94,95,99,84,95,93,80,84,83,85,85,92,94,96,95,82,82,85,81,79,78,86,90,83,80,82,85,89,86,89,86,80,77,78,87,83,80,80,75,87,74,85,74,74,83,68,79,75,73,74,80,73,77,66,64,83,73,72,63,71,70,75,75,78,68,74,72,67,65,68,75,76,58,68,77,78,73,59,67,71,64,66,64,60,70,70,76,68,52,63,68,59,65,61,70,64,64,60,69,58,64,67,65,61,68,61,56,70,49,71,70,59,69,62,62,60,60,51,65,66,65,64,60,60,65,67,61,56,58,71,61,54,48,51,57,51,54,52,51,53,55,115,59,41,52,44,52,57,55,41,42,48,53,44,48,58,57,51,49,69,59,64,43,45,52,47,53,58,48,49,62,47,59,54,46,56,54,50,51,51,52,56,50,48,51,53,58,47,50,58,43,49,46,52,48,45,56,52,53,55,66,63,62,60,50,62,50,63,57,57,51,55,56,61,68,68,55,60,71,64,62,45,60,60,57,51,51,63,59,54,54,61,61,65,61,64,69,62,56,58,61,61,68,65,66,61,49,66,66,63,62,72,72,63,68,67,70,63,83,54,60,66,68,65,53,70,74,70,75,62,67,70,72,66,79,72,91,86,79,82,65,78,74,83,85,67,66,74,73,67,72,75,72,71,74,74,68,76,81,65,75,83,85,72,90,85,77,78,94,64,64,75,77,84,87,90,84,86,90,85,80,89,88,97,92,81,81,88,87,89,79,79,79,80,92,79,80,77,81,83,88,83,94,NA,NA,NA,NA,NA,NA,NA,NA,NA,NA,NA,NA,NA,NA,NA,NA,NA
NA,NA,NA,NA,NA,NA,97,NA,97,97,98,97,96,94,97,95,87,91,91,93,96,94,94,95,95,87,91,96,91,94,91,94,90,90,88,94,88,87,83,89,87,92,81,86,85,87,87,93,87,92,88,81,89,92,76,83,84,84,79,90,81,90,82,90,79,82,79,84,84,74,76,86,82,78,85,83,77,85,74,78,81,78,81,83,78,75,81,78,78,67,78,77,71,75,82,83,79,81,72,73,76,81,72,63,79,66,73,69,74,68,68,64,84,73,76,69,68,68,68,69,58,72,70,65,61,73,71,72,70,69,50,70,62,51,62,67,66,60,58,83,67,51,56,62,67,65,66,63,62,50,59,75,69,60,59,60,68,65,59,65,58,73,54,56,51,62,52,66,55,61,70,49,51,54,52,51,49,61,40,47,51,57,49,56,46,49,49,49,45,58,49,45,57,53,47,57,51,54,49,46,59,49,58,57,53,49,55,50,56,45,62,55,62,47,58,56,46,51,52,49,50,45,43,55,48,55,61,56,47,49,54,49,52,53,47,48,54,53,63,68,50,59,55,60,57,57,48,64,55,52,56,46,49,58,56,59,54,68,48,68,61,58,57,61,59,59,61,63,68,59,62,65,58,55,63,56,61,56,61,63,55,69,66,58,56,58,59,56,63,65,62,69,71,66,70,67,69,71,72,62,77,66,69,69,68,65,75,67,69,72,67,74,78,73,70,77,84,66,78,71,65,72,81,72,82,82,71,69,75,64,78,81,80,72,74,76,78,83,84,77,65,72,76,82,70,67,81,81,83,64,78,74,87,88,87,84,73,83,86,85,87,88,75,85,86,89,86,89,77,93,79,78,80,79,88,81,88,81,87,82,80,93,84,NA,NA,NA,NA,NA,NA,NA,NA,NA,NA,NA,NA,NA,NA,NA,NA,NA
NA,NA,NA,NA,NA,NA,96,97,96,92,91,94,97,96,97,89,88,86,94,95,93,91,93,92,92,93,91,93,91,94,87,88,88,87,93,91,82,84,91,83,90,85,85,87,85,86,90,88,83,95,83,84,88,88,84,92,76,82,79,91,91,79,79,83,75,81,78,81,86,83,79,80,82,74,85,82,78,73,70,76,80,87,83,70,72,73,77,76,77,80,75,76,76,67,70,76,81,74,83,70,65,80,70,69,77,69,69,82,75,69,84,80,71,64,70,67,79,80,76,62,67,61,69,80,61,68,64,76,72,64,65,59,63,63,69,55,66,66,67,64,56,71,63,71,66,54,72,64,57,55,66,63,59,76,59,72,75,61,68,65,59,64,66,66,59,64,64,64,67,71,59,62,48,67,63,48,53,52,53,54,49,43,47,62,49,49,42,49,52,47,40,40,58,59,56,53,46,46,54,47,54,46,48,69,38,43,51,38,46,53,58,51,52,48,57,48,57,43,46,42,66,43,54,55,52,51,42,35,45,49,62,53,46,53,55,55,50,55,61,64,59,56,67,55,48,57,62,50,59,57,52,55,60,62,55,55,64,56,64,71,54,61,64,64,54,60,58,60,46,59,65,55,57,54,60,61,65,66,55,59,59,57,71,68,60,54,58,51,61,62,62,66,69,75,66,68,70,72,62,72,66,65,70,63,76,64,73,70,67,68,68,72,72,66,72,64,74,70,68,80,77,74,71,78,73,69,70,71,72,76,76,77,77,78,68,80,82,80,73,86,88,81,80,86,61,66,85,76,79,85,74,76,82,77,86,85,83,73,81,90,85,88,89,83,83,85,89,76,94,80,90,87,77,89,78,79,81,77,80,79,81,80,95,84,NA,NA,NA,NA,NA,NA,NA,NA,NA,NA,NA,NA,NA,NA,NA,NA
NA,NA,NA,NA,NA,NA,NA,92,93,91,91,95,90,92,89,92,87,92,94,90,85,84,90,94,84,85,90,84,92,93,90,89,88,91,89,86,84,86,90,82,83,83,93,85,89,86,79,88,94,94,91,91,81,80,80,81,82,87,84,87,82,83,88,77,74,77,83,91,75,78,71,76,80,78,72,77,75,87,79,69,79,82,69,74,65,79,76,75,70,72,75,74,82,72,76,78,73,75,87,78,62,74,79,75,70,75,80,72,74,65,69,69,67,71,77,75,78,71,71,65,70,54,71,73,72,70,77,62,80,78,66,75,69,52,79,70,66,71,63,58,64,69,85,74,64,58,56,58,74,58,52,62,54,57,67,58,61,60,68,73,74,67,59,65,61,63,63,52,62,59,52,61,50,66,64,57,51,57,57,53,54,46,48,130,115,48,42,35,46,45,58,36,52,44,56,47,40,51,40,47,52,48,59,51,53,52,52,55,52,45,37,51,46,58,55,48,54,49,59,60,61,53,66,54,47,45,49,50,63,59,51,55,54,56,56,75,65,56,48,49,57,58,70,63,62,61,65,56,57,59,55,57,64,62,47,53,50,53,53,64,61,55,58,60,57,56,63,65,52,58,71,66,57,61,60,65,66,67,57,64,59,54,65,66,58,51,59,56,67,72,69,64,71,63,61,65,69,75,71,71,69,62,66,68,64,62,78,74,65,65,71,72,73,72,66,68,74,71,75,78,81,73,72,78,74,67,67,69,77,71,75,77,87,78,76,75,78,78,75,80,75,83,74,80,73,80,79,75,77,85,85,75,72,87,84,84,86,82,74,89,84,87,90,92,88,88,78,86,90,73,88,82,79,79,78,83,83,80,81,77,80,80,78,95,80,97,NA,NA,NA,NA,NA,NA,NA,NA,NA,NA,NA,NA,NA,NA
NA,NA,NA,NA,NA,NA,NA,92,NA,88,98,98,89,97,96,92,89,88,96,83,89,87,86,91,87,86,85,88,90,92,90,91,81,81,87,88,86,82,78,87,97,92,91,91,85,82,77,81,81,84,87,90,79,84,80,80,80,77,83,85,79,80,82,84,92,87,82,83,74,79,79,82,78,79,78,76,85,78,80,73,70,76,81,92,73,69,78,77,81,86,79,76,70,80,74,69,70,75,77,76,79,71,78,78,64,68,77,74,65,65,68,81,76,72,76,76,76,73,57,72,68,73,65,66,60,66,74,74,68,57,75,71,60,64,60,77,61,55,66,59,71,59,65,64,71,71,62,74,68,61,54,59,61,60,59,57,71,62,58,71,71,57,69,74,64,68,71,53,49,60,64,62,68,59,48,53,48,61,44,34,53,52,45,50,114,52,50,55,52,43,53,58,63,53,36,59,47,39,38,47,50,51,51,58,56,56,56,46,64,55,64,52,53,51,48,57,51,57,58,55,48,68,45,53,49,52,54,43,43,53,44,46,46,69,53,71,46,59,53,66,58,56,54,52,60,57,53,61,55,56,58,59,57,50,53,53,58,59,50,52,55,55,63,60,56,65,53,62,59,60,62,51,63,50,65,66,64,65,59,64,68,58,62,64,54,70,70,63,66,66,64,71,59,71,73,67,65,72,70,59,68,66,74,65,66,66,65,69,68,70,68,68,68,65,71,69,64,76,68,68,72,68,70,70,68,70,79,68,69,82,76,78,82,76,73,78,75,78,76,71,78,88,84,83,80,84,81,72,79,76,76,86,84,75,83,94,84,83,85,87,89,79,92,92,94,90,78,95,94,83,82,77,83,80,94,79,83,83,81,81,77,80,98,80,97,98,98,NA,NA,NA,NA,NA,NA,NA,NA,NA,NA,NA,NA,NA
NA,NA,NA,NA,NA,NA,NA,NA,91,92,88,89,90,96,98,88,83,96,95,97,89,87,91,89,89,85,88,87,89,95,85,85,84,82,83,88,91,82,85,88,96,86,87,92,89,84,78,76,84,87,77,86,80,84,79,77,84,89,89,81,94,91,90,82,87,79,83,79,84,77,86,77,87,88,79,84,78,91,75,85,75,78,73,84,79,80,89,78,78,72,78,82,76,71,81,83,72,76,74,85,66,77,77,78,77,79,65,72,70,72,66,79,77,74,62,79,79,63,68,67,65,62,69,64,59,65,70,69,61,69,80,57,69,51,71,76,69,70,65,68,66,61,57,63,66,67,56,61,60,64,71,55,52,50,48,58,60,61,62,66,67,62,65,66,67,59,62,62,55,59,54,60,57,61,58,57,63,49,52,52,52,52,56,53,54,50,50,51,53,49,52,47,58,51,59,40,43,53,46,35,44,71,54,63,55,46,62,47,52,60,57,48,52,53,64,65,59,45,67,49,58,53,47,41,43,53,35,49,41,57,56,50,58,57,53,53,54,51,49,52,45,49,52,53,52,65,51,50,54,60,64,53,60,41,59,57,55,66,56,58,63,63,59,56,68,52,61,60,53,62,46,56,67,64,55,58,61,60,75,63,70,67,62,74,63,67,73,59,70,67,65,66,65,69,68,72,64,67,74,78,66,77,73,66,69,71,72,67,62,73,74,74,72,64,67,68,68,76,72,73,66,71,72,72,69,77,67,77,75,73,74,78,83,66,80,74,80,73,80,78,76,77,80,80,76,75,76,75,83,78,78,81,74,76,83,77,83,84,82,78,88,88,81,92,82,93,93,82,88,78,81,80,80,92,95,81,92,81,80,80,77,81,82,98,98,79,96,NA,NA,NA,NA,NA,NA,NA,NA,NA,NA,NA,NA,NA
NA,NA,NA,NA,NA,NA,NA,NA,93,93,89,88,92,97,97,88,96,90,92,93,97,94,89,88,84,95,89,91,83,87,95,82,85,81,80,91,91,85,83,80,82,86,90,83,84,81,85,87,83,83,82,83,85,82,84,80,90,91,81,79,93,90,70,77,93,74,83,74,78,77,76,82,81,80,84,93,82,90,84,87,78,81,77,71,85,82,87,85,80,78,77,78,78,76,75,68,76,73,80,81,78,88,66,83,69,67,81,75,67,62,65,69,75,68,78,71,76,69,74,72,54,59,70,77,79,71,59,71,72,60,73,67,66,68,67,54,63,74,59,61,65,55,82,65,57,61,65,62,65,65,62,59,53,61,55,61,50,53,52,51,70,65,56,58,57,55,60,57,58,57,57,56,54,50,61,53,53,57,49,49,61,52,56,49,38,49,55,42,42,45,44,38,60,57,42,58,49,46,51,46,57,45,55,51,60,61,47,50,49,45,55,62,46,52,44,66,61,48,61,69,58,39,43,47,45,34,54,51,55,55,46,61,60,52,63,52,67,66,52,56,60,54,49,62,58,57,61,56,56,60,53,49,61,56,55,72,53,53,64,47,58,57,59,61,64,63,60,56,50,52,49,62,60,64,52,65,67,64,59,61,68,68,64,66,56,72,69,62,65,69,65,68,60,63,70,60,72,65,63,70,67,71,79,73,76,71,67,72,65,69,70,69,72,70,66,70,67,65,77,66,71,68,78,79,73,81,72,68,76,77,77,73,77,72,78,77,79,75,75,75,79,70,69,73,75,80,75,85,86,80,78,80,88,82,77,75,78,83,84,77,82,86,79,82,80,90,82,77,81,87,88,81,93,94,92,80,93,93,80,83,81,82,97,81,97,98,NA,NA,NA,NA,NA,NA,NA,NA,NA,NA,NA,NA,NA,NA
NA,NA,NA,NA,NA,NA,NA,NA,NA,94,88,88,92,86,91,92,97,89,97,96,83,87,94,87,91,88,88,88,89,89,89,86,89,87,87,92,86,83,86,82,85,82,81,84,82,88,88,87,82,81,85,81,84,76,87,85,87,84,85,80,86,80,83,82,77,84,76,78,80,78,78,80,79,73,77,83,79,78,87,73,74,82,74,76,73,68,74,86,76,81,68,78,80,78,67,77,78,82,75,75,71,85,84,78,81,62,64,71,87,70,71,76,78,67,69,65,68,68,61,65,82,65,69,57,73,63,54,59,57,70,65,68,61,65,56,70,62,69,70,59,62,63,76,71,63,58,55,61,56,61,62,59,61,57,64,57,57,49,60,52,52,47,53,48,59,63,58,58,60,60,56,59,61,62,51,47,68,62,45,48,53,47,57,48,47,68,48,44,49,61,53,40,48,46,48,54,44,43,49,43,54,53,52,56,42,59,53,53,46,52,59,50,60,36,52,56,50,65,45,40,50,48,41,53,57,54,59,58,62,51,53,56,54,51,66,44,64,55,61,45,54,55,48,62,61,60,54,60,57,58,60,61,59,52,63,60,71,63,62,50,52,61,52,56,73,58,60,63,52,53,62,57,59,59,59,59,61,54,66,64,70,67,60,68,66,66,63,69,76,63,66,64,70,66,63,65,61,66,74,64,63,70,73,68,64,75,66,62,71,70,69,70,67,71,69,71,79,74,75,67,69,73,72,76,78,70,75,71,71,77,74,85,77,81,80,76,70,74,78,80,82,76,78,74,74,75,73,77,76,76,78,76,76,84,84,79,80,79,84,78,77,78,82,87,84,94,82,82,85,79,82,79,90,94,90,92,95,90,95,82,80,98,96,82,98,96,100,100,NA,NA,NA,NA,NA,NA,NA,NA,NA,NA,NA,NA
NA,NA,NA,NA,NA,NA,NA,NA,96,96,95,86,94,93,90,92,97,91,85,85,94,89,90,84,91,88,90,99,88,87,88,89,90,83,82,90,80,87,87,90,87,85,80,89,87,90,90,85,82,77,80,94,87,85,76,77,81,81,82,84,77,85,81,76,88,77,84,75,78,76,85,82,80,84,82,78,82,73,85,82,82,87,72,74,83,80,83,81,89,83,79,73,69,76,73,72,71,76,67,76,80,72,69,65,65,70,75,72,82,71,73,71,78,70,69,70,87,82,73,82,69,64,72,82,70,73,69,76,68,57,78,59,63,59,63,62,69,72,64,61,63,61,50,60,65,64,73,56,60,50,62,56,63,55,63,59,64,42,67,60,63,53,52,52,52,48,48,58,65,66,51,65,55,60,51,62,62,53,65,54,49,54,43,50,51,57,46,52,47,56,43,42,70,49,50,54,55,54,49,49,55,52,58,66,44,47,46,49,50,49,52,60,58,43,43,62,66,57,57,49,53,50,51,45,52,53,57,55,58,65,46,50,51,52,52,52,61,58,66,54,59,45,66,49,49,50,63,51,57,58,62,57,53,46,52,63,65,71,60,57,50,67,59,55,48,51,59,64,59,70,60,62,61,52,55,52,57,65,61,63,67,61,61,59,75,58,66,69,70,72,80,68,66,59,75,72,78,74,71,67,67,62,74,75,64,65,77,84,76,68,65,69,65,69,77,78,64,77,75,69,65,74,76,70,70,77,79,65,61,75,75,76,76,77,69,82,85,75,80,75,69,78,71,77,83,77,76,74,79,78,78,83,78,79,82,80,81,81,77,91,90,79,87,82,87,84,94,82,83,81,81,98,92,95,89,83,82,81,97,96,82,94,94,80,93,91,102,102,NA,NA,NA,NA,NA,NA,NA,NA,NA,NA,NA,NA
NA,NA,NA,NA,NA,NA,NA,NA,NA,91,87,94,94,94,84,95,92,92,91,92,90,83,89,90,92,87,85,85,87,86,85,92,87,86,86,85,87,82,81,85,84,88,85,82,81,87,83,81,81,84,86,91,95,80,74,78,76,84,82,82,71,76,81,72,78,87,76,78,76,81,83,77,77,77,78,69,84,85,84,74,78,83,91,96,81,77,77,84,81,75,78,77,74,74,78,67,76,72,76,73,74,77,81,81,69,69,80,78,72,87,66,71,88,73,80,85,60,77,66,73,56,68,78,74,68,68,79,66,68,70,59,57,61,71,62,56,82,55,57,59,61,56,55,68,62,58,55,59,48,56,52,45,44,53,55,57,60,64,66,48,70,54,49,52,59,68,65,56,70,68,63,65,52,46,47,52,51,46,44,55,55,53,49,42,56,49,39,43,53,57,49,49,40,42,46,56,55,46,55,59,57,54,52,55,47,71,49,39,58,32,46,40,43,35,39,59,44,48,47,51,50,57,51,54,49,58,51,55,50,69,51,60,55,55,47,51,53,56,46,57,69,57,63,54,52,60,52,46,57,54,49,52,55,57,61,60,62,60,64,56,59,59,66,63,69,64,61,59,59,59,52,59,63,52,58,64,72,66,57,64,61,62,56,64,68,57,61,63,57,60,73,66,70,71,67,67,58,68,68,82,68,72,69,69,72,72,73,74,73,64,79,75,71,66,76,77,72,74,63,76,66,82,67,73,72,75,74,71,83,72,71,71,75,75,77,82,80,78,79,70,83,80,80,80,85,81,78,88,77,77,79,70,80,71,71,82,77,82,81,85,86,79,72,72,82,83,79,78,80,95,88,79,99,88,92,82,78,78,80,95,78,92,100,93,93,95,101,NA,NA,NA,NA,NA,NA,NA,NA,NA,NA,NA,NA,NA
NA,NA,NA,NA,NA,NA,NA,NA,NA,94,92,94,86,88,95,90,91,89,90,91,90,91,91,90,88,86,86,87,87,84,86,88,87,83,85,90,88,78,90,85,85,86,91,88,80,80,81,79,80,84,84,75,80,99,76,85,78,81,82,89,70,76,71,81,82,88,77,79,85,86,84,88,81,84,74,80,74,78,78,86,73,72,77,81,80,79,81,83,76,78,70,80,74,79,75,74,63,63,73,69,66,79,77,78,81,80,66,75,74,73,81,80,74,81,61,86,64,77,79,77,65,81,60,68,68,66,72,66,71,67,65,71,56,57,56,74,75,58,66,55,58,63,65,71,59,57,53,61,60,51,69,54,59,60,60,50,55,49,66,48,59,65,56,60,58,55,53,50,55,52,56,70,56,55,53,65,68,58,55,55,39,52,48,41,41,63,57,54,58,33,40,57,46,47,51,47,59,53,45,60,62,55,63,49,45,57,40,45,61,43,44,43,38,44,59,46,55,50,52,46,42,50,49,55,65,49,40,51,51,41,48,47,56,59,51,44,53,41,50,52,55,46,45,51,46,55,59,52,55,53,57,55,64,59,60,51,63,59,61,60,69,56,71,54,65,51,54,62,56,64,57,49,52,61,71,59,71,65,70,68,68,68,60,59,65,58,66,65,62,67,66,62,70,63,71,67,70,68,68,70,62,70,75,77,65,63,73,62,70,60,63,76,80,77,79,82,72,71,74,63,60,75,75,68,70,71,70,67,77,76,71,78,76,75,75,78,77,69,71,73,78,73,71,77,78,74,76,70,71,86,72,74,77,81,82,86,85,79,82,73,81,84,73,88,85,84,89,84,82,82,89,89,85,83,88,94,80,92,78,96,91,91,91,96,100,89,98,NA,NA,NA,NA,NA,NA,NA,NA,NA,NA,NA,NA,NA
NA,NA,NA,NA,NA,NA,NA,NA,94,93,93,100,90,90,90,90,94,92,90,87,90,85,89,88,91,83,86,89,89,88,86,91,86,87,79,96,85,91,87,92,87,82,85,87,86,83,81,86,81,83,88,86,82,94,82,79,84,80,80,84,75,84,79,84,79,80,79,73,80,79,85,80,88,83,80,91,80,76,78,68,77,76,76,74,80,70,77,81,77,71,68,79,73,82,76,79,64,72,80,70,70,76,77,82,65,69,68,87,74,77,72,73,81,78,85,66,83,69,77,59,55,71,66,58,63,70,83,68,65,66,66,70,55,58,56,66,68,67,56,56,66,61,61,63,56,55,67,69,39,64,57,65,51,61,66,56,59,61,56,62,56,72,49,54,54,55,53,60,52,50,60,58,57,54,49,62,58,63,46,47,53,54,42,47,45,45,47,52,30,41,42,47,49,35,43,52,38,39,46,48,55,42,42,54,44,40,53,63,54,53,41,49,45,47,39,47,41,47,48,45,48,52,51,55,47,57,54,50,56,55,60,54,41,54,46,43,56,59,56,52,53,53,60,57,56,55,56,56,57,66,58,55,50,49,57,69,55,62,62,61,65,59,60,57,59,49,57,58,59,55,65,60,60,61,63,57,58,63,59,69,58,67,66,60,72,63,65,67,58,63,63,71,66,69,62,65,55,68,64,66,67,75,70,64,73,84,68,67,69,72,63,80,78,68,85,77,78,74,67,72,70,71,67,68,70,75,72,72,68,80,74,78,75,76,81,74,72,68,77,69,74,70,70,71,73,79,80,78,74,73,75,70,77,72,80,78,83,85,79,75,77,78,82,88,74,93,90,88,81,77,87,93,80,88,82,92,94,92,91,92,91,90,96,95,95,82,92,NA,NA,NA,NA,NA,NA,NA,NA,NA,NA,NA,NA,NA
NA,NA,NA,NA,NA,NA,NA,NA,93,93,89,90,89,89,90,94,88,91,88,87,86,90,92,91,91,85,85,88,89,90,92,93,89,89,87,91,83,83,92,88,84,86,80,82,80,78,86,85,89,87,92,85,90,86,85,79,88,77,80,83,86,80,74,73,83,81,91,80,90,86,71,80,86,87,88,76,74,88,73,73,79,78,79,71,73,79,76,77,81,74,76,81,69,77,78,76,71,78,76,79,72,79,76,79,68,85,76,73,79,73,82,66,64,69,84,67,81,59,61,57,57,61,69,67,65,68,63,64,68,65,72,66,73,62,61,64,71,60,65,62,56,58,63,68,53,70,54,60,60,50,72,58,56,50,56,62,54,66,60,50,41,56,60,57,68,57,52,57,53,67,65,55,49,64,44,54,53,58,61,45,49,65,44,52,56,43,51,46,47,38,63,52,42,45,50,39,39,34,36,54,50,44,52,32,50,46,48,59,52,36,50,49,50,48,52,37,62,55,39,51,53,44,47,47,48,61,58,47,48,52,49,52,48,49,44,59,47,54,47,58,64,54,51,49,55,52,53,55,50,62,65,58,68,52,52,61,52,64,59,59,51,55,60,55,50,57,61,58,51,63,62,54,65,70,67,65,65,60,57,64,69,65,57,78,75,78,67,65,68,59,65,61,61,67,64,63,82,66,70,63,77,60,77,67,73,70,73,70,68,67,72,75,72,68,71,71,72,71,70,72,72,70,69,79,75,77,76,72,75,76,81,75,80,78,68,82,74,79,79,69,75,74,79,73,76,73,77,76,77,75,72,80,80,81,82,73,83,82,86,87,86,83,88,73,80,90,90,87,86,85,86,93,88,93,93,82,84,94,90,94,91,96,92,98,97,NA,NA,NA,NA,NA,NA,NA,NA,NA,NA,NA,NA,NA,NA,NA
NA,NA,NA,NA,NA,NA,NA,NA,90,90,92,90,90,88,94,92,97,93,93,87,90,92,91,88,90,88,88,84,93,90,91,86,89,84,87,81,88,83,82,86,88,89,83,84,81,84,86,82,90,77,92,86,77,84,87,81,82,79,85,81,79,86,77,83,85,84,85,87,78,77,82,86,90,89,75,91,77,75,80,80,77,76,68,87,81,83,76,74,85,71,74,82,78,70,78,72,68,64,76,70,74,77,80,74,72,81,65,59,68,62,74,82,67,61,68,68,74,62,78,69,68,68,56,61,80,69,71,65,61,62,63,73,68,62,68,63,56,60,57,58,48,52,62,58,47,55,58,60,56,66,61,66,51,60,44,42,45,43,54,51,55,54,52,62,58,53,62,63,61,45,55,58,53,50,42,56,67,53,51,49,45,53,60,51,52,61,40,48,58,52,45,56,58,39,42,55,37,36,40,47,42,44,37,43,41,44,43,52,42,54,46,49,43,55,35,49,46,42,52,58,36,42,51,52,53,61,57,52,58,49,50,63,48,45,51,54,62,49,52,59,59,50,59,46,57,55,57,57,66,59,56,66,51,64,63,61,52,49,61,52,59,66,64,72,67,61,60,62,54,64,59,67,64,55,57,68,76,63,73,64,73,66,56,51,69,69,68,71,64,70,66,64,69,69,63,72,67,59,64,72,77,72,76,74,72,70,72,65,72,68,71,64,69,73,79,74,67,70,72,80,80,72,79,72,78,67,72,73,72,68,72,73,77,76,69,76,82,73,74,64,84,82,81,71,74,73,75,77,74,74,68,79,73,74,74,70,85,90,80,78,82,74,80,79,75,88,79,88,82,91,93,82,82,92,91,93,92,97,79,93,95,95,94,87,98,NA,NA,NA,NA,NA,NA,NA,NA,NA,NA,NA,NA,NA,NA,NA
NA,NA,NA,NA,NA,NA,NA,101,93,90,96,97,90,92,89,97,98,94,95,89,88,86,86,85,89,89,92,86,86,91,89,93,91,98,88,86,89,82,86,85,83,83,84,81,81,82,78,90,84,86,80,74,89,89,85,85,89,82,91,72,78,87,68,78,76,85,92,75,85,82,76,82,78,81,84,76,77,85,76,79,77,78,75,84,83,67,79,75,77,79,69,79,76,72,75,71,71,66,71,58,73,67,76,73,77,79,77,77,68,65,70,66,80,67,59,70,75,60,73,68,64,67,65,78,63,71,65,64,76,81,63,62,69,67,61,65,64,66,59,64,61,59,55,64,67,59,52,53,68,57,69,63,57,69,66,56,52,65,49,42,53,50,55,56,69,54,56,58,60,59,61,50,47,55,49,51,59,52,61,53,61,54,54,56,53,54,47,45,50,44,54,43,50,42,44,44,46,44,42,57,36,50,43,50,50,57,53,58,46,44,43,51,45,59,51,45,48,45,43,64,40,48,56,45,54,58,60,46,45,47,44,54,59,49,53,44,53,53,56,53,62,64,50,45,63,47,58,61,51,60,53,58,54,65,65,59,63,60,51,51,61,67,63,60,60,66,55,62,74,58,64,58,60,60,62,65,60,62,56,65,73,73,57,53,65,63,61,61,64,65,60,61,67,58,68,62,64,61,69,67,69,67,72,66,65,70,70,67,69,66,71,82,72,80,81,73,67,74,71,73,68,75,70,73,75,87,74,73,76,76,75,75,70,70,76,78,70,72,66,77,66,78,86,69,74,83,75,75,68,79,67,84,68,76,77,82,88,81,85,76,78,85,75,83,73,86,90,83,81,86,93,90,90,90,79,79,101,102,87,90,94,94,95,91,97,96,NA,NA,NA,NA,NA,NA,NA,NA,NA,NA,NA,NA,NA,NA
NA,NA,NA,NA,NA,NA,NA,93,101,NA,98,97,90,91,97,100,96,97,98,99,94,92,89,90,89,86,87,90,92,86,89,93,95,88,87,87,84,84,88,84,90,84,86,82,81,81,89,84,85,86,89,87,80,84,73,78,77,83,80,81,77,79,85,79,82,81,78,79,77,80,85,83,88,83,82,85,85,79,78,76,78,82,85,77,79,71,72,79,76,87,77,72,72,79,64,77,73,77,65,80,83,74,82,71,69,55,85,79,70,66,69,70,75,66,77,70,71,70,61,69,75,70,81,64,57,62,65,72,66,62,62,65,70,63,74,52,62,63,64,58,60,58,63,72,58,68,62,63,60,53,53,53,59,62,44,59,61,56,58,59,44,67,48,52,43,62,51,44,55,57,53,51,49,45,53,44,48,49,45,43,47,60,51,57,45,48,32,47,64,55,57,49,50,47,41,56,52,39,38,42,44,49,51,47,42,55,49,50,58,49,34,56,43,43,43,45,53,58,59,51,49,51,57,52,50,50,48,48,52,52,43,54,58,63,46,51,52,39,65,54,58,56,49,56,63,47,45,52,62,69,59,59,56,51,59,54,54,56,65,66,59,70,56,61,64,75,62,59,55,59,53,63,64,56,62,56,60,63,61,69,66,62,61,59,64,57,62,68,61,66,62,60,65,63,64,64,62,62,63,63,71,71,73,70,73,66,68,66,64,74,71,68,82,63,66,70,60,64,64,71,73,70,79,78,74,78,80,78,71,82,75,72,76,78,71,68,71,68,62,75,80,83,69,72,69,77,72,72,77,78,73,71,77,74,85,81,73,80,85,74,68,97,89,77,80,86,82,82,84,82,91,91,92,91,95,94,99,102,87,82,94,98,97,96,97,NA,NA,NA,NA,NA,NA,NA,NA,NA,NA,NA,NA,NA,NA,NA
NA,NA,NA,NA,NA,NA,NA,98,92,100,99,101,92,92,91,101,96,99,99,98,99,100,89,90,95,91,91,96,90,93,86,96,83,88,91,83,87,86,85,84,84,85,84,91,82,87,89,81,85,78,85,89,86,80,81,74,90,80,89,83,85,84,77,81,79,79,75,80,85,88,80,84,83,86,77,88,83,82,87,75,85,84,91,84,81,82,80,69,80,88,83,70,70,77,74,72,80,78,71,78,78,75,63,74,75,74,78,67,69,69,77,57,73,61,75,76,65,69,73,72,72,64,60,70,60,66,71,57,65,69,63,60,66,53,62,54,58,64,56,70,51,61,59,66,67,66,53,60,59,62,58,47,49,54,46,45,53,39,64,55,59,53,55,53,61,79,59,57,60,57,60,56,46,53,49,53,66,52,56,41,53,49,46,51,58,45,63,47,61,41,44,49,45,60,44,46,44,49,39,35,61,47,35,54,47,57,45,49,52,40,41,62,48,42,54,40,52,36,58,56,51,51,40,51,51,45,55,57,42,55,55,53,53,59,52,56,52,61,60,54,61,51,60,51,57,63,54,62,50,50,70,54,54,60,56,61,58,58,56,61,52,56,60,67,76,62,59,67,61,52,55,63,56,55,56,62,64,64,64,64,64,62,66,67,64,59,72,56,63,65,66,73,69,63,64,58,70,70,76,64,64,72,69,70,70,69,72,65,64,70,68,66,64,68,69,68,71,76,70,69,71,78,74,67,67,68,66,69,77,67,69,73,67,78,74,63,65,66,75,70,84,70,75,71,73,71,68,73,83,74,72,73,79,79,78,78,76,92,91,82,77,77,89,90,90,81,75,87,81,88,94,92,100,96,93,95,93,97,99,97,98,96,98,95,98,97,NA,NA,NA,NA,NA,NA,NA,NA,NA,NA,NA,NA,NA,NA
NA,NA,NA,NA,NA,NA,NA,NA,86,86,91,100,95,101,101,94,95,88,100,96,99,98,86,88,94,91,90,88,91,91,88,97,88,91,84,86,90,83,88,84,93,84,94,82,88,75,85,82,85,85,88,88,79,81,77,88,85,88,83,83,83,88,87,91,78,88,81,85,92,88,86,82,91,90,87,82,83,80,82,75,84,75,81,74,74,74,88,77,82,80,76,80,79,80,85,79,78,75,73,70,71,76,75,80,77,65,72,67,76,81,69,68,78,71,73,67,63,69,66,78,73,75,63,71,64,63,57,72,64,70,50,59,59,59,60,67,61,60,61,58,56,70,65,65,56,68,55,75,45,64,53,65,55,41,54,62,44,45,57,60,45,58,54,64,56,52,54,62,54,63,53,49,42,42,53,52,45,55,61,50,49,43,57,44,49,53,61,33,36,46,49,50,46,47,44,56,45,53,48,50,45,47,45,43,47,45,55,44,47,41,55,45,41,60,37,47,57,54,50,53,56,31,51,46,46,53,45,53,50,51,56,51,50,46,59,45,53,45,51,59,53,49,51,52,60,62,56,62,48,68,48,63,69,57,61,62,53,63,57,55,58,56,48,67,54,51,62,65,64,62,57,65,58,51,59,59,49,67,68,56,64,63,50,62,71,59,68,64,60,60,64,63,65,72,60,70,64,68,72,63,61,62,67,70,68,64,76,73,71,71,65,70,71,73,74,69,62,74,62,70,83,69,74,84,76,74,78,74,64,63,68,71,80,65,68,69,77,75,79,83,68,80,64,79,72,72,78,65,79,81,81,78,77,86,77,84,82,84,86,74,76,91,92,94,80,91,76,91,86,90,92,97,94,92,92,93,96,88,98,96,98,94,96,97,97,89,98,99,NA,NA,NA,NA,NA,NA,NA,NA,NA,NA,NA,NA
NA,NA,NA,NA,NA,NA,NA,NA,84,91,96,97,94,91,91,101,86,99,97,100,97,100,98,97,91,92,90,92,92,89,89,87,97,84,89,88,85,93,91,80,86,90,90,87,82,79,84,84,84,85,87,82,81,80,89,82,81,83,89,87,85,89,80,76,91,86,86,81,84,87,82,93,80,86,91,81,85,78,75,82,74,82,73,74,77,71,76,69,83,66,81,84,81,77,73,76,75,72,73,74,70,70,67,74,71,84,70,72,67,69,79,76,76,64,66,68,76,66,71,67,81,60,68,82,58,68,60,75,62,61,63,60,67,76,61,67,70,66,57,57,59,60,67,67,62,65,73,61,63,62,71,56,73,60,56,57,63,53,75,60,64,60,45,62,56,64,52,59,55,61,55,58,51,52,55,69,57,54,59,53,48,56,53,54,55,48,47,53,42,47,41,42,43,54,40,47,49,54,44,35,45,41,44,46,57,42,47,47,48,50,46,48,43,50,41,45,47,45,40,54,46,56,52,54,59,55,38,62,55,50,40,55,54,55,58,56,51,64,55,51,61,56,53,53,42,60,46,52,52,55,54,62,58,55,63,51,63,64,62,68,56,54,55,60,55,59,60,53,62,58,56,62,62,68,75,59,61,63,69,63,61,57,63,67,56,67,71,65,50,63,58,59,63,63,64,69,68,65,65,67,75,69,68,70,76,66,63,63,73,75,85,83,64,69,68,58,68,70,72,73,75,82,77,73,73,78,71,63,66,68,79,76,77,81,75,69,67,69,69,67,82,84,68,74,68,83,86,89,74,73,86,87,80,91,88,91,90,87,75,76,87,78,85,88,88,85,89,88,88,91,91,92,93,92,92,91,90,90,89,98,88,90,93,94,99,97,96,NA,NA,NA,NA,NA,NA,NA,NA,NA,NA,NA,NA,NA
NA,NA,NA,NA,NA,NA,NA,91,85,96,93,97,95,88,93,100,91,86,92,91,86,91,102,98,99,96,100,101,92,92,93,90,86,86,89,95,93,88,87,94,82,89,86,85,85,83,81,89,85,90,88,89,85,85,78,84,87,81,87,85,89,83,89,84,84,83,80,86,85,92,85,92,83,81,81,82,78,78,71,83,78,83,68,81,69,69,74,73,75,75,70,68,66,75,80,71,78,78,74,61,75,72,68,61,76,70,74,65,73,73,64,74,80,77,76,69,69,71,77,73,62,69,62,62,65,60,68,70,57,66,65,68,61,66,60,73,63,60,68,58,60,63,66,68,72,53,69,66,63,73,64,53,52,67,62,59,48,61,65,64,47,62,54,59,65,45,51,44,51,57,58,65,53,42,44,47,54,45,45,45,37,56,58,48,42,42,58,55,50,52,53,44,52,39,55,51,45,47,44,57,56,44,46,44,49,43,45,50,40,44,42,49,38,51,47,45,56,51,44,42,43,52,53,50,42,56,46,40,51,49,47,57,62,62,50,56,49,56,47,62,50,49,51,58,62,67,64,50,52,57,57,59,53,53,68,62,74,54,62,59,56,65,75,54,56,57,59,62,68,54,55,51,64,65,55,60,66,73,67,63,64,65,60,63,63,70,58,64,64,64,68,68,68,62,63,69,74,63,64,71,70,71,74,69,65,72,69,68,73,54,69,77,82,64,71,72,75,84,73,76,76,76,72,66,68,63,82,76,74,82,79,73,75,77,81,68,75,87,80,80,79,87,82,75,75,89,93,76,69,87,81,79,90,91,84,88,84,90,89,93,75,89,90,88,85,92,87,91,92,94,88,92,94,95,95,91,90,92,89,90,96,95,92,87,95,98,93,NA,NA,NA,NA,NA,NA,NA,NA,NA,NA,NA,NA,NA
NA,NA,NA,NA,NA,NA,NA,97,97,95,95,95,92,94,87,87,87,86,86,86,91,93,93,91,93,90,83,92,99,82,95,92,91,98,94,87,89,92,91,87,88,83,87,92,88,87,85,83,77,82,77,86,87,84,80,81,86,82,77,84,82,83,83,81,83,87,83,90,74,87,85,87,83,82,80,89,89,83,81,79,77,77,73,81,76,81,72,73,73,65,75,70,59,75,71,81,79,78,70,74,70,70,69,76,67,69,78,74,71,71,68,72,80,76,67,74,71,66,62,70,61,58,59,66,74,80,63,64,60,67,64,62,56,70,61,62,67,56,66,56,70,61,55,61,63,68,67,60,60,61,61,65,71,53,62,52,54,58,56,58,52,55,47,60,51,53,55,53,45,61,56,61,43,37,51,52,52,52,46,49,55,51,51,55,52,54,48,51,60,43,58,40,44,46,45,48,45,50,45,35,40,55,46,49,47,49,51,42,48,46,44,46,46,39,46,49,46,41,45,51,47,50,52,52,51,49,49,45,48,52,43,55,47,52,59,51,56,46,51,46,59,52,45,46,46,66,47,55,67,60,64,63,58,53,52,54,47,55,52,58,67,64,48,54,59,57,69,57,69,62,63,63,57,58,75,69,69,60,66,72,66,68,73,68,66,68,62,68,65,66,68,73,77,66,66,68,70,66,68,70,75,72,64,68,69,74,71,66,70,72,64,62,60,80,63,69,73,79,58,79,80,60,73,81,75,84,81,79,62,82,77,81,76,77,76,85,78,79,83,85,84,82,76,70,74,88,80,89,88,82,82,71,90,85,84,72,86,90,86,90,90,94,86,90,79,87,90,87,90,87,92,93,96,92,91,93,92,94,94,92,94,92,97,92,97,93,NA,NA,NA,NA,NA,NA,NA,NA,NA,NA,NA,NA,NA,NA
NA,NA,NA,NA,NA,NA,96,NA,90,96,96,93,92,89,92,90,86,91,95,95,91,94,96,96,93,94,94,97,99,94,98,93,93,86,88,85,91,89,93,85,89,85,84,93,90,87,78,81,84,87,93,83,81,88,86,89,81,82,84,82,82,80,82,89,89,84,91,80,85,85,86,85,81,83,82,68,65,85,70,79,74,82,81,64,67,76,72,77,74,70,60,72,76,64,76,81,66,67,66,71,72,70,64,70,56,63,70,70,68,63,66,79,58,60,64,60,63,56,61,57,62,59,59,64,62,57,60,71,55,65,68,70,70,70,73,58,57,66,71,64,69,61,50,57,72,65,69,64,59,73,60,62,64,54,62,54,56,55,66,65,55,48,47,60,59,56,57,57,54,47,46,38,57,54,48,54,51,57,50,52,52,49,54,45,61,55,49,45,38,42,44,50,47,56,42,55,44,43,57,44,39,34,51,52,46,44,41,50,50,57,43,50,47,52,54,39,51,50,57,47,48,56,41,44,60,51,52,45,49,43,48,58,50,53,55,57,56,53,63,55,54,51,60,53,56,57,48,48,58,58,57,66,51,67,67,45,59,74,63,62,51,57,61,54,63,66,59,55,57,55,53,65,66,59,56,63,62,63,58,72,64,62,59,70,59,67,61,62,73,71,76,67,65,63,61,65,57,65,65,62,63,65,72,70,71,63,73,67,64,68,63,81,86,59,60,79,78,71,76,72,62,85,72,78,77,74,86,63,62,73,76,81,76,77,81,81,85,75,83,80,83,85,84,84,85,80,77,81,77,90,91,90,90,88,80,82,81,80,87,90,85,90,85,86,93,87,85,92,89,90,98,98,85,88,89,91,90,92,90,89,94,92,92,90,89,93,97,NA,NA,NA,NA,NA,NA,NA,NA,NA,NA,NA,NA,NA
NA,NA,NA,NA,NA,NA,NA,94,99,95,91,93,93,86,90,96,96,88,86,92,90,88,97,90,87,94,85,96,96,99,88,89,92,81,89,86,84,91,94,84,93,87,90,87,100,94,92,92,96,81,92,95,78,90,82,86,89,76,86,87,80,81,91,78,82,86,93,83,90,67,89,64,87,65,83,84,78,85,64,78,76,77,70,80,79,89,74,62,82,66,72,59,76,85,59,71,70,63,64,66,69,71,62,64,66,64,69,70,56,60,62,78,74,72,75,62,71,61,70,60,74,64,52,70,68,70,79,76,60,68,63,69,57,62,55,67,59,61,68,71,67,64,61,67,58,68,65,61,57,63,61,56,67,53,62,58,59,55,60,55,50,62,51,45,52,34,46,60,52,51,62,48,41,40,42,51,68,47,45,55,46,44,41,41,34,55,52,55,58,45,45,48,50,40,42,40,50,54,41,36,33,40,38,40,44,55,47,41,49,47,49,55,41,45,51,50,47,56,45,38,54,42,51,46,54,43,44,46,51,42,45,45,55,48,52,52,50,51,53,40,51,48,63,62,55,59,56,57,55,66,58,53,52,70,49,55,60,47,51,52,62,58,54,56,55,56,60,60,60,62,64,70,61,59,70,62,64,65,77,59,66,62,73,66,61,70,70,66,64,60,67,58,67,66,61,68,74,68,71,64,69,70,73,72,64,79,73,74,82,68,66,72,53,68,66,75,79,69,77,71,72,84,79,71,82,79,85,74,65,65,72,78,80,80,83,80,78,78,91,81,81,77,78,85,81,85,76,81,88,84,74,87,81,78,86,84,85,89,84,88,87,87,89,88,90,89,88,90,85,91,90,94,89,91,88,91,92,93,89,93,93,96,96,97,95,94,NA,NA,NA,NA,NA,NA,NA,NA,NA,NA,NA,NA,NA,NA
NA,NA,NA,NA,NA,NA,99,97,86,93,92,91,95,92,87,93,93,91,90,94,93,90,92,95,95,84,94,87,95,91,93,97,92,85,92,86,92,89,89,91,89,90,90,84,91,84,92,89,84,96,86,86,90,88,89,88,95,82,86,85,86,86,82,85,83,84,89,80,79,87,67,84,71,87,80,89,84,81,81,75,78,70,68,67,79,75,66,66,66,79,61,74,70,77,78,61,74,75,68,69,64,68,56,68,76,73,63,72,63,76,73,70,66,69,78,79,65,67,77,69,70,60,63,69,69,63,59,66,64,66,65,67,64,63,61,57,54,66,57,57,61,62,56,50,56,59,52,68,57,51,56,56,56,63,59,54,56,44,59,46,59,65,53,60,47,61,58,61,50,54,55,47,59,52,56,60,46,40,49,51,51,49,50,50,54,47,46,50,41,43,56,44,48,43,53,52,42,44,45,45,45,46,59,52,42,30,50,46,52,48,57,44,43,49,44,43,53,48,44,46,42,44,45,54,53,54,48,62,56,59,39,42,56,59,52,60,52,52,52,50,53,56,49,53,64,59,61,51,48,52,64,56,63,64,53,49,51,64,61,70,54,53,58,69,51,58,71,72,63,53,59,70,59,51,52,61,67,55,56,74,59,71,71,64,70,71,73,61,58,59,65,57,64,67,72,64,71,69,76,68,73,70,74,67,65,77,74,73,70,65,60,62,69,74,64,61,68,75,78,67,76,74,77,87,77,83,80,85,57,78,78,83,78,83,77,78,83,80,86,76,79,73,84,78,78,79,80,91,88,86,88,76,82,84,86,80,82,85,83,89,89,89,88,89,89,91,88,88,88,91,86,91,88,89,88,86,87,88,91,91,94,95,96,95,96,95,83,NA,NA,NA,NA,NA,NA,NA,NA,NA,NA,NA,NA,NA
NA,NA,NA,NA,NA,NA,NA,87,97,96,87,87,99,99,100,94,98,97,97,93,91,93,98,94,94,95,83,86,89,91,97,92,83,85,87,90,94,90,90,93,89,84,83,89,84,88,86,90,90,84,77,77,92,82,82,90,92,92,83,88,86,84,83,83,91,90,85,85,82,88,88,87,88,87,80,85,84,77,76,81,75,74,73,78,75,72,78,82,75,62,78,72,62,79,81,62,84,92,82,84,60,61,68,62,64,84,59,69,74,80,77,72,73,81,77,76,68,81,62,69,62,63,68,69,63,61,58,58,72,58,69,55,66,61,70,67,59,62,75,67,54,62,66,58,60,63,56,60,53,65,61,58,67,62,53,58,52,66,56,57,65,57,51,47,54,53,50,39,46,53,53,49,52,52,48,47,61,54,53,60,50,43,59,57,54,52,55,56,46,31,51,47,41,52,41,54,39,48,50,50,49,52,51,42,52,47,51,50,40,33,41,51,53,42,39,60,45,55,40,51,47,40,48,44,45,48,53,48,48,50,53,52,40,45,62,56,55,49,50,53,58,60,54,56,72,65,55,48,55,51,53,59,58,43,57,50,59,49,59,52,57,52,53,60,61,53,59,70,60,69,64,66,71,65,67,51,60,64,64,62,64,60,63,66,69,70,64,60,65,67,60,64,70,63,60,68,70,69,72,70,78,70,69,76,65,81,74,60,74,73,55,64,70,60,55,70,76,72,78,77,61,80,77,81,72,73,77,82,83,81,89,84,79,84,85,88,75,69,77,85,79,85,88,92,82,84,78,81,82,86,76,85,87,86,92,91,86,88,85,87,93,90,87,91,90,92,91,84,86,88,94,90,90,85,90,92,90,92,91,94,96,97,95,95,94,97,96,NA,NA,NA,NA,NA,NA,NA,NA,NA,NA,NA,NA,NA
NA,NA,NA,NA,NA,NA,95,94,95,87,87,93,87,87,97,99,98,97,95,82,95,83,95,83,94,91,94,95,95,94,91,86,88,88,91,90,89,93,85,89,93,87,84,88,87,83,88,86,85,87,86,81,89,90,94,82,91,91,86,84,88,85,75,79,84,78,83,73,76,94,84,87,77,79,73,79,73,77,83,82,78,82,78,76,73,77,77,81,67,69,65,68,75,74,67,82,86,79,85,78,84,78,72,64,69,73,78,64,77,72,66,68,72,67,70,68,64,62,67,69,63,64,60,67,55,59,65,73,68,66,60,64,72,59,62,63,54,68,59,72,56,53,61,64,68,62,59,53,53,53,66,57,69,49,52,55,46,48,58,47,47,50,56,53,50,55,55,59,61,60,52,62,57,45,51,50,51,50,52,63,48,58,54,53,44,54,32,46,49,51,44,47,38,43,52,53,40,54,52,54,53,58,34,37,53,49,53,50,41,44,46,46,39,40,38,49,51,54,44,67,49,40,50,46,46,52,40,41,55,61,54,56,49,38,58,49,60,51,57,42,44,53,59,54,56,56,61,52,57,53,61,61,62,56,54,58,59,55,59,55,62,57,68,58,56,56,64,61,58,58,58,51,61,62,65,66,57,67,56,58,61,64,61,57,60,55,64,52,63,58,63,72,77,58,61,64,64,73,74,76,69,76,69,66,72,73,61,66,74,71,71,73,65,75,63,67,76,72,83,74,68,60,80,78,80,76,81,72,76,80,80,80,79,81,78,79,77,80,81,84,80,78,78,79,82,84,79,82,78,80,79,87,87,81,85,86,89,77,91,88,89,95,92,87,87,91,92,93,90,82,92,89,90,92,90,88,94,93,94,93,93,95,83,94,94,89,90,NA,NA,NA,NA,NA,NA,NA,NA,NA,NA,NA,NA,NA
NA,NA,NA,NA,NA,97,96,97,97,99,100,93,99,95,96,86,95,97,93,94,97,100,92,91,94,92,95,94,96,93,93,89,85,91,94,86,92,93,85,90,86,90,87,90,87,93,96,81,81,87,88,85,87,89,86,98,87,91,84,89,88,76,78,84,83,90,83,92,84,69,85,97,71,84,65,83,78,88,79,81,79,90,93,84,78,75,78,64,77,85,79,75,81,68,79,71,69,74,85,76,73,62,64,72,73,66,54,79,67,65,70,70,60,65,69,75,68,67,62,67,78,64,56,69,73,54,65,60,62,76,61,67,63,59,63,61,59,59,60,53,69,62,68,55,64,65,65,68,66,54,60,56,55,58,53,54,51,62,60,55,48,61,55,59,47,52,57,57,56,53,49,43,56,54,68,53,50,49,50,54,45,53,41,45,51,44,53,47,53,39,42,42,55,53,48,55,48,58,51,44,37,61,48,49,49,52,48,53,37,44,50,60,55,48,52,36,52,44,42,42,39,45,45,52,55,53,48,51,45,52,47,47,51,48,53,47,52,61,44,52,51,59,54,40,47,59,60,57,41,72,55,51,57,54,62,54,54,60,64,59,70,55,59,63,58,58,69,60,66,58,56,69,54,64,54,61,60,63,55,64,61,51,51,54,70,59,67,62,68,70,60,66,70,67,62,61,57,62,68,66,63,77,68,81,57,62,67,62,71,76,78,72,78,73,75,73,75,73,63,69,74,81,80,76,60,79,79,75,80,80,85,83,78,85,79,78,76,75,71,83,83,80,81,82,90,82,81,96,91,89,87,86,87,89,85,84,82,83,84,90,88,91,89,85,93,90,90,93,91,89,90,90,89,90,89,88,92,91,94,89,89,84,94,98,94,82,82,NA,NA,NA,NA,NA,NA,NA,NA,NA,NA,NA,NA,NA
NA,NA,NA,NA,NA,NA,99,NA,98,99,94,95,91,99,93,95,98,95,99,97,92,91,97,91,93,91,94,98,91,94,89,94,93,93,88,90,89,93,96,92,87,94,90,87,92,92,92,86,94,91,89,86,93,82,97,88,96,86,92,86,84,87,85,84,82,82,93,93,72,72,84,76,81,79,84,77,79,71,88,84,86,81,65,80,86,65,73,87,82,70,70,68,78,80,76,66,78,66,65,76,76,67,69,61,75,71,72,70,73,80,68,66,73,64,69,63,68,70,71,67,69,75,68,72,70,68,65,59,62,63,64,63,53,65,58,58,69,59,63,59,69,54,50,65,58,62,60,58,65,59,61,58,61,60,66,69,65,62,63,56,44,58,45,65,66,46,53,56,45,47,53,54,52,56,48,43,48,51,53,49,52,61,44,41,51,45,50,49,40,39,57,42,54,51,47,56,44,51,46,44,45,55,49,56,46,40,47,51,34,44,42,38,59,49,40,48,40,38,43,56,30,37,49,42,46,52,49,48,40,48,53,61,48,55,48,59,52,59,50,54,49,56,46,53,48,56,50,52,51,56,72,40,59,56,56,62,61,48,57,61,63,58,63,67,57,61,61,60,61,64,58,64,62,55,60,64,68,65,56,71,60,61,55,75,61,63,64,61,61,62,60,75,61,59,59,63,66,58,67,59,64,66,68,73,67,63,63,64,68,73,72,71,58,62,79,73,74,75,73,73,79,76,73,86,80,56,73,78,76,77,73,74,78,74,80,72,76,84,74,79,78,86,84,77,79,81,86,81,89,83,89,89,87,89,91,86,84,87,85,84,91,84,86,85,88,87,88,96,89,90,89,87,90,81,89,80,84,90,91,94,94,91,94,83,95,95,98,NA,NA,NA,NA,NA,NA,NA,NA,NA,NA,NA,NA,NA
NA,NA,NA,NA,NA,NA,NA,100,100,91,92,93,95,95,93,99,90,99,86,81,82,93,98,97,93,92,94,96,94,94,93,91,88,87,90,87,90,94,97,90,93,87,82,95,94,91,92,91,84,93,88,93,93,90,92,89,91,83,88,83,88,87,87,85,91,79,88,89,78,85,81,94,78,81,74,84,90,82,88,86,78,78,78,63,85,82,84,66,72,90,64,76,75,82,74,70,80,64,77,78,60,72,76,74,75,67,72,73,58,67,68,67,59,69,69,68,71,68,71,74,71,65,64,67,70,66,66,60,58,71,57,61,57,51,64,65,59,58,66,69,60,75,64,68,68,58,63,57,56,44,54,68,62,63,51,54,63,69,57,46,52,42,54,58,54,58,55,61,53,56,58,52,55,50,42,50,47,60,47,45,40,57,50,53,50,60,40,50,49,51,50,43,52,51,50,43,44,48,48,57,47,37,46,50,41,35,46,48,42,29,48,57,48,44,50,46,44,46,56,47,42,38,53,50,53,63,56,51,44,47,45,55,60,52,42,55,51,57,58,47,56,55,45,57,59,41,50,55,59,57,55,53,56,48,60,55,54,50,58,61,60,58,57,78,63,53,61,65,60,64,66,53,56,65,63,66,64,57,70,58,63,58,59,56,60,61,68,67,65,60,60,65,63,70,61,66,61,63,62,62,66,57,67,66,68,62,73,67,71,62,67,69,56,70,72,68,74,80,80,76,74,71,75,83,77,75,78,74,87,86,83,82,78,81,82,81,80,83,79,80,79,81,76,81,77,85,81,86,86,80,81,85,87,86,86,91,89,87,86,84,86,86,90,89,89,87,89,89,87,90,86,90,88,91,91,89,94,90,94,82,90,83,85,90,95,91,90,92,NA,NA,NA,NA,NA,NA,NA,NA,NA,NA,NA,NA
NA,NA,NA,NA,NA,NA,NA,NA,100,96,99,100,96,95,96,95,99,81,98,86,93,96,97,90,83,92,91,95,92,91,94,91,88,85,86,85,94,95,92,90,91,93,89,88,90,95,93,87,94,89,86,95,92,86,87,85,85,80,85,84,86,85,86,76,82,82,81,84,85,93,74,71,80,75,77,85,77,91,81,86,87,82,74,80,90,84,83,64,91,68,79,76,73,65,76,75,72,72,67,66,65,77,80,74,78,60,65,68,64,66,70,68,74,71,68,70,72,81,83,70,70,77,71,67,59,56,71,64,72,61,60,70,68,52,52,59,54,65,59,66,74,71,52,64,55,56,51,60,68,54,58,41,57,59,44,44,56,57,66,47,51,53,54,42,43,52,51,48,50,47,52,41,47,47,58,48,50,43,48,57,46,46,61,54,49,66,51,53,46,61,52,40,53,48,44,40,47,47,57,46,48,50,53,43,47,42,57,39,52,43,52,43,41,39,47,48,41,38,39,38,40,55,64,49,46,54,49,53,42,39,47,53,47,55,48,45,56,50,53,62,48,44,54,61,53,56,58,57,63,58,56,45,46,56,59,54,61,53,59,54,55,58,56,58,62,58,62,67,51,60,55,76,66,68,56,61,58,59,64,58,58,77,69,56,72,54,64,60,71,70,67,64,57,65,58,57,74,66,61,68,69,62,69,65,69,62,70,62,63,65,77,76,74,61,58,74,70,71,81,77,71,77,72,84,82,68,74,83,75,79,69,72,77,72,81,81,83,78,79,76,72,82,88,92,77,75,78,83,76,83,83,90,81,87,84,93,80,83,86,85,80,83,83,85,88,90,88,96,90,91,91,81,91,90,82,89,96,97,90,99,93,82,92,83,99,92,94,94,NA,NA,NA,NA,NA,NA,NA,NA,NA,NA,NA,NA
NA,NA,NA,NA,NA,NA,NA,NA,97,91,96,94,97,97,95,94,89,97,96,92,84,93,93,94,97,94,89,93,93,88,95,98,94,94,87,93,94,93,90,93,93,79,88,91,94,93,85,86,86,88,91,83,89,90,91,74,87,87,89,90,72,88,97,76,95,86,87,94,80,88,81,78,89,82,89,74,90,76,86,83,76,82,73,82,82,88,88,82,92,84,77,74,75,78,74,70,70,75,76,67,68,72,74,77,75,64,81,70,62,72,71,60,70,69,65,72,75,70,71,59,74,70,65,60,60,55,71,73,63,75,62,71,70,68,64,59,66,61,60,62,63,54,54,58,66,73,63,61,54,73,47,62,58,49,47,45,68,72,42,41,62,55,50,61,55,59,56,56,39,47,53,52,45,51,58,47,57,54,53,49,55,59,51,57,46,57,51,42,50,57,46,46,51,52,48,53,45,45,47,50,47,57,42,50,50,45,51,46,51,45,53,41,39,48,30,57,45,56,59,46,44,46,50,50,48,50,55,52,52,42,52,43,51,54,56,60,57,55,66,54,53,55,56,47,72,48,40,67,68,59,54,56,53,54,45,54,61,53,52,61,69,53,52,51,70,58,54,58,60,47,48,55,55,62,72,68,67,57,63,58,67,70,63,64,62,56,69,60,56,74,62,66,57,64,60,54,63,60,54,65,58,69,70,56,63,63,67,64,67,71,80,72,73,62,70,70,74,64,70,74,76,73,81,82,76,66,76,79,83,79,78,70,85,81,85,79,87,81,77,83,78,74,77,81,77,82,77,82,77,89,82,86,86,86,90,83,87,82,83,85,92,85,88,87,89,80,89,92,93,88,91,85,86,92,89,90,82,95,93,93,96,94,92,95,93,NA,103,92,NA,NA,NA,NA,NA,NA,NA,NA,NA,NA,NA,NA
NA,NA,NA,NA,NA,NA,NA,NA,97,100,98,97,96,98,94,93,92,99,92,103,95,93,93,93,92,90,89,93,95,90,98,89,91,90,94,91,93,94,89,95,87,92,95,88,88,89,86,97,90,87,90,92,84,93,90,85,86,91,94,82,92,74,75,91,67,89,90,89,84,80,86,77,79,83,81,85,81,83,70,79,81,79,76,91,90,81,66,79,78,74,78,83,70,81,80,75,76,72,73,77,71,69,78,69,72,75,74,75,76,64,70,79,70,73,70,70,72,69,70,71,66,67,55,63,69,68,62,66,59,70,61,64,67,56,56,70,73,51,61,68,64,59,58,59,61,63,67,57,57,59,66,59,57,56,50,58,66,66,62,63,55,55,50,42,45,72,61,64,54,50,56,50,59,37,44,52,46,62,47,46,49,55,47,45,54,54,50,46,63,46,44,39,55,51,45,49,50,43,54,50,58,40,48,49,53,51,33,38,51,70,41,34,58,53,39,44,50,41,37,49,51,52,50,44,61,45,46,51,60,53,56,51,50,49,49,46,50,47,50,53,54,43,43,52,52,60,47,72,67,53,68,40,45,55,65,51,57,51,63,56,53,51,57,55,65,67,54,63,59,63,67,48,69,66,52,65,64,56,56,55,67,60,63,63,53,60,56,53,60,57,65,70,59,54,63,60,63,58,71,71,62,66,68,74,76,78,53,67,68,62,71,71,74,69,73,79,71,76,73,68,65,79,76,79,71,73,76,77,74,72,81,77,80,74,80,82,85,74,75,77,78,78,82,84,78,83,81,77,76,78,78,86,87,90,86,87,87,89,80,82,82,87,81,88,86,86,91,93,91,90,92,90,84,97,88,97,97,99,93,93,80,99,84,93,82,84,84,97,NA,NA,NA,NA,NA,NA,NA,NA,NA,NA,NA,NA
NA,NA,NA,NA,NA,NA,NA,NA,NA,NA,99,97,96,93,102,99,89,97,92,95,95,88,90,90,92,90,94,90,91,96,94,90,92,95,96,95,89,93,91,96,91,90,88,87,88,93,89,84,89,89,91,80,92,85,91,80,89,87,86,83,88,72,72,82,73,89,75,83,73,80,87,71,78,78,88,78,82,83,78,80,84,73,82,82,83,80,79,74,74,72,74,72,64,70,83,81,73,76,78,72,67,68,80,73,74,71,65,72,82,75,68,72,73,60,71,72,81,77,66,83,69,76,65,71,69,59,63,70,75,73,66,74,70,65,73,69,70,71,71,74,63,66,70,69,58,50,66,60,59,59,50,63,55,59,54,38,49,59,60,60,54,49,55,50,41,50,61,56,51,55,55,44,59,54,65,56,54,50,41,42,53,47,46,48,37,55,53,53,47,47,63,57,57,48,48,50,47,45,61,34,42,43,42,53,49,42,49,55,49,54,48,46,37,39,42,42,63,54,57,46,39,45,38,45,48,52,49,59,51,47,58,53,54,53,53,45,49,48,49,66,49,49,55,49,57,65,50,64,59,58,55,57,58,67,63,58,58,55,58,53,61,63,58,57,62,56,66,63,67,60,54,64,61,63,60,59,65,66,62,60,66,55,65,61,61,61,59,60,56,58,56,60,67,74,66,60,60,63,69,65,59,59,75,75,71,84,65,70,60,72,72,72,62,59,82,69,72,78,78,75,70,73,73,66,75,75,72,79,74,79,80,79,75,78,84,79,79,76,77,83,87,74,90,89,86,78,84,78,84,84,86,88,86,87,75,78,89,88,92,81,81,81,88,89,91,90,91,90,92,89,92,92,98,85,96,97,84,84,95,98,85,95,96,84,96,85,97,95,102,NA,NA,NA,NA,NA,NA,NA,NA,NA,NA,NA
NA,NA,NA,NA,NA,NA,NA,NA,NA,97,96,96,96,97,96,101,90,99,95,94,89,99,98,90,92,90,85,89,93,92,91,91,88,95,91,95,85,88,97,84,92,86,86,84,87,88,92,92,79,84,82,89,77,88,84,92,84,93,82,91,75,81,85,84,78,76,78,74,82,81,82,82,69,81,66,70,79,72,77,88,76,80,86,67,80,78,73,80,67,69,72,68,75,72,72,68,84,80,72,76,79,84,56,71,72,67,64,88,67,67,68,69,74,72,63,74,74,71,71,71,74,67,74,69,76,70,71,73,62,77,66,69,63,72,64,65,58,72,61,68,65,61,64,60,62,58,63,65,57,58,56,64,59,56,48,55,68,52,59,54,54,46,40,48,54,61,52,66,56,58,60,56,61,53,66,50,67,59,56,60,42,46,57,43,73,47,49,53,51,43,54,54,45,40,41,58,41,45,59,51,41,44,48,54,42,48,43,38,45,52,40,38,45,42,36,37,59,48,48,48,55,40,57,49,53,47,48,41,43,48,55,46,56,51,48,47,63,46,46,54,47,47,61,61,52,60,46,46,59,54,49,59,57,47,54,63,60,52,63,49,67,54,55,70,69,63,59,59,65,64,61,58,68,80,63,65,72,60,65,66,71,67,62,63,63,71,64,68,65,59,58,58,63,62,58,74,64,69,79,70,64,70,74,59,74,68,69,66,76,74,74,74,73,74,75,61,60,72,72,76,77,70,80,71,81,76,76,74,76,85,82,75,84,79,76,77,83,84,80,87,77,83,84,84,78,92,82,80,81,82,76,88,86,90,80,86,89,90,93,91,86,93,86,88,84,91,85,91,91,89,95,96,94,94,84,95,99,93,97,96,94,83,84,96,94,84,96,103,98,NA,NA,NA,NA,NA,NA,NA,NA,NA,NA,NA
NA,NA,NA,NA,NA,NA,NA,NA,98,NA,98,97,97,99,102,97,103,92,90,97,98,89,83,83,84,90,96,99,99,86,97,96,89,85,89,86,86,86,96,93,85,86,87,91,95,94,93,89,90,83,83,86,80,78,74,85,93,82,76,79,82,72,76,90,91,85,68,84,85,88,74,73,69,82,76,80,80,75,79,73,77,91,78,67,80,73,68,67,69,68,71,71,72,63,78,71,69,69,76,81,78,71,78,72,73,80,65,64,67,67,78,76,73,70,76,72,79,72,69,67,85,65,71,62,69,70,66,68,64,73,62,60,67,56,61,62,83,60,71,55,69,68,70,57,68,73,60,63,66,61,69,70,69,64,56,64,56,59,66,59,35,65,56,62,56,52,56,56,66,55,51,52,67,55,52,54,55,57,52,54,55,46,53,45,54,51,42,49,54,52,55,59,44,40,50,49,46,52,49,44,44,54,47,49,53,44,49,44,51,47,37,46,58,37,58,46,42,58,41,49,55,41,45,47,39,54,56,63,43,61,55,52,45,46,57,52,41,54,51,47,43,54,54,57,55,65,38,44,53,55,50,44,44,47,63,64,60,63,65,67,52,61,56,58,71,60,61,67,60,58,63,65,61,54,62,65,59,61,75,65,58,56,56,58,53,59,57,65,65,66,60,70,68,68,73,76,66,63,77,76,76,70,77,69,76,70,65,78,74,79,73,69,70,70,74,73,83,74,77,77,79,68,79,76,72,68,75,77,85,79,91,74,73,73,86,79,77,80,79,82,82,78,76,82,89,89,80,84,80,81,84,92,86,83,79,85,94,76,82,86,85,86,91,87,89,96,89,89,85,94,98,89,98,81,90,98,96,97,96,101,97,101,99,95,96,98,85,98,95,101,NA,NA,NA,NA,NA,NA,NA,NA,NA,NA
NA,NA,NA,NA,NA,NA,NA,NA,NA,NA,NA,98,96,96,95,102,103,102,100,100,98,100,90,88,90,92,99,89,85,97,97,95,91,94,91,88,89,91,86,87,87,87,79,85,94,81,90,87,83,90,85,82,79,87,73,77,76,77,79,75,84,78,81,77,75,77,76,81,76,88,65,70,73,78,67,73,79,76,72,74,80,76,70,73,71,74,67,69,78,79,60,70,74,76,67,65,66,73,66,71,79,80,69,75,79,74,66,78,62,69,70,69,76,81,84,62,70,73,63,69,77,70,62,66,68,69,62,55,65,76,75,61,62,57,66,65,70,59,63,65,66,62,59,59,48,52,61,52,55,49,66,62,61,55,58,53,54,55,54,56,58,61,61,59,52,57,52,66,54,48,51,53,49,47,63,64,59,53,64,70,63,49,54,44,54,56,49,51,61,53,55,43,53,59,57,46,38,50,61,49,41,56,50,49,48,44,56,33,52,48,52,46,48,45,31,46,62,52,45,35,53,57,57,49,45,41,53,53,44,59,54,46,48,58,46,48,51,59,39,46,57,53,61,54,65,52,46,61,56,51,58,57,43,43,49,58,57,55,51,57,61,64,68,56,63,72,49,63,63,75,75,67,62,57,66,54,57,68,62,67,73,54,61,62,60,58,63,62,79,72,66,86,73,67,67,71,64,66,66,75,68,77,79,76,73,74,74,77,73,77,73,82,73,67,68,67,68,77,74,76,77,78,72,78,76,72,76,72,77,72,84,84,76,80,77,77,77,77,77,78,83,76,81,92,91,84,82,81,86,76,89,87,81,86,80,88,87,79,85,84,92,86,89,88,89,88,100,92,92,95,89,91,85,94,92,99,96,95,101,87,95,98,100,90,96,97,103,97,104,NA,NA,NA,NA,NA,NA,NA,NA,NA,NA,NA
NA,NA,NA,NA,NA,NA,NA,NA,NA,NA,98,96,102,102,96,102,102,101,99,100,99,91,88,89,89,87,95,90,91,92,90,95,93,90,94,89,90,91,87,85,81,86,86,74,92,89,81,77,86,91,91,83,86,78,82,76,76,83,80,76,81,74,83,77,78,85,75,74,69,80,68,73,71,69,74,80,82,73,69,78,78,71,68,72,74,81,69,69,77,71,71,73,83,72,71,71,66,70,84,78,60,74,84,79,75,72,73,67,71,74,58,69,60,74,67,66,65,75,84,70,66,68,71,60,71,64,74,71,67,65,65,67,82,69,70,66,69,64,66,64,61,70,57,60,67,64,70,67,51,58,61,67,64,61,54,55,69,60,48,43,51,65,58,55,51,61,60,53,45,60,51,58,51,52,59,45,52,44,58,56,54,46,51,53,58,56,42,58,48,47,50,51,47,48,45,38,44,46,45,37,50,41,44,53,41,41,43,43,54,42,32,56,55,51,56,61,37,47,41,38,42,51,47,45,36,46,50,59,53,37,37,53,36,47,37,49,52,37,50,62,43,51,55,58,63,57,53,48,47,43,64,48,37,47,57,69,59,59,55,50,61,58,60,58,52,65,66,57,54,49,60,67,64,49,64,64,65,58,63,67,58,65,67,59,60,62,59,66,72,67,68,71,70,76,69,82,79,66,69,71,67,73,73,77,75,82,71,70,76,76,74,66,81,72,76,66,73,70,79,69,72,80,77,71,74,67,69,80,72,71,79,76,76,76,80,80,76,83,84,76,78,78,87,82,80,84,87,84,74,87,71,79,83,84,87,78,89,93,94,89,82,83,92,88,87,92,92,86,92,80,92,86,93,94,96,99,100,100,94,94,94,96,87,94,100,103,100,103,102,104,NA,NA,NA,NA,NA,NA,NA,NA,NA,NA
NA,NA,NA,NA,NA,NA,NA,NA,NA,NA,NA,102,87,102,96,100,90,99,90,90,90,99,91,89,89,91,87,86,95,95,95,92,91,86,88,93,96,77,83,86,83,85,75,94,75,86,85,86,78,82,89,84,67,85,79,86,82,87,76,72,80,74,83,78,86,80,79,85,78,84,80,74,73,77,76,67,77,72,74,71,72,71,76,69,74,74,72,74,69,70,61,69,62,69,63,66,66,77,70,74,70,75,74,77,71,68,69,70,73,65,61,69,68,63,69,71,70,67,64,70,75,62,72,67,68,66,66,74,79,68,72,72,71,66,60,65,68,62,69,65,71,67,63,64,58,52,58,58,59,62,59,46,58,53,52,54,45,34,65,61,47,56,59,64,51,54,54,55,67,59,53,64,48,62,57,54,51,54,48,50,53,47,40,55,43,36,50,48,54,55,45,54,46,51,36,42,55,52,48,58,51,46,44,59,40,59,48,47,45,40,53,49,57,45,49,59,59,52,39,57,49,52,51,49,53,63,45,45,43,56,49,39,52,49,46,54,50,60,56,50,51,51,43,53,61,51,52,63,47,54,52,63,52,59,64,60,65,63,59,58,52,52,52,55,59,57,62,68,65,62,55,70,63,55,57,79,65,63,60,66,57,58,69,70,61,63,58,51,70,78,72,60,71,70,77,76,72,77,71,67,73,73,72,72,76,70,71,79,79,81,64,77,62,74,75,79,75,83,78,80,73,77,81,78,80,72,69,79,77,79,75,75,78,76,70,75,82,80,82,85,77,91,82,89,83,85,82,83,79,87,83,90,81,93,93,90,90,80,94,70,72,79,83,96,96,97,93,94,93,94,92,101,92,94,93,101,102,93,100,89,102,89,92,96,96,104,103,101,NA,NA,NA,NA,NA,NA,NA,NA,NA,NA,NA,NA
NA,NA,NA,NA,NA,NA,NA,NA,NA,NA,NA,NA,NA,88,87,95,91,88,95,92,89,92,89,92,97,87,96,94,86,90,90,90,91,92,88,93,88,91,81,86,83,76,91,74,88,85,87,83,82,79,93,79,77,85,89,83,83,77,84,85,80,79,80,83,86,82,74,80,79,80,88,79,73,71,74,84,77,71,77,77,65,72,66,71,71,70,67,70,60,74,76,70,72,61,67,69,71,84,70,63,65,68,74,71,67,63,68,74,68,73,57,74,67,71,66,70,75,70,65,74,77,75,71,63,69,72,66,60,67,65,68,66,62,66,50,64,58,68,70,57,59,65,56,53,59,64,51,47,53,55,56,58,65,63,49,53,54,55,51,43,59,48,47,52,64,52,59,51,52,65,63,55,54,55,56,58,54,55,47,57,58,50,56,51,41,54,42,52,46,42,45,53,53,45,40,55,57,42,51,49,56,68,53,41,50,47,54,50,71,39,55,49,50,69,53,47,48,58,45,59,51,60,42,52,47,51,52,43,47,59,56,48,43,44,52,51,40,51,58,48,40,54,43,56,59,54,59,57,45,62,57,50,52,68,68,59,49,60,54,58,49,67,66,61,60,56,54,65,67,59,52,58,59,61,62,65,74,70,64,70,57,64,63,69,69,71,64,60,55,70,72,71,75,69,71,77,70,68,74,77,76,74,74,71,76,76,68,71,73,77,75,67,72,69,71,77,74,73,77,80,73,71,82,70,78,75,76,75,82,76,81,82,78,78,77,78,73,77,79,76,78,80,94,88,76,81,85,74,73,70,89,83,82,93,78,76,94,87,79,85,72,82,84,93,84,88,98,92,93,84,101,92,93,94,98,100,100,98,92,94,102,88,99,100,103,NA,101,NA,NA,NA,NA,NA,NA,NA,NA,NA,NA,NA,NA,NA
NA,NA,NA,NA,NA,NA,NA,NA,NA,NA,87,NA,89,89,88,95,101,87,85,92,93,92,97,93,91,92,95,95,91,89,88,78,91,84,92,86,90,89,74,89,87,81,85,91,91,87,82,73,77,82,82,84,85,82,84,75,87,81,83,74,76,72,86,80,81,82,86,80,79,78,74,70,81,77,77,79,78,70,76,76,70,71,70,73,77,73,76,65,71,70,75,75,71,69,68,81,69,73,75,66,66,67,64,70,77,63,78,68,76,74,71,63,71,67,64,81,58,69,68,73,63,67,64,68,59,64,61,57,70,74,61,70,74,60,73,60,61,63,62,75,77,65,69,71,56,64,61,53,50,61,58,50,62,51,61,54,56,57,54,52,60,59,47,55,53,61,65,61,53,60,62,60,59,75,62,55,49,58,55,49,48,60,41,58,43,49,55,44,47,49,53,44,54,41,56,41,43,60,39,52,49,46,38,57,40,55,54,48,60,37,60,55,50,43,48,46,62,49,54,55,41,47,55,55,56,50,49,63,57,47,44,55,54,51,49,50,61,54,56,53,51,45,49,63,51,71,54,53,56,52,56,55,52,53,62,51,57,62,62,49,69,61,57,63,63,59,66,61,60,60,62,61,70,63,72,76,71,64,64,62,67,64,66,61,66,53,64,67,64,56,65,72,74,66,81,75,78,74,65,70,65,75,66,72,72,71,70,73,72,84,72,75,72,70,71,73,72,74,78,79,73,81,77,75,72,69,67,77,81,82,74,72,80,75,79,75,81,77,80,82,76,78,80,78,81,76,79,78,78,78,78,85,88,91,82,89,92,82,87,94,83,86,78,83,87,79,94,83,85,96,96,90,96,94,99,91,101,97,92,89,98,101,104,104,104,104,104,NA,NA,NA,NA,NA,NA,NA,NA,NA,NA,NA,NA,NA
NA,NA,NA,NA,NA,NA,NA,NA,NA,NA,NA,90,91,87,90,89,87,87,86,93,87,94,94,93,92,91,89,88,85,83,83,90,79,92,92,85,89,95,83,85,89,83,83,81,82,82,78,85,88,80,86,78,79,81,83,77,84,78,78,85,76,81,84,80,80,88,81,85,78,81,81,85,72,67,75,73,76,81,76,75,82,82,79,79,75,71,67,68,71,65,78,75,73,76,84,75,75,83,79,74,71,70,80,73,76,83,76,81,71,73,72,71,69,65,63,60,73,71,81,64,67,78,64,68,74,64,66,67,61,53,61,73,71,70,54,63,73,60,56,54,51,63,60,56,61,65,67,63,66,54,62,55,57,53,56,56,63,54,54,57,56,56,44,49,64,50,50,52,56,62,51,57,44,54,49,58,50,52,44,45,56,58,44,51,38,53,62,60,51,53,43,51,47,46,46,36,47,51,61,52,49,50,63,52,67,46,52,46,71,61,51,58,54,44,51,58,51,58,53,41,50,54,57,60,52,54,60,56,44,60,54,53,58,53,54,58,55,55,56,66,63,57,44,49,53,56,51,66,51,52,57,46,53,61,55,60,64,61,60,55,57,58,62,60,65,69,73,64,63,69,64,71,62,58,58,62,70,70,61,66,56,66,78,62,64,59,59,64,53,66,70,64,67,65,70,66,71,68,74,74,69,73,62,75,66,76,73,75,72,71,71,77,77,79,75,71,75,72,71,79,79,77,66,77,70,76,80,78,78,73,82,73,84,82,78,72,74,77,79,80,81,76,74,73,77,72,76,80,80,75,75,75,85,88,88,79,84,89,78,92,89,90,83,84,84,84,77,81,95,97,91,95,100,94,94,99,102,91,82,89,101,101,94,101,94,104,97,NA,NA,NA,NA,NA,NA,NA,NA,NA,NA,NA,NA,NA
NA,NA,NA,NA,NA,NA,NA,NA,NA,NA,NA,NA,90,97,79,92,88,91,97,86,84,93,83,83,88,93,88,91,83,92,86,88,85,85,81,90,90,80,86,89,88,89,82,79,83,89,84,79,82,76,77,79,84,81,75,81,89,75,84,73,79,82,81,87,82,84,82,78,63,75,78,79,71,72,72,84,72,76,70,86,68,74,76,71,69,73,81,77,75,69,76,79,78,73,65,74,68,76,69,76,63,75,79,74,67,78,76,79,77,74,70,74,71,70,65,72,76,68,53,66,59,74,69,73,62,66,66,69,56,50,66,69,64,61,58,59,64,70,59,66,66,67,74,60,68,52,57,60,56,53,52,56,44,46,51,61,61,53,54,66,53,54,57,56,72,52,68,66,66,45,46,58,53,60,54,58,58,50,59,54,43,51,46,45,61,46,45,50,40,43,43,46,52,54,63,37,42,50,48,40,38,38,51,50,51,59,62,56,60,72,63,61,50,52,64,52,52,44,51,49,55,51,64,56,49,44,52,59,68,47,61,58,59,43,47,51,55,53,60,62,54,57,55,64,49,63,57,48,60,61,66,59,61,58,61,54,66,59,58,56,54,71,67,58,67,67,59,62,54,60,59,64,59,58,61,58,60,62,79,68,62,68,58,67,67,63,68,61,67,60,67,67,55,75,68,73,60,72,67,78,74,81,72,68,79,69,68,71,69,69,74,74,78,74,65,76,59,80,71,79,73,68,80,81,74,69,79,76,78,68,75,74,79,77,77,82,79,72,74,72,78,74,78,75,76,77,75,81,77,84,75,79,77,80,72,82,80,79,82,93,94,82,88,84,87,87,84,85,94,78,92,96,92,97,89,92,101,84,102,93,104,92,92,104,98,102,104,NA,NA,NA,NA,NA,NA,NA,NA,NA,NA,NA,NA,NA
NA,NA,NA,NA,NA,NA,NA,NA,NA,NA,NA,NA,NA,93,84,79,90,88,80,88,86,92,87,98,82,91,88,94,93,84,85,88,82,83,90,82,77,86,89,88,72,87,75,71,80,77,90,89,88,80,83,82,81,77,81,83,84,75,82,83,83,79,81,86,84,77,83,85,68,66,62,76,68,75,74,79,77,83,80,73,72,75,76,79,78,68,71,70,74,84,73,66,71,73,72,76,69,80,85,72,72,75,66,63,69,65,71,63,65,64,75,68,66,66,69,70,73,66,58,79,68,60,57,72,71,54,55,74,64,59,76,50,61,59,54,60,58,67,63,66,64,62,51,54,60,48,51,63,63,61,55,49,54,61,53,65,63,55,61,54,71,50,55,46,42,46,64,68,51,58,56,54,47,51,50,65,54,57,55,55,54,49,50,58,51,42,48,50,56,43,51,40,52,55,51,57,45,44,41,51,53,55,53,61,48,65,56,68,59,56,46,62,56,58,47,45,49,55,54,46,53,69,54,54,53,51,51,52,53,44,54,67,43,48,44,52,52,52,61,50,57,61,59,53,59,57,54,57,62,50,71,53,55,60,65,65,64,56,47,58,64,58,67,59,52,66,62,61,64,63,60,62,65,59,66,54,58,62,63,50,58,67,62,61,66,69,68,67,64,62,72,69,65,69,70,66,73,74,70,67,63,77,78,80,63,73,72,64,81,74,75,68,79,74,68,76,66,77,76,67,78,73,78,79,79,83,79,78,73,83,75,69,71,83,83,79,77,76,79,81,77,83,75,78,75,77,77,77,83,75,81,76,79,77,77,80,81,81,79,81,81,93,91,84,85,88,77,89,78,93,84,90,85,97,101,83,84,98,98,91,92,100,104,96,99,97,NA,98,NA,NA,NA,NA,NA,NA,NA,NA,NA,NA,NA,NA
NA,NA,NA,NA,NA,NA,NA,NA,NA,NA,NA,NA,84,93,79,81,87,84,79,84,94,94,85,84,84,86,83,84,83,86,87,84,83,85,83,81,84,83,82,80,79,72,72,83,85,82,79,78,79,76,73,82,80,85,82,83,82,76,85,81,81,83,85,83,86,81,80,84,67,80,82,59,88,66,72,79,65,78,70,69,74,73,77,79,77,68,83,76,72,77,80,71,69,65,76,78,68,79,73,67,83,70,71,75,76,77,64,75,69,67,70,66,65,62,76,77,73,62,73,69,50,53,68,62,62,66,49,56,66,61,64,64,50,69,58,65,54,71,74,61,66,60,56,72,51,63,60,56,54,49,49,53,61,56,51,62,61,52,64,63,69,49,44,61,59,49,53,48,66,55,62,54,50,49,45,55,62,63,45,42,57,47,55,53,50,58,48,47,48,43,44,45,44,63,53,47,43,49,51,51,57,54,66,53,56,59,50,64,63,60,62,47,59,66,58,67,60,60,49,53,53,63,55,61,57,49,51,49,64,62,61,69,65,55,52,39,48,57,51,60,64,57,46,53,38,51,54,52,50,60,58,77,64,60,53,58,56,58,54,57,60,58,62,67,56,50,58,55,61,55,62,64,56,64,57,63,55,55,61,63,59,55,62,64,64,48,64,69,74,70,64,72,56,72,73,65,62,70,71,71,80,65,68,75,73,77,76,74,63,65,69,75,72,70,80,77,75,73,74,76,74,78,80,77,80,74,68,76,66,78,74,75,83,71,75,76,79,77,72,75,72,70,73,80,78,77,72,82,81,80,82,81,82,75,76,77,77,81,86,87,79,85,89,75,83,84,82,84,91,83,93,82,101,99,97,92,85,103,104,104,93,91,103,94,95,100,98,NA,NA,NA,NA,NA,NA,NA,NA,NA,NA,NA,NA,NA
NA,NA,NA,NA,NA,NA,NA,NA,NA,NA,NA,85,NA,93,81,95,92,80,80,84,86,84,82,86,84,88,85,80,84,82,82,87,87,86,84,82,84,81,87,88,82,86,80,88,80,73,72,79,75,80,81,72,88,85,77,80,79,77,76,82,84,76,85,81,75,81,81,85,76,82,82,81,67,65,66,77,76,68,68,74,77,78,77,72,76,71,69,81,70,69,74,74,81,77,75,85,70,80,75,71,60,70,74,66,62,67,76,67,64,68,67,65,64,70,64,60,66,73,69,51,56,68,67,69,62,61,65,61,60,73,63,69,65,64,64,64,71,54,63,69,56,58,52,54,63,63,64,56,62,62,52,56,57,61,63,58,65,63,62,60,55,51,60,57,51,53,50,50,48,53,57,47,57,51,43,65,51,55,49,51,59,32,43,50,48,51,68,41,51,43,57,50,48,47,48,54,40,56,48,53,61,49,43,48,42,46,53,60,54,57,53,54,59,53,52,63,43,49,57,50,44,52,70,49,56,52,65,55,60,55,67,55,54,55,58,64,58,63,48,66,54,56,41,56,55,46,46,52,60,46,61,55,59,54,50,54,54,54,53,65,58,67,50,62,59,58,50,57,63,62,65,63,58,73,64,60,64,62,59,57,59,73,61,59,58,59,66,70,61,59,65,69,75,71,68,67,75,68,71,69,73,75,66,79,77,84,82,76,78,70,72,74,68,75,71,74,74,66,71,66,74,73,69,63,67,71,80,72,80,76,72,81,81,76,75,75,76,85,74,72,70,72,80,82,80,84,81,84,78,78,74,80,81,81,76,82,83,82,84,83,85,77,84,81,82,88,89,82,81,83,85,95,86,98,95,91,89,91,105,102,91,106,105,96,94,101,100,NA,NA,NA,NA,NA,NA,NA,NA,NA,NA,NA,NA,NA
NA,NA,NA,NA,NA,NA,NA,NA,NA,NA,NA,84,81,84,81,95,92,85,91,90,84,86,79,86,85,83,84,82,83,83,83,84,83,81,78,78,84,80,82,85,84,95,83,90,85,75,79,81,79,79,78,78,84,86,91,91,84,90,91,88,78,83,82,81,78,79,77,72,78,78,81,82,81,78,76,72,66,73,69,69,75,78,65,79,72,73,85,78,75,68,78,74,79,65,69,79,63,74,57,59,68,71,72,72,65,60,74,63,73,63,68,58,69,59,62,57,69,66,56,63,56,61,59,55,55,69,55,71,73,48,66,66,58,59,62,63,63,64,62,60,52,55,57,52,67,57,52,70,73,68,65,52,55,57,63,62,61,73,51,58,52,54,56,68,47,58,54,50,61,53,53,56,59,42,50,52,61,49,38,48,52,47,69,55,50,55,40,42,41,62,49,48,41,55,47,49,50,54,46,47,62,64,74,52,48,51,57,57,49,50,56,48,55,52,47,54,61,56,48,43,37,55,39,50,46,66,65,57,59,51,44,58,62,66,58,56,64,55,53,59,52,61,52,56,48,50,57,56,54,59,61,60,63,67,52,58,60,58,56,65,57,56,60,56,64,70,64,61,65,64,62,80,60,61,65,64,57,62,73,60,56,70,61,59,69,62,65,57,61,71,65,73,52,68,64,66,67,63,72,67,72,66,66,70,66,65,72,73,74,78,63,66,84,76,71,69,59,63,78,76,73,73,69,77,79,72,77,76,76,74,72,74,79,79,83,78,76,73,79,72,80,78,76,81,82,84,81,80,77,82,76,84,83,83,85,80,84,80,81,82,87,81,83,82,89,87,83,91,86,82,95,86,87,84,85,95,91,92,91,105,97,107,95,96,95,NA,NA,NA,NA,NA,NA,NA,NA,NA,NA,NA,NA,NA,NA,NA
NA,NA,NA,NA,NA,NA,NA,NA,NA,NA,NA,89,86,86,82,81,83,85,87,78,83,83,84,82,85,84,83,86,80,82,82,83,85,81,79,89,88,83,85,80,83,77,83,83,73,75,81,77,77,79,82,83,79,83,85,83,83,84,79,79,81,77,81,84,86,82,73,73,76,77,81,77,82,75,75,66,75,77,74,76,77,76,81,71,66,74,70,71,76,77,79,72,67,70,65,66,75,66,59,62,75,62,60,73,69,64,69,73,60,63,67,69,64,68,54,61,56,57,56,62,56,56,62,61,65,56,60,65,60,58,66,56,58,60,54,72,64,55,59,66,68,64,59,50,58,50,56,52,64,56,67,56,60,64,49,59,65,57,65,60,52,62,60,63,60,46,59,49,54,53,62,51,57,59,57,50,54,52,55,58,50,61,53,46,56,67,56,47,47,52,49,44,48,59,53,47,39,53,52,49,48,52,66,53,47,48,53,58,59,52,52,59,66,54,57,45,48,61,54,45,55,45,54,48,56,53,51,59,62,60,56,57,56,67,59,53,53,56,59,59,57,64,60,47,57,56,57,54,59,61,52,58,59,56,59,63,56,60,56,62,55,59,57,62,56,58,65,53,62,60,65,63,61,54,59,59,67,70,60,65,60,72,58,53,75,60,63,60,57,70,63,71,64,69,63,61,65,69,69,64,64,64,62,64,77,77,73,65,74,74,74,77,67,70,76,64,72,73,70,76,71,68,60,75,67,77,74,76,79,78,76,74,72,70,82,75,71,72,76,76,75,79,78,79,79,78,77,80,78,80,82,83,81,84,89,88,79,85,85,84,84,85,86,85,82,88,89,87,78,85,83,93,99,84,95,84,85,86,94,90,93,92,102,82,95,101,NA,NA,NA,NA,NA,NA,NA,NA,NA,NA,NA,NA,NA,NA
NA,NA,NA,NA,NA,NA,NA,NA,NA,NA,NA,84,84,84,93,85,84,84,81,79,87,87,81,84,81,84,78,81,79,85,81,81,81,78,80,82,79,84,83,86,81,79,80,80,78,75,82,77,81,78,79,85,85,83,80,86,83,86,82,82,68,86,82,84,82,81,75,78,76,73,66,79,79,80,68,65,75,67,79,76,84,72,77,70,71,74,75,69,78,72,66,70,66,65,66,76,74,68,69,74,66,62,69,64,64,67,69,55,57,62,74,69,61,70,64,69,55,54,63,60,52,67,65,67,66,66,62,59,57,60,66,55,55,65,53,58,58,52,65,65,61,64,56,69,53,54,62,59,55,58,52,62,53,60,62,67,50,62,61,56,65,58,49,54,49,51,55,57,59,60,61,54,63,41,57,50,63,59,52,68,62,55,49,59,54,56,62,49,51,57,51,52,46,52,44,52,51,45,42,51,54,54,55,50,71,66,50,50,52,51,49,57,52,61,56,51,58,41,64,60,50,42,46,48,54,51,54,65,54,54,47,67,54,76,59,50,53,56,57,66,46,48,54,63,63,59,52,53,48,64,60,56,71,59,56,52,66,60,59,69,58,50,61,67,56,55,51,64,58,68,66,63,61,65,60,62,61,71,50,63,60,61,65,57,72,70,63,61,60,65,65,64,62,61,59,60,69,73,72,76,68,70,68,63,69,76,72,66,69,72,76,78,80,77,73,76,70,74,77,73,76,75,76,74,81,70,74,66,77,77,75,72,80,78,77,88,71,79,74,79,79,78,84,83,80,82,80,78,80,75,80,78,82,80,85,84,82,87,85,88,80,91,79,84,89,89,89,79,77,87,94,87,84,84,85,87,81,85,85,84,81,94,102,102,101,104,NA,NA,NA,NA,NA,NA,NA,NA,NA,NA,NA,NA,NA,NA
NA,NA,NA,NA,NA,NA,NA,NA,NA,NA,NA,84,84,94,83,87,84,79,85,80,85,83,87,82,82,83,92,82,82,83,84,83,73,82,82,84,83,81,80,80,76,85,82,80,81,77,75,77,74,81,78,78,82,85,82,79,80,83,78,78,79,79,76,80,77,76,69,71,76,82,74,79,82,67,73,77,76,72,69,73,74,70,76,62,72,69,72,62,64,79,67,78,61,72,64,64,75,68,72,77,68,70,75,74,65,83,73,66,53,62,62,60,55,64,64,62,64,63,59,69,59,65,50,60,51,57,53,61,64,66,59,54,56,53,64,56,52,54,65,57,62,51,64,70,65,58,53,67,63,65,67,59,46,58,51,54,47,60,52,56,65,57,55,45,66,70,57,50,51,54,52,65,63,61,64,58,56,55,57,57,54,51,56,55,48,53,43,54,51,47,57,43,50,39,49,46,53,68,44,55,51,51,45,53,55,63,53,59,44,53,59,60,60,39,58,58,41,65,65,73,61,51,51,49,44,60,47,55,70,50,60,56,49,52,58,61,53,67,55,49,59,56,54,60,67,58,60,54,42,54,56,74,53,53,60,54,53,47,68,65,64,67,69,66,55,57,56,59,61,61,58,63,71,60,63,61,55,57,65,64,58,75,59,63,62,67,66,61,58,63,67,70,66,70,65,67,65,69,73,73,62,69,72,70,68,74,67,72,65,65,66,77,66,77,72,74,74,72,70,84,74,73,77,72,66,80,74,68,74,77,71,74,75,75,73,72,81,70,73,81,76,75,74,82,91,84,84,83,80,82,80,76,82,84,82,81,78,84,85,84,85,88,88,84,85,85,90,87,81,79,87,85,87,94,94,94,84,87,89,85,90,92,91,101,102,106,NA,NA,NA,NA,NA,NA,NA,NA,NA,NA,NA,NA,NA,NA
NA,NA,NA,NA,NA,NA,NA,NA,NA,NA,NA,NA,84,83,94,87,81,84,84,85,82,84,86,79,81,85,85,83,83,89,82,82,82,85,84,74,84,87,74,86,78,84,83,73,86,85,79,82,73,83,86,87,75,87,84,59,62,85,82,75,75,68,70,67,84,76,84,84,80,84,82,71,79,81,77,74,75,70,80,72,75,79,65,71,72,77,77,63,66,60,67,70,68,67,68,77,68,73,75,74,72,67,71,68,61,60,63,67,79,66,74,67,61,65,67,70,66,55,55,66,53,58,49,62,56,67,59,57,57,64,66,64,67,56,58,58,54,64,65,59,55,66,67,56,65,60,67,58,74,69,71,50,49,60,63,55,73,69,61,59,62,61,53,51,60,61,53,60,62,53,48,60,55,59,59,55,55,57,62,49,59,48,50,62,53,61,63,49,71,70,45,41,56,53,48,62,54,51,57,58,51,56,48,45,53,45,57,67,53,52,49,59,56,46,54,64,49,68,61,61,43,42,42,54,63,39,62,55,50,39,49,57,58,67,55,59,56,53,56,56,52,52,54,47,61,59,55,52,66,40,56,53,59,61,56,54,64,65,63,61,64,55,61,63,57,63,59,63,53,66,61,58,55,63,61,64,67,68,58,60,59,61,53,66,64,61,64,68,60,62,72,65,63,65,64,59,67,61,70,71,72,71,70,75,67,66,64,67,79,66,64,69,72,65,77,72,73,71,74,70,71,78,75,74,63,73,76,75,72,71,78,83,81,65,82,71,75,85,83,79,82,77,82,82,76,76,93,77,82,83,80,81,84,79,85,84,80,84,82,85,86,85,86,93,90,89,91,90,85,84,90,91,89,89,94,86,83,95,88,89,86,95,101,91,83,107,NA,NA,111,NA,NA,NA,NA,NA,NA,NA,NA,NA,NA,NA
NA,NA,NA,NA,NA,NA,NA,NA,NA,NA,NA,NA,84,79,78,94,80,81,92,89,84,86,96,84,93,87,94,84,82,76,82,86,84,84,72,77,85,81,73,72,89,87,89,74,73,87,67,70,73,87,77,82,78,80,79,82,75,85,84,81,78,82,81,79,78,81,78,82,75,68,72,82,74,78,77,73,73,76,70,74,78,76,61,67,79,74,70,66,79,64,74,70,65,65,75,72,55,66,68,67,68,68,66,63,60,66,65,70,64,60,67,67,73,59,66,65,62,60,63,50,54,63,58,55,60,64,55,56,55,63,56,55,66,69,69,69,66,53,63,65,64,54,55,64,62,63,64,61,62,63,64,72,61,60,52,59,54,58,48,68,54,50,63,54,58,50,48,46,56,63,54,54,54,54,65,65,69,64,45,50,67,51,51,48,56,52,65,49,52,48,37,65,47,55,54,47,60,64,47,46,50,45,56,57,50,54,44,54,68,52,61,62,69,67,68,47,56,55,66,56,68,55,48,58,67,61,52,54,58,57,67,50,54,66,55,52,55,64,59,62,51,52,48,52,57,56,51,65,56,52,62,58,61,60,59,53,58,73,57,56,54,64,66,51,75,66,55,64,63,58,56,66,55,67,66,62,54,70,66,58,64,63,58,64,66,61,56,68,71,66,69,63,72,70,65,68,73,62,74,68,67,71,74,66,68,66,68,65,63,71,69,59,62,65,68,72,75,70,67,75,74,75,72,67,76,76,68,78,71,79,78,66,76,83,82,85,71,76,82,82,79,80,82,68,77,75,79,73,68,85,79,86,87,82,77,79,79,83,82,88,85,88,88,84,90,90,91,80,92,90,80,80,85,88,86,85,94,94,87,93,92,91,101,90,105,NA,108,111,NA,NA,NA,NA,NA,NA,NA,NA,NA,NA,NA,NA
NA,NA,NA,NA,NA,NA,NA,NA,NA,NA,NA,NA,NA,76,90,95,92,84,83,94,86,83,94,94,80,79,80,84,90,84,87,87,87,81,78,85,90,85,76,90,91,79,89,93,83,88,82,69,72,87,78,77,73,83,61,61,79,83,65,86,78,81,80,76,82,83,85,77,80,81,66,69,68,75,80,81,69,78,82,76,84,84,73,72,73,65,76,68,76,71,66,66,75,72,76,62,64,74,68,68,58,70,71,71,57,67,60,68,61,65,66,62,67,69,78,67,67,71,55,64,70,59,57,59,61,59,59,58,62,59,61,63,62,65,58,67,64,62,65,63,69,63,65,61,58,53,64,58,50,47,66,65,61,65,59,56,56,58,57,50,60,53,65,62,53,58,62,57,53,50,41,53,50,56,61,62,66,59,55,61,48,62,51,54,54,57,53,52,57,29,45,50,49,52,57,47,45,42,62,39,53,58,47,56,64,60,71,49,62,53,70,49,64,55,54,58,55,52,59,54,49,66,47,41,51,44,60,56,57,55,54,62,43,60,53,54,62,55,67,58,61,56,61,59,64,75,66,61,51,46,60,60,56,57,64,60,64,50,62,62,55,60,61,64,65,64,39,53,66,49,58,59,61,65,66,60,64,73,63,61,55,74,68,69,61,64,70,66,62,67,74,63,68,61,66,62,59,66,68,74,66,62,66,71,77,75,64,69,65,56,66,72,53,83,80,66,66,65,75,72,72,70,67,73,75,70,73,70,67,81,74,76,78,73,72,77,79,83,81,86,83,81,82,83,70,77,81,70,82,70,87,83,86,88,81,83,80,84,85,82,85,87,87,90,87,88,74,92,90,89,80,89,88,87,88,89,86,87,97,87,88,88,92,85,95,85,110,109,NA,NA,NA,NA,NA,NA,NA,NA,NA,NA,NA,NA
NA,NA,NA,NA,NA,NA,NA,NA,NA,NA,NA,NA,NA,NA,90,96,94,90,81,93,83,91,79,83,92,84,89,89,84,88,85,81,87,90,81,84,76,79,76,78,79,79,80,82,68,79,73,73,84,77,75,84,80,81,77,76,62,61,84,77,87,67,75,69,86,88,71,70,81,79,78,69,86,81,79,76,72,74,73,63,69,81,72,75,75,75,65,85,75,67,79,85,76,73,83,68,73,66,59,68,60,66,62,77,71,61,59,64,59,61,57,64,59,66,68,58,65,62,66,63,54,66,56,60,65,61,69,51,52,58,56,68,56,52,61,64,61,64,59,56,51,60,61,59,58,78,60,59,57,55,71,57,55,53,66,66,67,57,60,55,57,58,61,59,56,68,60,59,53,58,58,53,64,62,54,51,55,62,70,47,52,62,54,50,52,48,55,49,41,45,41,52,53,61,51,54,40,45,44,46,51,57,39,53,49,46,54,56,45,54,51,45,55,56,44,61,54,59,58,59,72,51,60,50,53,62,51,53,58,45,50,65,62,61,54,55,56,61,55,50,63,65,55,64,63,45,66,58,61,57,44,47,61,68,61,64,60,52,63,62,58,63,58,60,61,63,60,54,65,61,58,60,53,69,63,64,58,52,64,66,56,64,74,61,68,67,71,63,69,56,56,74,60,64,62,66,61,65,69,70,72,64,62,72,64,69,63,68,67,80,56,64,69,67,61,57,75,63,62,66,80,75,68,76,69,72,65,84,69,70,69,70,67,77,71,75,74,70,77,75,74,84,76,78,70,79,82,83,83,78,79,86,80,76,82,85,82,78,86,90,80,81,79,88,89,88,90,88,77,88,85,90,87,87,91,90,85,87,87,94,88,90,82,84,NA,NA,NA,NA,NA,NA,NA,NA,NA,NA,NA,NA,NA,NA,NA,NA
NA,NA,NA,NA,NA,NA,NA,NA,NA,NA,NA,NA,NA,NA,96,95,96,83,82,93,94,90,83,94,83,91,95,87,93,83,80,85,71,77,83,86,83,83,81,80,81,75,74,72,75,73,77,76,73,70,89,76,70,76,72,69,74,55,82,79,82,71,71,70,80,70,79,78,81,66,85,85,82,80,66,69,68,68,69,70,74,75,74,75,77,65,62,69,67,71,68,65,71,69,67,59,61,59,70,61,72,66,66,70,54,55,63,59,58,67,66,65,67,61,55,54,62,62,66,64,66,70,53,49,61,69,55,58,64,58,65,52,63,66,68,57,62,62,56,69,61,66,50,56,65,62,51,75,65,65,59,50,57,56,53,68,53,64,64,55,61,55,52,56,56,55,70,59,51,64,54,52,52,53,56,56,69,61,62,59,59,63,51,52,48,45,47,61,46,55,58,54,46,41,58,56,45,53,59,48,57,53,45,52,46,49,53,57,74,51,55,52,43,60,80,57,47,58,57,56,76,69,46,53,52,59,61,54,51,49,51,69,72,61,62,62,67,53,57,50,53,62,54,59,55,50,68,67,55,55,63,68,48,60,57,52,59,63,59,59,54,44,60,51,54,56,64,67,58,68,51,58,74,64,59,55,56,65,59,64,79,66,64,65,61,67,64,62,65,72,61,71,69,63,66,66,66,59,68,66,59,69,68,69,73,74,71,67,64,68,60,65,60,65,64,64,73,67,77,60,67,66,70,73,72,64,72,65,78,68,80,70,71,76,78,86,69,80,85,78,85,84,72,79,79,83,78,78,80,82,82,78,70,84,84,82,82,81,83,89,87,88,82,80,89,87,91,88,89,87,79,93,79,89,88,94,87,88,86,87,94,89,93,86,NA,NA,NA,NA,NA,NA,NA,NA,NA,NA,NA,NA,NA,NA,NA,NA
NA,NA,NA,NA,NA,NA,NA,NA,NA,NA,NA,NA,NA,97,94,98,93,90,95,88,94,79,93,93,93,92,88,87,89,83,92,90,78,77,84,80,81,81,79,81,86,77,90,92,84,73,84,88,83,70,76,75,81,75,67,75,77,71,82,80,65,73,73,82,89,68,71,83,60,81,68,70,70,68,67,78,67,70,64,66,77,78,74,70,71,76,71,71,64,74,84,68,57,66,67,69,75,73,62,66,52,62,65,72,56,72,64,63,70,62,71,56,63,71,68,65,52,62,62,59,56,55,46,65,64,61,52,60,68,65,57,73,56,58,50,58,58,60,59,66,70,52,54,51,56,62,60,60,69,56,65,63,57,51,56,53,67,59,62,59,57,60,47,59,45,57,56,58,56,56,61,54,55,67,54,55,62,57,56,55,60,50,50,66,51,49,55,49,44,45,53,58,58,47,40,41,52,45,54,44,50,42,68,53,64,48,48,48,59,55,52,39,57,53,44,49,61,48,50,73,53,55,56,67,55,60,69,51,62,58,54,70,56,51,65,69,56,55,69,42,60,63,57,67,54,57,63,69,57,68,58,60,59,60,73,71,62,61,58,68,66,65,39,61,60,49,68,61,66,67,55,72,58,63,57,61,56,62,56,53,65,58,60,64,72,54,54,69,59,62,65,67,63,74,69,67,68,68,67,74,66,66,65,73,65,71,73,71,70,65,67,69,69,67,56,66,68,70,63,68,58,68,79,72,71,72,82,76,77,71,84,77,73,70,71,75,77,73,80,74,69,75,84,77,82,77,77,81,80,82,83,87,77,79,87,88,75,79,76,83,81,79,89,78,78,90,85,91,87,86,85,91,89,88,87,86,84,88,95,87,96,88,88,101,NA,NA,NA,NA,NA,NA,NA,NA,NA,NA,NA,NA,NA,NA,NA,NA
NA,NA,NA,NA,NA,NA,NA,NA,NA,NA,NA,NA,NA,97,96,94,87,79,90,92,90,78,79,76,85,91,85,92,88,88,91,79,77,87,72,86,81,88,81,81,87,93,87,85,86,80,86,83,77,73,77,76,79,71,67,68,78,68,82,83,89,84,78,90,60,85,71,76,81,71,72,75,67,72,69,69,62,64,60,78,75,74,71,75,75,81,79,56,61,79,70,63,71,57,63,71,64,70,68,61,54,58,55,69,68,62,62,61,66,60,57,53,67,59,60,68,63,65,63,66,61,64,57,61,59,58,56,74,61,63,58,64,67,57,63,50,55,67,60,50,54,53,60,55,55,61,61,57,64,64,49,52,58,63,57,58,44,57,64,56,60,52,48,53,50,61,61,57,69,58,53,55,71,66,52,58,66,64,46,64,58,57,66,53,59,61,54,50,59,56,59,49,53,56,38,51,64,54,38,55,52,53,58,57,55,56,47,55,48,51,56,57,45,53,56,44,64,73,60,42,66,59,58,55,60,59,63,62,72,65,58,55,66,65,62,63,57,66,54,56,59,49,63,59,69,57,52,56,66,64,64,60,62,55,69,60,59,70,54,66,59,73,60,57,59,69,51,65,56,69,67,69,58,70,51,59,49,56,64,59,66,66,60,67,70,69,65,66,61,62,59,74,57,67,63,62,70,60,67,63,61,66,73,68,73,69,71,73,71,59,60,73,65,61,61,64,66,74,64,75,61,65,68,69,71,75,69,70,64,76,80,77,75,74,72,73,80,76,70,70,79,74,76,77,79,89,79,81,79,83,80,80,81,82,88,85,81,85,85,84,76,85,78,83,78,84,89,88,85,87,86,87,87,94,90,90,90,91,91,96,96,96,96,88,NA,NA,NA,NA,NA,NA,NA,NA,NA,NA,NA,NA,NA,NA,NA,NA
NA,NA,NA,NA,NA,NA,NA,NA,NA,NA,NA,NA,89,96,100,95,99,91,89,91,91,89,88,90,91,88,87,89,94,91,82,90,87,71,87,86,82,87,86,89,80,90,86,87,79,88,76,89,84,69,71,84,73,70,72,78,68,78,72,69,86,67,69,74,81,69,66,81,65,81,67,70,72,64,73,60,71,69,83,75,60,76,83,73,79,65,66,75,71,67,66,65,66,65,69,68,62,65,66,65,68,70,65,64,66,69,78,60,56,58,61,65,72,62,64,57,50,58,73,55,62,70,64,72,75,55,73,56,55,53,55,61,65,64,58,58,57,53,58,68,49,60,64,72,53,55,67,80,55,63,59,63,61,64,64,53,61,66,63,49,67,57,51,52,59,55,63,63,65,54,58,59,54,56,54,62,74,52,67,56,59,54,57,62,62,42,60,57,51,53,52,50,47,53,53,57,48,61,44,47,58,51,38,59,38,47,58,48,55,47,55,54,63,48,53,63,61,65,59,60,73,49,39,70,67,53,56,56,52,53,68,62,70,74,58,58,61,55,60,52,67,57,66,62,57,62,50,74,74,57,65,55,69,58,52,65,56,75,60,64,65,56,58,58,66,60,58,57,64,67,54,75,60,65,53,59,64,60,64,63,59,63,62,57,66,65,55,59,63,68,63,62,66,63,60,68,67,67,62,71,68,62,69,69,75,68,70,73,64,64,66,72,64,63,58,68,70,74,71,65,73,61,72,69,63,69,72,70,70,71,71,71,81,67,65,70,76,83,78,77,74,78,79,79,79,81,81,87,80,82,81,75,82,79,85,76,83,80,85,78,82,89,89,80,88,83,88,87,86,86,87,78,87,87,77,87,85,90,98,92,98,89,88,NA,88,NA,NA,NA,NA,NA,NA,NA,NA,NA,NA,NA,NA,NA,NA,NA
NA,NA,NA,NA,NA,NA,NA,NA,NA,NA,NA,NA,NA,96,83,100,80,91,90,78,91,93,87,89,88,90,95,88,89,87,79,91,89,89,73,87,87,85,82,82,89,81,77,88,77,88,70,77,84,85,89,73,74,89,73,79,80,63,80,81,65,75,80,73,75,75,69,75,69,71,74,67,75,81,79,69,75,70,77,70,77,70,61,71,76,74,77,77,69,70,64,64,67,75,65,62,65,69,60,57,63,68,66,71,67,68,59,65,72,60,63,63,66,60,63,63,64,57,62,67,50,60,73,57,61,53,68,65,57,57,66,62,68,59,55,58,53,72,55,59,59,64,69,54,76,68,58,53,66,61,59,60,67,57,62,58,50,50,60,54,62,59,64,58,60,65,62,54,55,56,47,54,47,54,61,53,71,61,64,50,72,43,53,57,65,45,50,50,60,53,59,47,63,56,44,55,46,52,51,55,52,39,49,48,50,67,52,54,61,55,64,59,45,58,51,55,59,62,62,67,57,71,51,56,59,65,45,56,58,51,51,57,61,68,60,61,61,63,65,63,71,58,58,58,61,62,74,66,70,59,70,69,62,50,58,51,57,59,66,53,66,54,65,69,70,57,57,64,69,65,62,60,70,82,73,71,70,63,61,58,72,65,67,55,66,62,59,61,65,70,65,61,65,56,54,70,67,58,62,64,68,59,62,67,66,67,69,74,73,66,66,75,64,57,66,59,71,63,63,68,74,62,65,57,78,70,74,70,77,72,77,83,67,73,68,69,65,84,66,67,71,70,77,74,66,71,74,86,74,86,86,85,80,76,80,77,83,79,81,83,81,85,84,85,85,84,89,88,88,86,76,87,87,77,85,85,88,87,77,93,93,97,NA,96,NA,NA,NA,NA,NA,NA,NA,NA,NA,NA,NA,NA,NA,NA,NA,NA
NA,NA,NA,NA,NA,NA,NA,NA,NA,NA,NA,NA,NA,81,84,81,89,88,80,91,91,84,91,86,90,89,89,90,78,88,91,92,90,85,87,88,86,77,74,83,82,89,85,86,86,84,74,81,77,76,76,87,88,87,88,86,75,76,81,74,77,74,71,69,70,69,71,77,75,74,68,72,63,81,71,77,76,81,77,76,77,77,77,77,71,60,77,71,65,73,64,63,74,67,66,71,59,65,71,67,72,71,65,71,81,70,69,63,58,58,60,57,62,64,62,60,57,63,68,55,59,66,69,59,64,60,64,69,63,54,63,65,64,64,62,58,60,60,56,68,66,52,59,55,53,67,49,59,61,64,57,66,66,75,61,61,54,48,66,58,57,57,56,54,55,58,65,63,51,52,60,50,68,46,54,55,60,64,64,55,58,60,59,62,47,57,55,43,54,48,63,46,54,49,51,54,54,52,54,61,65,41,59,58,48,55,42,47,58,61,51,56,73,45,61,47,50,51,48,68,62,62,75,51,70,58,54,66,55,61,44,60,58,69,53,55,66,59,68,64,66,67,64,59,69,60,62,66,53,60,78,81,60,53,59,65,62,57,67,72,73,70,56,64,69,60,68,55,64,53,56,59,58,62,70,65,70,62,65,69,64,71,71,71,55,59,71,61,62,73,66,66,61,58,63,63,72,61,60,66,63,69,60,66,68,73,69,70,64,75,77,70,69,68,68,64,72,67,63,63,67,72,73,79,62,78,73,71,74,75,69,71,76,71,72,75,76,77,79,73,74,85,78,75,77,77,79,82,78,76,82,84,74,84,76,86,72,84,72,85,82,83,82,81,81,91,88,83,83,78,79,78,87,87,86,88,96,94,89,97,99,97,99,NA,NA,NA,NA,NA,NA,NA,NA,NA,NA,NA,NA,NA,NA,NA,NA,NA
NA,NA,NA,NA,NA,NA,NA,NA,NA,NA,89,89,88,91,81,89,79,81,91,80,82,90,85,90,97,90,90,89,83,88,88,89,79,87,85,85,78,81,79,73,85,82,90,87,78,87,89,89,74,83,84,76,84,70,82,69,87,73,70,82,77,81,78,73,72,67,83,83,82,79,86,68,76,68,76,80,66,77,79,79,84,73,64,79,76,77,73,71,71,68,75,71,73,66,67,59,61,71,71,68,63,72,62,66,70,74,65,61,64,61,62,57,62,61,55,72,69,54,60,66,64,61,65,57,60,66,59,68,52,65,61,63,61,50,65,66,54,58,57,69,68,69,71,52,75,62,61,57,64,63,60,73,63,60,57,61,56,63,66,59,52,53,60,61,57,60,64,66,56,47,55,56,62,64,54,61,57,61,59,61,66,59,59,54,58,45,70,42,55,49,50,60,51,56,50,50,59,52,54,46,55,47,59,53,50,50,51,50,51,48,55,61,56,45,50,57,54,60,63,60,53,69,56,49,55,69,65,58,49,56,61,59,63,51,53,66,54,54,61,50,75,65,71,58,64,55,61,65,74,67,54,65,72,58,65,59,55,61,58,68,71,70,68,71,82,68,75,71,70,65,60,66,62,57,55,61,73,70,57,62,59,69,66,60,71,63,72,66,70,62,68,67,62,61,61,62,58,70,68,65,66,60,68,73,66,71,73,78,71,64,74,67,67,70,67,68,71,65,69,67,64,75,70,70,69,75,72,69,68,71,73,73,69,79,78,70,78,82,74,77,78,77,76,75,71,73,76,79,77,78,79,81,75,79,84,77,82,86,82,83,82,82,82,87,79,83,86,84,82,83,82,85,87,89,88,87,88,95,96,94,96,93,93,NA,NA,NA,NA,NA,NA,NA,NA,NA,NA,NA,NA,NA,NA,NA,NA,NA
NA,NA,NA,NA,NA,NA,NA,NA,NA,NA,NA,90,89,91,80,80,89,86,100,91,91,87,89,88,89,81,91,91,88,83,89,89,87,86,85,85,75,80,87,81,82,83,89,87,92,88,88,90,84,84,78,85,82,74,81,83,82,82,80,78,89,74,77,72,76,68,69,70,62,79,79,72,66,65,74,77,74,68,69,74,66,67,74,67,66,74,78,70,81,73,78,69,66,66,67,70,69,62,71,69,70,69,67,59,64,70,60,72,60,67,60,65,59,63,64,66,70,61,66,61,63,70,60,65,65,66,70,60,60,73,63,68,54,61,60,50,67,63,56,72,64,64,61,62,63,57,69,57,54,57,58,60,51,59,57,58,58,60,63,62,60,52,55,68,59,54,44,55,52,52,67,65,55,58,57,52,62,60,59,62,58,62,62,58,56,52,58,49,44,48,56,56,57,42,46,56,39,52,50,50,52,72,45,48,59,53,64,54,56,50,52,50,57,51,51,61,60,62,56,47,63,55,70,52,59,51,44,57,71,57,59,56,60,54,52,64,55,63,62,57,79,63,62,68,68,71,68,55,56,73,73,57,56,70,66,64,57,63,72,66,66,68,66,62,64,68,46,60,72,56,70,69,62,73,68,69,77,69,59,60,72,71,61,65,59,64,64,66,76,63,68,64,63,61,66,69,64,65,65,73,63,69,65,60,59,70,71,72,77,69,73,59,70,69,66,64,64,73,72,70,81,67,79,67,75,71,69,70,71,75,69,71,69,76,72,74,80,78,75,74,73,80,76,85,80,83,83,72,77,85,81,71,77,88,83,75,82,86,83,79,79,85,86,83,86,82,91,86,87,87,88,78,79,79,90,90,89,93,86,75,94,88,NA,NA,NA,NA,NA,NA,NA,NA,NA,NA,NA,NA,NA,NA,NA,NA,NA,NA
NA,NA,NA,NA,NA,NA,NA,NA,NA,NA,NA,NA,90,90,88,81,81,81,79,99,99,73,90,88,87,85,90,83,80,81,87,88,84,85,84,74,79,84,90,73,74,76,88,83,81,84,82,86,87,82,87,85,85,87,80,76,74,80,83,85,77,79,75,71,70,80,83,82,74,79,82,81,77,75,75,69,78,80,79,71,69,67,71,70,71,71,70,70,72,65,69,67,69,72,75,73,74,59,74,71,67,73,66,80,71,63,62,63,59,56,65,65,63,69,73,59,70,55,64,61,61,64,56,61,68,62,61,62,64,70,58,66,74,67,62,63,54,62,71,69,64,62,63,65,59,59,70,65,55,60,58,64,54,54,62,55,51,63,56,55,47,57,52,59,59,62,59,56,51,59,58,63,62,49,54,65,58,58,53,69,52,59,51,56,65,56,48,63,53,48,47,54,54,54,53,54,47,53,57,45,54,49,46,45,63,58,57,43,48,56,51,48,57,54,50,55,64,46,59,56,57,68,70,84,64,72,67,61,55,50,54,57,48,58,59,60,59,60,60,64,70,61,69,63,62,58,75,66,69,61,76,56,56,57,56,68,67,64,71,62,66,68,70,67,65,69,59,63,72,66,57,65,68,72,60,62,67,64,69,64,63,72,68,65,63,61,75,65,60,63,71,65,57,62,59,59,58,66,70,58,59,78,63,70,65,69,67,71,67,65,58,69,68,69,73,75,69,71,72,66,79,68,69,74,66,68,75,64,75,75,73,67,71,71,73,67,70,70,66,76,77,77,74,83,87,79,80,73,79,80,75,76,79,80,79,74,86,87,77,76,80,84,77,77,77,88,88,90,88,88,79,94,80,80,80,90,89,88,86,88,85,87,87,86,88,NA,NA,NA,NA,NA,NA,NA,NA,NA,NA,NA,NA,NA,NA,NA
NA,NA,NA,NA,NA,NA,NA,NA,NA,NA,NA,NA,80,89,81,80,84,88,99,97,83,74,88,88,88,86,87,88,84,88,83,83,85,75,78,87,77,86,89,79,75,76,78,72,84,85,84,89,84,75,73,73,85,86,88,92,83,81,81,73,63,73,68,78,74,76,77,84,70,70,69,78,79,80,76,76,74,71,72,81,71,75,68,72,78,64,76,80,69,75,61,68,66,71,74,70,69,66,69,71,70,68,67,58,55,67,69,65,73,70,64,53,63,59,61,63,70,63,66,67,75,62,64,65,58,63,62,60,57,57,61,65,65,57,62,49,62,61,67,60,59,64,64,64,57,55,55,56,64,62,64,51,61,65,69,50,66,54,53,62,57,66,65,62,56,52,52,64,60,51,50,56,64,62,62,62,63,55,60,44,64,54,52,60,47,54,61,51,52,58,55,53,54,50,48,62,59,50,56,46,50,49,54,52,51,43,58,55,52,56,53,56,46,53,53,46,47,51,57,56,75,70,59,53,54,47,72,64,61,72,58,58,47,50,61,54,61,54,73,72,55,67,67,63,60,54,57,67,69,71,66,76,65,53,61,57,67,56,63,62,65,67,74,67,68,67,63,65,70,66,57,71,60,61,64,67,66,63,64,73,75,64,65,67,61,62,62,64,72,65,60,61,63,56,60,63,64,63,66,59,60,56,70,74,60,61,67,60,75,62,68,73,64,72,66,66,72,78,73,75,66,72,68,68,74,70,81,62,74,72,76,72,68,71,69,72,65,72,77,79,74,75,73,74,78,73,79,81,76,73,75,78,80,86,77,76,83,88,87,74,76,89,84,78,86,86,77,94,94,92,95,93,95,95,77,87,93,96,86,87,93,85,88,87,NA,NA,NA,NA,NA,NA,NA,NA,NA,NA,NA,NA,NA,NA,NA,NA
NA,NA,NA,NA,NA,NA,NA,NA,NA,NA,NA,92,89,87,89,90,88,97,87,75,77,81,84,85,86,88,86,89,86,85,86,78,73,73,73,85,75,86,89,75,81,91,81,83,84,80,83,67,63,70,69,85,85,83,80,82,88,84,90,82,71,70,76,71,70,77,86,78,80,76,74,73,82,74,73,77,69,72,75,72,69,69,73,74,64,79,80,78,69,72,69,61,74,77,65,73,69,63,64,66,70,63,68,75,64,64,62,68,63,58,62,73,63,54,67,64,72,63,59,61,67,58,69,58,71,55,57,62,71,64,59,64,66,56,65,59,69,60,59,63,67,66,61,56,63,57,56,59,68,63,71,56,63,57,60,67,60,57,65,55,66,58,64,50,56,55,51,59,55,57,52,61,72,61,69,51,58,51,55,63,54,53,55,64,56,56,56,48,50,65,53,58,58,46,56,44,57,47,54,49,46,49,51,50,52,50,43,52,49,59,54,57,59,53,50,42,53,49,44,46,52,65,64,80,54,51,63,76,57,51,65,51,52,58,60,61,61,65,60,65,71,67,72,64,62,60,50,68,53,56,58,66,70,79,72,58,64,76,64,60,57,64,74,73,68,59,66,67,60,76,61,59,78,61,63,57,67,61,66,65,58,55,67,62,59,72,65,58,73,53,66,59,59,59,66,61,67,65,69,62,72,66,58,64,66,64,68,66,68,59,67,63,66,71,67,65,71,64,76,76,70,77,79,71,70,71,70,68,66,71,75,69,72,70,71,66,67,68,75,70,80,75,70,77,80,75,74,76,73,74,70,79,76,79,85,75,73,82,81,88,88,74,75,85,78,89,87,93,93,94,92,93,93,85,85,93,81,78,80,80,89,86,94,96,NA,NA,NA,NA,NA,NA,NA,NA,NA,NA,NA,NA,NA,NA,NA,NA
NA,NA,NA,NA,NA,NA,NA,NA,NA,NA,NA,93,88,89,89,89,89,79,88,90,90,86,89,79,84,87,85,86,88,87,82,81,84,79,70,72,85,80,70,84,74,84,88,80,92,87,87,67,68,74,77,84,84,79,82,86,77,78,76,79,75,76,77,77,79,68,70,79,79,77,82,78,76,73,79,75,77,73,71,72,79,70,70,74,73,64,70,69,63,65,72,68,67,76,71,76,68,75,57,69,75,68,60,66,52,61,62,57,66,62,71,54,67,71,64,56,61,73,67,75,60,66,57,62,62,56,59,61,59,55,63,64,73,65,56,73,64,62,53,57,60,63,66,59,58,54,68,54,67,61,64,52,67,55,53,59,60,57,63,66,53,49,54,55,59,60,58,50,64,70,67,60,49,67,53,63,61,59,61,61,61,59,53,58,58,58,60,59,48,65,56,65,56,56,48,53,47,54,46,53,54,46,54,55,50,51,45,59,59,53,61,53,60,43,58,56,52,61,50,61,52,52,73,60,47,43,46,45,67,73,56,68,58,53,50,55,58,70,56,54,58,70,63,70,57,59,58,63,69,59,62,66,72,71,64,59,61,63,57,65,67,60,63,69,64,73,64,57,57,68,69,72,78,78,65,64,64,64,63,62,65,70,62,59,63,61,65,59,74,74,72,52,64,73,59,65,77,61,77,67,60,66,69,73,56,66,65,63,63,64,66,61,70,70,83,66,61,70,73,62,68,73,67,72,73,73,77,76,77,69,79,70,65,64,70,69,69,75,71,69,75,79,69,81,75,74,78,69,73,76,78,87,81,79,80,76,79,77,76,87,93,86,77,92,92,88,87,88,93,94,93,90,97,94,93,92,79,81,94,85,88,86,94,87,94,NA,NA,NA,NA,NA,NA,NA,NA,NA,NA,NA,NA,NA,NA,NA
NA,NA,NA,NA,NA,NA,NA,NA,NA,NA,NA,90,93,91,86,90,82,88,89,89,85,92,91,86,85,90,89,87,87,88,81,86,77,81,81,82,71,90,86,82,84,82,82,81,90,89,86,72,80,85,81,73,85,86,75,64,88,82,82,84,76,81,73,85,86,72,82,71,79,83,73,77,70,83,70,74,82,70,70,77,79,74,72,75,72,68,77,76,60,63,69,68,58,66,60,72,74,59,64,68,68,70,61,71,63,66,60,58,53,60,62,65,71,65,60,61,63,58,71,66,61,65,60,65,64,60,68,64,56,65,71,64,63,58,59,53,64,69,67,59,60,56,58,56,53,56,57,64,56,54,59,53,49,53,58,49,61,62,66,56,61,57,56,66,60,54,59,54,66,60,60,53,65,60,51,56,62,57,54,56,50,56,57,47,59,60,53,57,62,58,52,48,61,59,49,56,49,51,47,50,61,55,55,46,55,48,52,46,62,52,62,53,50,55,47,54,59,60,59,57,55,52,54,47,62,57,62,50,58,68,52,56,55,58,52,49,58,58,60,58,59,56,63,59,67,64,64,63,68,65,74,67,65,62,71,70,65,67,63,60,69,68,71,65,66,73,64,64,54,65,66,75,77,76,70,66,61,65,65,70,68,63,68,63,72,62,64,65,59,66,67,56,65,70,64,72,62,63,60,67,60,65,57,65,60,67,64,65,61,61,58,72,73,73,71,74,66,78,65,65,66,73,66,73,73,74,70,71,76,71,67,72,64,75,68,68,75,68,69,79,72,67,70,87,70,74,69,75,88,85,79,79,75,88,75,79,71,85,90,76,90,87,93,89,87,91,89,86,88,87,98,97,81,88,89,87,90,89,89,94,88,97,88,88,96,96,NA,NA,NA,NA,NA,NA,NA,NA,NA,NA,NA,NA,NA,NA
NA,NA,NA,NA,NA,NA,NA,NA,NA,NA,92,NA,91,89,86,91,81,77,91,91,90,88,87,88,85,85,86,86,89,90,91,86,84,83,83,80,80,89,80,80,82,74,77,70,95,91,88,85,83,89,74,72,84,91,88,81,72,80,81,74,75,79,81,81,80,86,89,79,77,75,78,82,79,75,72,77,76,70,73,62,79,72,77,73,78,68,71,70,75,70,69,69,68,75,73,72,67,69,61,63,63,62,63,73,63,62,63,63,63,65,55,70,64,55,73,53,70,70,53,67,61,55,66,58,67,64,69,66,51,67,57,64,64,59,69,74,58,55,54,64,61,66,65,57,62,64,62,58,60,61,61,60,60,58,65,65,58,58,65,62,58,64,50,64,64,48,60,49,58,59,64,74,69,61,67,57,66,58,70,61,56,65,49,63,60,64,70,58,61,61,64,64,58,54,51,52,49,60,46,60,54,59,58,67,52,56,58,62,66,59,51,46,56,56,55,60,59,65,57,59,66,64,55,64,48,45,64,57,71,60,48,57,54,44,65,53,57,56,61,54,64,62,57,62,66,64,62,68,70,74,76,70,78,74,54,62,85,71,71,71,72,64,62,63,68,72,61,69,62,61,52,74,71,66,67,66,68,65,60,65,68,57,63,70,57,78,82,56,62,61,64,63,69,68,82,66,67,62,77,59,64,65,63,64,57,59,56,60,64,79,77,82,69,64,79,81,80,71,72,63,70,77,73,75,70,74,59,72,68,70,69,71,74,68,73,78,70,73,71,70,76,82,73,78,76,72,79,84,79,81,82,78,84,73,89,71,75,84,83,87,87,88,77,93,90,93,91,85,87,83,85,80,83,88,81,94,94,94,78,78,93,97,94,94,84,NA,NA,NA,NA,NA,NA,NA,NA,NA,NA,NA,NA,NA,NA,NA
NA,NA,NA,NA,NA,NA,NA,NA,NA,NA,92,89,90,92,87,88,91,85,90,88,89,92,88,83,89,84,91,86,87,82,84,80,85,83,81,84,84,80,85,85,81,91,87,81,82,85,83,83,77,75,80,80,79,72,72,83,76,73,79,74,77,74,75,82,77,71,74,83,76,76,72,70,74,73,78,72,72,79,71,74,66,66,82,78,67,80,69,64,67,71,72,75,65,62,73,69,70,66,70,67,74,67,67,62,60,68,58,65,67,69,57,75,63,62,65,60,51,69,59,71,69,72,69,65,62,70,76,67,76,72,67,54,59,75,63,66,57,54,80,59,61,61,63,64,62,57,72,70,62,57,54,65,58,55,60,63,63,74,56,51,61,65,60,54,68,58,58,61,66,57,66,81,52,59,59,53,68,68,57,61,63,68,60,65,54,56,62,64,60,51,62,60,62,67,52,55,58,48,48,49,70,42,52,57,47,52,57,63,49,64,69,55,62,56,60,50,58,61,44,53,57,61,52,53,56,57,51,56,77,64,64,55,60,58,49,44,64,50,61,61,60,71,67,59,54,60,54,68,69,78,63,80,68,63,69,63,71,60,76,77,56,69,63,61,71,65,65,67,49,63,52,75,69,68,63,66,54,73,72,58,56,64,65,73,77,62,75,61,71,69,72,81,69,70,70,64,71,68,58,66,70,64,61,60,71,70,67,70,85,81,68,79,61,77,67,72,65,86,63,75,78,58,70,65,75,74,68,61,75,61,74,66,74,75,67,71,74,82,81,68,81,75,81,77,69,83,82,79,83,81,81,72,85,85,88,80,81,82,80,75,76,74,88,76,84,85,85,85,92,95,95,93,80,81,86,94,88,81,83,92,87,85,93,94,94,NA,NA,NA,NA,NA,NA,NA,NA,NA,NA,NA,NA,NA,NA,NA
NA,NA,NA,NA,NA,NA,NA,NA,NA,NA,NA,NA,92,91,87,88,90,91,93,92,91,91,87,85,87,91,89,89,83,82,82,84,81,82,85,79,72,80,82,80,68,86,89,87,82,78,72,74,82,79,74,77,83,80,81,80,80,78,81,77,79,79,82,73,74,83,77,85,75,82,77,80,79,76,81,75,75,74,72,77,70,71,74,75,67,69,70,72,76,66,73,55,64,73,61,67,68,70,72,70,72,70,65,61,57,62,64,64,72,59,58,71,57,66,67,65,65,64,66,68,67,64,66,55,70,75,59,72,67,61,66,65,71,55,59,61,65,66,63,80,61,63,60,63,57,59,63,63,61,53,60,62,58,67,64,56,68,67,55,53,62,56,61,60,61,66,56,57,53,76,64,58,72,69,61,61,55,52,65,55,62,50,64,77,51,54,51,56,69,61,50,59,54,48,54,39,60,51,53,56,59,48,53,57,49,60,63,50,49,58,64,60,64,64,54,60,49,64,52,45,71,47,54,58,71,63,52,53,50,52,58,53,61,64,68,68,59,55,57,69,59,49,58,60,71,76,60,67,63,83,72,68,61,77,70,57,81,72,63,75,76,76,73,60,60,68,75,71,67,66,67,69,66,72,69,70,69,66,68,75,67,63,77,70,73,69,65,69,69,72,58,70,56,71,63,74,70,79,71,67,59,68,66,75,75,80,67,69,67,65,66,71,79,76,86,85,68,74,79,60,62,65,67,60,76,78,76,74,78,65,64,70,70,68,80,75,83,84,79,80,75,75,80,80,80,83,78,80,77,82,82,83,86,88,80,83,85,86,85,85,84,84,85,86,87,84,87,86,88,92,90,87,86,91,96,95,95,95,93,91,92,95,94,94,NA,NA,NA,NA,NA,NA,NA,NA,NA,NA,NA,NA,NA,NA,NA,NA
NA,NA,NA,NA,NA,NA,NA,NA,NA,NA,NA,NA,87,93,93,87,93,87,91,90,88,86,91,78,88,89,89,90,88,88,87,84,85,80,87,83,76,70,82,78,82,84,78,86,86,85,74,79,82,84,83,82,82,81,77,84,72,81,81,81,83,80,81,81,78,78,81,71,83,78,81,84,81,75,79,80,64,76,73,79,72,72,78,68,71,73,69,72,66,62,56,71,78,75,76,73,72,72,79,62,70,62,67,66,67,65,69,58,60,64,64,61,71,77,64,56,82,69,68,76,62,73,76,62,73,81,75,68,79,72,70,78,63,67,62,60,69,68,64,61,61,56,60,58,60,72,71,59,57,56,57,66,63,68,66,62,63,60,59,51,53,64,66,62,62,61,55,59,55,69,55,47,63,60,69,62,58,55,77,52,55,66,51,72,53,62,60,53,52,57,65,58,55,50,52,53,55,55,61,50,45,49,59,52,52,57,56,54,54,62,56,54,52,50,62,54,65,65,57,55,60,52,59,55,61,55,65,52,57,56,53,56,58,71,66,56,50,54,73,62,60,60,57,61,59,67,64,68,68,73,71,70,51,69,69,71,69,59,57,70,79,77,73,81,76,79,62,53,70,77,72,76,78,73,64,73,70,68,71,67,68,62,65,71,62,66,57,75,69,66,58,63,68,56,52,68,73,65,62,63,65,67,71,75,72,81,64,63,85,75,80,74,66,81,75,81,83,82,66,76,76,73,65,72,66,72,68,69,73,80,77,71,71,64,70,80,82,85,81,81,88,84,74,81,81,84,77,86,81,76,78,82,75,86,77,83,81,87,79,91,91,82,83,90,91,93,84,84,84,85,94,80,94,90,95,91,84,85,84,84,90,85,95,95,95,NA,NA,NA,NA,NA,NA,NA,NA,NA,NA,NA,NA,NA,NA,NA
NA,NA,NA,NA,NA,NA,NA,NA,NA,NA,NA,91,NA,91,92,85,92,92,85,90,84,79,91,84,85,87,89,89,88,82,84,84,83,84,84,81,82,76,84,80,89,74,78,85,81,81,80,82,82,76,77,85,86,77,72,78,68,74,72,79,78,81,75,77,85,83,73,75,74,68,73,77,68,75,74,75,76,65,76,78,77,81,80,72,76,72,66,70,71,68,72,73,74,69,71,68,78,77,77,60,73,63,62,68,70,63,67,60,67,65,69,66,65,73,68,75,67,57,77,63,59,60,69,82,57,78,71,57,71,70,78,72,56,66,64,59,63,66,53,62,71,71,68,68,64,68,63,63,60,62,59,63,65,56,55,59,67,72,58,49,57,59,65,58,61,57,68,66,55,72,64,62,64,67,50,69,67,61,64,67,56,61,66,58,71,57,46,46,56,58,63,59,59,58,57,59,59,59,61,54,53,48,54,58,47,60,56,54,49,52,62,51,64,67,49,55,62,50,48,52,57,53,62,49,54,49,61,68,51,55,52,64,54,69,76,59,54,58,52,56,57,59,57,54,64,63,58,69,68,59,68,72,67,60,54,68,68,68,46,74,62,72,66,75,73,74,69,81,80,78,69,72,72,76,67,69,66,69,68,67,84,66,66,59,67,55,74,70,71,72,74,73,67,63,61,70,62,71,58,68,75,76,63,71,80,63,65,83,70,62,66,65,68,80,76,88,70,65,87,65,70,83,84,63,69,66,76,66,73,78,71,73,79,79,78,69,81,65,84,84,86,81,81,80,82,84,75,77,84,83,76,77,85,84,85,82,83,80,78,91,81,90,80,89,90,84,86,92,86,84,85,83,84,94,86,84,96,90,94,85,87,94,95,94,NA,NA,NA,NA,NA,NA,NA,NA,NA,NA,NA,NA,NA,NA,NA,NA
NA,NA,NA,NA,NA,NA,NA,NA,NA,NA,NA,NA,91,92,91,90,92,90,90,89,88,79,90,85,88,89,92,88,88,89,87,88,86,83,83,80,82,79,79,80,82,81,80,79,86,87,81,79,84,87,86,78,77,73,84,82,78,79,77,84,82,84,80,80,83,78,81,76,72,72,75,78,75,73,72,75,75,80,72,74,77,75,70,72,71,71,79,63,76,60,74,74,73,69,69,64,63,75,65,65,69,65,59,61,66,80,65,61,68,76,76,65,60,82,80,74,66,66,73,68,60,69,66,69,73,65,55,72,64,70,73,61,59,60,59,76,62,70,55,70,61,66,62,59,54,62,63,63,71,60,63,60,75,69,57,57,56,59,51,61,66,58,62,65,60,73,60,70,68,66,67,60,76,71,51,74,62,67,66,59,52,53,51,66,60,57,56,59,51,62,61,50,52,57,43,59,49,55,44,66,50,59,68,50,55,48,59,54,67,58,54,58,51,58,51,64,69,57,49,71,62,47,51,60,58,54,60,64,58,56,59,58,62,62,56,61,62,62,70,59,78,66,67,62,63,58,58,61,52,61,76,51,61,55,69,71,62,64,78,81,57,73,83,77,69,72,73,70,72,80,69,68,76,81,77,66,71,62,67,69,70,71,55,71,60,63,71,73,68,68,65,73,76,64,74,61,68,64,66,64,65,65,68,71,76,73,79,75,66,69,67,65,68,79,64,67,83,76,78,80,94,72,79,66,64,65,68,78,78,76,72,68,75,80,72,64,77,76,67,79,79,75,79,79,83,76,77,82,81,80,82,78,82,78,81,78,79,86,78,91,78,82,85,87,93,83,79,85,85,87,85,81,93,89,89,94,88,95,84,94,95,87,95,85,NA,NA,NA,NA,NA,NA,NA,NA,NA,NA,NA,NA,NA,NA,NA,NA
NA,NA,NA,NA,NA,NA,NA,NA,NA,NA,NA,NA,92,93,94,91,83,91,93,88,78,79,87,90,90,88,89,91,86,91,89,90,86,85,83,86,84,81,83,81,85,84,80,78,86,82,83,86,82,81,82,80,84,86,78,83,78,82,77,84,85,78,73,83,79,78,75,69,80,76,71,68,78,80,83,71,83,79,75,75,79,71,74,74,69,79,74,72,75,65,68,74,68,77,66,67,64,69,69,73,56,64,64,63,67,58,71,62,71,65,65,66,69,68,73,75,75,69,72,66,67,64,70,79,57,68,71,62,64,82,79,73,71,74,60,70,63,53,65,56,67,69,65,66,73,66,70,70,56,67,64,59,55,60,57,59,68,59,65,64,73,71,61,62,64,68,73,66,71,67,61,69,61,60,68,66,73,69,65,58,60,66,75,50,60,69,58,51,52,69,50,60,54,60,62,58,61,48,67,65,55,57,58,64,53,66,62,52,57,60,63,57,56,49,60,57,57,56,64,66,67,55,50,54,65,60,58,54,54,59,49,57,59,54,69,59,63,55,64,69,63,57,60,67,57,65,50,66,68,69,60,66,57,70,63,74,72,69,59,76,73,56,69,76,72,74,79,81,75,76,72,70,64,72,77,68,75,74,68,67,65,69,72,60,55,68,72,70,73,76,72,81,66,67,80,66,56,74,69,70,69,71,75,65,62,63,71,66,67,62,65,65,76,77,63,71,61,79,79,83,83,71,78,59,75,62,70,68,65,77,76,74,76,80,72,77,69,67,79,79,81,88,86,82,80,80,82,85,72,78,80,80,80,85,79,80,89,76,89,83,83,88,83,89,81,86,89,91,84,81,85,87,88,85,92,86,89,87,88,86,95,NA,90,95,NA,NA,NA,NA,NA,NA,NA,NA,NA,NA,NA,NA,NA,NA,NA,NA
NA,NA,NA,NA,NA,NA,NA,NA,NA,NA,NA,NA,NA,90,90,94,92,92,88,78,92,77,77,93,84,93,85,95,95,86,88,83,85,82,83,80,82,80,80,81,82,78,82,78,83,77,89,78,76,84,75,82,79,83,78,82,83,77,76,80,83,82,77,75,77,72,67,71,84,78,75,68,83,77,77,77,70,69,65,72,77,76,76,75,80,81,75,79,78,73,71,65,64,70,70,65,70,66,77,69,75,66,62,66,59,67,68,80,73,64,69,71,74,78,79,80,77,69,67,76,73,71,73,68,57,63,60,67,76,52,73,73,64,57,64,63,66,68,64,73,62,56,66,61,57,71,59,59,64,53,63,47,56,58,66,65,65,61,71,63,49,67,66,65,73,70,64,65,61,59,63,57,61,58,61,62,73,54,56,61,53,74,67,65,64,53,56,56,67,61,52,64,58,53,54,59,48,56,65,57,52,53,63,52,57,60,46,52,63,49,60,61,50,56,63,56,60,55,60,57,67,64,53,51,59,54,47,69,55,52,57,58,66,59,70,66,60,57,70,48,72,59,55,60,62,67,71,53,54,65,71,72,67,72,71,76,60,68,60,55,71,78,64,57,52,76,68,80,73,76,77,66,67,83,63,72,69,72,66,64,71,72,75,70,73,73,77,74,71,76,67,70,65,63,75,78,67,74,69,66,66,72,59,68,74,68,72,75,72,63,65,68,66,75,70,69,65,65,70,68,81,84,68,79,70,77,79,80,74,76,73,78,79,74,82,83,74,78,76,83,81,78,84,80,78,81,79,84,89,88,82,78,81,75,76,82,85,78,84,86,86,87,91,86,79,91,84,89,92,85,85,88,88,88,92,87,92,89,87,85,89,86,95,NA,NA,NA,NA,NA,NA,NA,NA,NA,NA,NA,NA,NA,NA,NA,NA,NA
NA,NA,NA,NA,NA,NA,NA,NA,NA,NA,NA,NA,NA,90,90,90,90,93,90,78,79,79,77,90,95,95,91,77,80,88,91,90,90,82,83,78,82,81,79,85,83,79,82,85,83,79,81,84,91,89,74,77,77,75,86,81,78,75,82,76,80,81,76,78,79,80,74,71,74,78,81,76,71,78,72,66,71,80,66,77,71,83,66,74,68,68,72,73,71,83,62,65,63,64,61,54,64,71,62,67,62,70,80,63,76,67,64,69,71,66,74,77,79,86,68,73,77,76,71,65,63,74,71,68,76,67,64,61,57,70,72,68,63,65,60,67,54,54,70,64,65,63,64,64,67,66,70,64,57,59,59,67,61,53,66,49,61,59,59,61,64,63,62,61,76,63,72,65,64,57,72,65,63,59,61,67,73,71,51,58,51,65,62,46,73,69,46,64,57,56,60,60,52,56,58,63,50,63,59,60,57,50,65,56,46,67,53,56,53,57,48,53,57,56,58,62,48,62,54,57,57,52,55,49,59,54,58,54,55,60,65,59,70,61,57,66,60,57,58,57,53,58,56,71,64,60,51,55,56,64,58,71,61,65,68,61,73,63,69,64,51,67,68,77,74,72,53,77,73,64,67,69,66,63,80,67,62,70,72,66,77,73,73,72,69,70,72,85,75,62,71,65,75,67,69,64,73,60,72,67,64,67,64,72,65,68,83,67,65,68,72,77,66,65,71,77,81,81,81,71,62,69,71,81,71,74,69,78,78,74,71,79,81,80,80,75,85,81,79,83,86,86,81,85,84,79,82,82,81,80,84,77,93,84,80,81,78,81,78,76,86,81,89,88,86,84,91,90,83,90,97,90,91,91,92,82,82,82,82,89,84,87,NA,NA,NA,NA,NA,NA,NA,NA,NA,NA,NA,NA,NA,NA,NA,NA,NA,NA
NA,NA,NA,NA,NA,NA,NA,NA,NA,NA,NA,NA,NA,NA,NA,90,93,88,94,93,94,85,86,88,91,92,89,89,89,83,84,92,86,90,84,83,79,85,84,77,80,80,85,92,84,82,83,82,81,86,84,81,76,87,81,79,85,87,80,82,80,86,78,72,77,78,73,74,79,74,79,85,74,74,76,76,72,73,70,72,76,77,76,73,71,74,74,75,69,67,66,67,60,67,69,72,66,71,70,69,70,75,71,72,68,69,77,65,81,83,74,76,77,64,69,79,72,73,68,72,73,65,75,65,63,58,65,79,70,64,65,58,60,71,60,64,58,66,67,65,67,57,63,60,61,59,62,71,53,69,56,68,55,62,62,59,68,67,59,77,67,57,63,64,66,63,67,57,61,59,63,61,62,69,60,69,52,55,57,60,62,75,59,59,54,63,67,66,63,59,73,54,60,48,57,65,56,49,56,58,57,66,58,55,50,55,68,74,59,64,55,61,53,59,52,58,54,54,61,61,64,57,63,57,51,61,62,59,53,62,52,59,60,63,54,58,66,51,50,52,64,66,64,61,50,59,53,64,63,70,66,63,69,62,74,64,63,62,70,68,69,69,76,69,67,74,71,72,77,82,80,87,71,78,59,85,69,65,69,66,77,63,78,68,80,84,72,66,66,69,81,76,58,67,61,65,70,67,74,70,71,61,63,61,66,67,63,66,68,61,68,69,69,68,63,66,65,74,72,79,65,74,72,77,65,74,73,68,82,76,75,74,80,65,67,70,70,77,77,81,82,70,78,82,80,75,83,74,85,85,79,87,77,76,93,89,78,82,79,83,78,89,83,81,83,86,86,86,93,93,81,86,90,93,92,92,88,82,83,87,87,87,NA,NA,NA,NA,NA,NA,NA,NA,NA,NA,NA,NA,NA,NA,NA,NA,NA,NA
NA,NA,NA,NA,NA,NA,NA,NA,NA,NA,NA,NA,NA,NA,88,88,93,92,92,92,87,86,85,87,94,77,77,74,84,90,92,90,77,87,86,83,78,87,90,92,80,77,80,88,91,88,88,82,80,76,73,78,77,82,82,80,80,79,76,82,83,77,78,78,77,80,76,73,84,84,80,78,75,78,75,76,79,75,75,79,78,78,79,82,64,67,76,67,66,74,70,70,65,66,66,63,73,66,78,68,68,71,76,64,64,76,72,83,75,77,69,65,80,69,82,72,72,76,72,70,69,72,65,64,67,70,66,64,66,69,72,65,60,66,74,63,63,64,63,72,66,57,63,65,54,59,65,59,60,60,56,69,70,62,68,61,59,64,68,63,60,71,65,68,75,68,66,64,62,62,59,67,72,64,53,62,65,55,56,65,62,70,62,70,63,60,67,47,64,49,66,55,66,56,65,51,55,53,57,57,53,54,56,44,63,71,57,68,57,66,63,53,60,71,55,59,51,74,58,50,57,61,66,60,67,69,57,63,70,60,49,70,63,62,60,64,55,71,67,63,68,51,68,55,68,66,64,60,64,72,84,65,66,61,75,68,65,71,77,72,68,60,80,73,75,77,54,78,74,75,73,82,82,74,71,80,70,66,70,62,68,69,67,81,68,74,67,68,88,76,63,86,77,65,73,88,66,72,61,76,62,68,62,67,63,72,60,65,74,70,57,77,69,68,61,68,75,71,70,71,73,81,68,76,74,75,80,83,84,75,74,77,75,78,63,78,79,81,74,81,76,81,86,86,84,74,87,86,83,80,77,79,80,89,93,81,89,77,84,82,90,88,85,85,84,88,81,93,91,94,96,88,84,93,95,95,91,88,82,87,89,86,88,89,NA,NA,NA,NA,NA,NA,NA,NA,NA,NA,NA,NA,NA,NA,NA,NA
NA,NA,NA,NA,NA,NA,NA,NA,NA,NA,NA,NA,88,87,89,86,87,94,88,87,93,93,97,88,91,78,91,90,92,78,91,92,77,82,89,91,84,81,81,86,87,81,93,90,84,79,85,81,84,88,84,84,82,79,83,74,81,76,77,83,78,87,80,70,73,73,74,81,79,71,78,78,70,78,73,75,75,79,64,80,68,81,75,73,71,71,74,75,64,66,71,69,65,67,62,70,72,63,68,83,80,67,69,73,68,71,79,71,74,59,63,74,74,76,72,72,75,68,63,68,70,57,68,61,65,69,65,64,57,70,57,54,61,63,58,63,60,63,63,58,63,64,68,59,60,56,69,81,66,61,53,57,66,65,61,66,65,62,65,74,67,72,59,67,58,64,61,61,69,53,58,76,60,54,59,71,52,56,53,66,58,68,74,57,48,55,46,56,50,67,66,64,60,50,54,53,61,60,58,73,45,63,49,51,58,61,62,72,68,65,56,68,50,60,55,60,61,58,56,63,56,48,63,60,54,62,54,57,53,53,70,56,68,52,65,60,67,64,68,60,60,67,71,50,65,55,64,69,52,69,70,68,65,75,62,82,54,68,61,70,80,75,60,71,79,64,72,69,70,77,71,83,86,64,65,70,77,62,74,67,83,78,69,69,73,69,80,71,67,78,66,58,60,83,66,66,77,66,62,73,85,64,66,69,61,66,65,80,72,63,62,69,72,72,70,66,69,73,65,73,66,65,73,69,80,70,76,74,75,83,75,68,80,77,77,69,68,71,83,73,79,76,79,79,86,83,80,69,75,86,85,80,83,82,88,89,84,85,92,86,89,81,87,85,88,82,90,82,83,80,80,82,81,89,78,80,89,91,89,83,82,82,81,NA,NA,NA,NA,NA,NA,NA,NA,NA,NA,NA,NA,NA,NA,NA,NA,NA
NA,NA,NA,NA,NA,NA,NA,NA,NA,NA,NA,NA,NA,95,88,93,89,88,94,90,86,97,97,95,86,88,96,77,80,80,85,82,81,90,81,76,91,90,83,88,85,91,89,81,86,90,81,79,76,80,81,78,81,83,86,71,79,84,91,86,85,81,83,82,75,81,70,75,75,76,84,79,74,77,76,76,79,75,72,77,75,73,81,71,76,64,73,68,74,70,66,64,65,73,67,78,77,64,77,77,78,72,68,71,73,68,77,69,62,65,80,75,80,80,79,69,66,72,69,69,70,71,63,57,69,63,67,66,62,69,64,65,63,71,63,62,55,64,63,67,63,75,62,62,61,77,71,64,64,63,68,63,59,63,56,68,68,75,68,55,59,60,61,67,72,54,66,48,66,54,57,54,51,49,71,58,57,54,66,56,54,69,72,51,64,71,62,52,57,67,63,66,58,54,52,60,66,52,49,50,63,56,63,66,54,57,67,64,63,54,59,49,58,67,63,60,60,57,71,54,62,56,58,53,62,58,58,76,56,52,60,67,62,65,54,65,75,63,62,81,68,64,61,62,54,63,62,69,66,61,82,75,67,65,62,68,58,69,66,80,72,70,72,64,74,75,63,73,73,91,85,84,77,74,76,73,78,66,86,70,72,76,70,84,80,75,70,74,70,72,62,87,88,92,66,62,67,65,75,66,71,84,89,62,67,67,79,66,65,66,60,63,67,63,63,64,75,64,70,70,72,63,67,73,76,77,86,74,73,68,71,80,73,72,69,77,71,79,66,68,79,82,80,88,80,75,83,78,84,73,85,83,78,87,83,88,85,86,88,87,87,92,88,83,80,84,86,84,77,83,91,82,82,81,80,93,92,83,89,91,83,NA,NA,NA,NA,NA,NA,NA,NA,NA,NA,NA,NA,NA,NA,NA,NA,NA,NA,NA
NA,NA,NA,NA,NA,NA,NA,NA,NA,NA,NA,NA,NA,96,94,90,89,87,92,86,88,86,95,89,84,95,91,94,92,83,81,93,90,82,87,89,78,91,90,92,93,90,93,90,82,86,90,82,81,80,76,87,86,86,80,87,74,84,78,78,82,82,79,75,81,75,78,86,75,77,71,77,69,78,77,71,81,82,87,81,81,69,69,66,78,74,78,80,66,66,67,70,73,72,59,68,72,76,79,69,65,73,79,69,68,80,81,68,68,73,87,68,64,66,77,68,70,64,68,69,64,69,74,78,71,74,73,70,58,67,70,68,74,73,69,66,74,59,72,65,64,77,60,67,64,64,69,55,65,67,67,66,60,63,61,67,61,61,61,69,65,64,64,60,62,68,59,53,51,64,52,72,60,56,60,53,58,57,66,57,50,69,60,63,67,65,57,65,51,50,53,51,61,58,56,54,64,60,55,60,67,64,50,48,60,58,68,65,63,64,67,50,61,63,58,69,56,50,59,61,54,63,55,57,56,54,56,63,71,55,59,58,63,57,54,55,62,61,65,62,59,58,62,52,60,72,63,50,66,67,62,77,69,59,71,65,57,64,71,71,82,84,70,65,67,62,78,76,68,71,79,78,79,69,77,80,73,73,74,79,70,70,70,79,85,85,87,83,85,82,76,64,89,84,83,82,88,60,88,69,78,72,84,68,56,67,63,63,63,67,75,56,67,62,65,67,70,63,62,71,72,68,70,75,67,77,71,69,73,71,72,81,72,67,68,72,76,83,74,82,71,79,85,78,74,81,78,84,80,80,78,76,86,88,89,85,74,86,85,86,88,85,93,89,91,89,83,81,84,78,82,82,91,89,88,89,94,82,92,82,82,NA,NA,NA,NA,NA,NA,NA,NA,NA,NA,NA,NA,NA,NA,NA,NA,NA,NA,NA
NA,NA,NA,NA,NA,NA,NA,NA,NA,NA,NA,NA,NA,96,90,87,88,88,92,92,87,84,86,94,94,88,85,82,96,91,84,87,91,77,83,82,94,79,79,93,91,90,78,82,84,91,78,78,86,76,82,83,85,86,71,79,80,77,75,84,76,75,80,73,78,79,81,77,73,72,70,70,69,76,80,80,79,74,72,78,73,70,85,68,68,82,84,67,63,77,67,82,68,69,73,78,74,77,80,79,81,70,76,71,78,78,67,69,74,76,75,77,73,77,66,64,70,78,69,69,78,73,58,67,77,64,69,64,62,78,59,64,63,61,65,65,69,75,61,67,73,68,70,60,71,80,82,70,61,67,59,65,71,57,68,59,58,63,67,68,58,53,60,64,76,72,75,65,48,60,57,64,79,67,71,59,57,50,51,58,59,51,56,56,61,62,53,73,68,63,61,64,58,71,58,57,52,60,52,58,75,55,73,59,61,50,60,65,54,73,60,56,62,64,64,66,55,53,63,56,49,59,69,63,58,60,66,67,56,59,65,67,64,58,54,61,63,55,60,72,78,66,65,65,54,62,61,57,62,65,52,54,68,72,62,71,56,64,65,67,74,71,73,81,72,61,72,67,70,75,72,88,84,83,75,78,89,81,75,76,69,82,67,76,75,77,80,84,82,84,87,84,85,84,59,88,85,89,91,88,66,93,69,75,65,72,68,74,68,65,62,63,65,60,68,66,72,64,70,68,67,69,66,71,69,68,76,81,79,78,72,66,73,71,79,71,68,74,72,85,81,72,75,71,75,86,79,85,80,76,79,76,76,82,72,91,82,88,90,89,87,89,87,94,88,83,83,84,90,88,86,85,82,87,89,89,90,90,84,79,NA,NA,NA,NA,NA,NA,NA,NA,NA,NA,NA,NA,NA,NA,NA,NA,NA,NA,NA,NA
NA,NA,NA,NA,NA,NA,NA,NA,NA,NA,NA,NA,NA,NA,NA,86,96,89,86,91,96,86,95,93,94,92,94,98,95,83,85,84,92,86,87,93,87,77,93,85,91,82,83,83,81,83,84,80,83,89,87,82,78,78,81,82,83,83,91,88,74,78,80,79,79,78,75,74,72,73,82,75,79,74,88,77,87,76,88,66,84,77,69,67,71,85,82,81,70,78,73,65,66,64,78,79,75,72,81,77,79,74,62,77,67,77,72,67,74,71,72,71,73,70,75,69,62,79,71,73,76,71,70,66,63,70,67,66,72,61,58,63,64,61,66,65,68,63,72,75,70,70,64,63,76,61,63,73,60,57,72,67,70,70,76,65,68,60,70,68,67,62,71,60,72,74,58,66,57,57,59,54,77,54,64,58,57,59,51,56,57,71,64,64,67,58,50,56,57,59,52,53,68,58,54,56,57,61,67,57,59,47,64,58,55,67,59,59,66,58,83,67,50,55,65,67,59,51,60,67,70,57,64,67,64,65,60,64,56,59,66,60,57,70,69,60,56,67,62,58,61,69,65,58,60,60,55,48,58,67,56,54,72,74,76,67,70,64,63,74,75,72,82,81,65,82,70,78,67,72,67,67,62,73,75,78,80,71,77,83,80,75,74,75,74,84,88,81,86,85,85,85,80,81,76,82,83,90,85,89,89,87,83,84,67,71,60,57,66,68,70,74,71,69,63,60,62,65,60,63,73,68,72,74,69,63,67,71,75,74,76,75,76,73,69,77,75,75,77,70,80,68,73,73,72,79,85,80,77,81,83,80,87,87,91,91,91,91,89,86,87,89,89,89,86,88,84,89,85,90,90,80,79,89,90,89,83,83,83,83,NA,NA,NA,NA,NA,NA,NA,NA,NA,NA,NA,NA,NA,NA,NA,NA,NA,NA,NA,NA
NA,NA,NA,NA,NA,NA,NA,NA,NA,NA,NA,NA,NA,NA,NA,87,96,88,89,89,96,81,85,86,80,89,94,83,88,97,74,85,76,89,88,94,90,78,82,79,76,84,75,84,84,82,82,78,85,81,80,86,89,84,83,80,89,84,73,74,80,70,82,74,78,70,78,70,69,76,78,81,82,85,85,79,77,81,81,84,82,86,83,81,76,80,85,71,69,73,68,75,73,72,74,67,72,83,72,76,78,74,81,71,72,67,76,82,68,75,77,73,65,64,76,75,69,75,67,76,68,69,69,64,73,67,67,65,56,71,67,67,75,62,68,57,58,65,68,62,75,67,73,70,66,65,65,54,68,70,73,66,69,58,51,68,72,80,75,60,74,74,66,67,80,70,69,67,54,58,55,56,61,59,59,58,62,58,47,60,56,70,59,49,81,58,54,56,59,77,62,72,57,48,58,68,65,71,60,63,51,54,49,59,67,66,66,63,75,45,65,62,61,58,56,50,56,63,66,63,69,62,57,48,63,51,67,61,55,58,65,65,51,59,57,57,64,72,67,65,65,62,66,62,47,72,50,62,56,74,56,64,66,60,75,59,68,73,59,68,70,55,77,73,68,76,69,71,64,73,76,72,79,83,77,76,81,77,71,75,88,71,70,81,79,74,63,79,68,94,88,86,78,85,82,81,80,79,60,88,59,61,65,74,58,65,55,72,67,61,67,70,66,68,67,67,72,67,69,65,61,73,72,69,68,63,77,70,72,74,69,75,71,72,69,67,69,75,74,76,74,72,77,67,72,88,86,72,81,78,78,81,89,85,80,91,92,92,92,93,89,95,89,87,92,88,92,85,75,74,83,88,85,83,90,89,82,82,83,87,NA,NA,NA,NA,NA,NA,NA,NA,NA,NA,NA,NA,NA,NA,NA,NA,NA,NA,NA,NA
NA,NA,NA,NA,NA,NA,NA,NA,NA,NA,NA,NA,NA,NA,96,85,87,97,88,90,85,84,94,86,96,80,88,83,84,76,81,88,83,95,88,79,83,85,91,91,82,73,77,84,81,78,81,84,88,82,89,82,77,90,82,82,87,85,84,85,70,69,74,82,76,75,73,76,84,81,68,86,86,81,82,75,79,74,79,88,83,80,82,80,81,86,67,80,64,63,71,79,79,76,78,72,79,73,61,73,72,76,81,80,78,70,80,77,75,77,72,71,68,68,68,65,71,67,75,71,74,74,64,74,75,69,74,64,70,72,67,67,67,64,70,65,70,67,70,68,68,71,67,72,69,66,56,56,64,69,62,64,65,70,77,70,60,65,72,59,69,62,71,69,67,67,59,58,71,60,47,74,58,57,65,64,54,58,64,59,55,60,64,55,60,57,77,59,68,63,52,71,55,58,59,59,69,73,60,71,58,65,49,42,63,73,56,58,60,54,53,69,63,56,61,66,65,56,67,60,69,63,61,55,66,59,69,54,61,60,64,66,65,56,72,62,54,61,57,53,69,72,58,55,48,62,69,62,67,61,57,67,72,64,57,73,70,73,80,71,73,74,78,77,69,78,74,75,81,58,76,77,72,75,70,79,79,86,83,75,79,69,77,71,86,72,74,81,76,80,72,88,85,86,83,76,81,91,78,64,63,89,68,83,68,66,57,64,62,67,66,66,68,68,64,66,75,76,68,80,70,68,75,71,66,75,69,80,71,71,70,73,72,68,74,64,81,77,73,73,80,73,76,64,78,89,80,74,77,78,73,77,76,94,86,84,78,92,85,95,88,94,87,86,84,90,85,83,87,82,92,90,88,82,83,84,83,86,82,90,87,NA,NA,NA,NA,NA,NA,NA,NA,NA,NA,NA,NA,NA,NA,NA,NA,NA,NA,NA
NA,NA,NA,NA,NA,NA,NA,NA,NA,NA,NA,NA,NA,NA,96,85,87,87,97,98,93,84,76,84,87,86,83,83,81,86,87,84,89,88,88,76,92,79,92,83,78,77,84,80,85,80,85,87,80,83,83,84,81,82,79,83,86,71,72,85,79,81,75,83,81,83,83,82,80,72,83,79,84,75,82,81,86,80,84,78,87,84,77,83,74,78,66,76,78,75,81,74,74,75,75,87,73,73,70,80,77,67,75,82,76,74,72,76,75,75,74,72,61,66,68,78,74,63,63,68,71,74,61,64,67,65,71,64,69,67,62,67,71,68,68,72,67,75,58,63,69,56,66,72,76,74,76,71,78,74,70,65,60,78,72,78,70,62,74,66,58,72,67,60,60,68,60,65,71,69,66,64,63,61,67,65,50,58,57,51,53,75,68,57,66,48,67,51,58,67,66,52,52,62,52,57,47,68,57,45,69,51,54,56,73,58,57,60,60,64,48,62,63,68,58,64,63,55,67,60,63,61,72,60,68,59,69,58,60,60,67,61,68,62,75,70,56,54,59,59,64,56,67,62,54,77,67,62,63,55,59,64,63,55,67,70,67,66,61,71,74,67,76,65,73,75,77,69,72,73,76,75,75,78,83,85,72,88,81,74,79,82,81,66,69,71,76,74,92,85,68,64,86,82,78,81,81,84,93,90,86,67,80,83,90,71,70,63,59,67,65,64,72,67,66,68,68,69,70,64,62,64,64,66,63,72,70,70,81,81,72,75,72,69,65,68,70,77,83,73,76,83,81,70,84,81,77,78,80,78,81,81,81,80,77,88,86,88,90,94,88,87,96,97,89,84,88,86,74,82,92,90,82,94,83,85,84,90,87,91,86,NA,NA,NA,NA,NA,NA,NA,NA,NA,NA,NA,NA,NA,NA,NA,NA,NA,NA,NA
NA,NA,NA,NA,NA,NA,NA,NA,NA,NA,NA,NA,NA,97,96,96,97,92,97,86,86,86,85,83,81,83,82,81,88,87,84,79,79,88,89,82,80,84,82,81,83,91,88,83,81,74,83,80,90,93,89,79,76,90,72,84,82,70,87,71,85,80,75,74,75,85,86,82,81,76,82,89,84,72,90,86,80,83,79,87,87,86,75,76,71,60,64,76,72,69,78,78,74,74,72,79,76,84,76,71,76,82,78,76,74,65,78,81,73,82,78,72,70,69,72,68,66,69,74,73,71,75,71,66,75,63,77,65,67,80,72,74,66,72,64,69,62,71,60,74,75,65,70,67,66,64,65,75,71,67,70,60,68,66,74,70,76,66,59,64,61,75,66,69,61,61,62,60,44,52,59,61,70,68,57,58,70,58,65,66,53,51,48,71,49,62,63,50,70,64,78,68,57,63,57,65,58,60,64,63,63,59,57,56,65,65,65,57,59,67,58,62,63,70,58,54,66,68,54,64,56,76,67,52,62,64,59,63,67,61,59,58,61,69,59,67,61,65,52,54,70,61,52,61,65,59,76,71,59,69,51,67,75,71,79,65,66,71,77,72,62,66,65,72,72,67,71,71,70,79,76,72,77,71,78,74,74,69,71,73,70,71,68,72,73,71,73,78,78,75,69,81,73,88,70,81,89,74,97,88,89,89,82,84,82,65,64,64,64,68,65,61,76,65,66,68,72,64,74,65,71,66,60,65,69,69,65,66,81,61,67,68,78,67,71,73,72,72,70,81,80,77,79,81,83,81,78,80,79,82,77,79,82,79,81,80,84,83,86,88,96,87,89,88,87,96,78,92,91,82,91,88,91,90,93,94,94,81,91,91,91,87,NA,NA,NA,NA,NA,NA,NA,NA,NA,NA,NA,NA,NA,NA,NA,NA,NA,NA
NA,NA,NA,NA,NA,NA,NA,NA,NA,NA,NA,NA,NA,NA,NA,86,92,87,98,88,85,81,81,78,81,80,83,80,84,85,78,86,82,76,88,83,89,92,86,79,88,79,83,84,82,83,84,80,93,88,86,74,72,75,72,84,83,78,82,71,90,74,79,86,92,85,85,84,80,81,87,82,83,83,84,80,83,90,79,88,80,81,83,74,72,74,77,80,76,76,74,67,77,75,72,74,70,85,78,78,71,86,80,76,60,73,80,81,71,72,74,69,71,70,75,75,69,66,72,73,71,67,64,65,68,67,72,63,66,76,65,70,69,75,59,71,63,67,68,61,66,71,77,75,63,80,75,67,70,74,66,58,67,76,74,69,70,74,75,66,72,68,65,65,68,64,67,62,50,59,64,60,69,63,61,68,75,54,61,59,59,59,52,62,58,60,57,61,72,62,58,64,58,57,63,66,67,59,64,53,60,61,53,62,67,57,58,63,63,55,73,70,64,62,53,61,58,57,61,69,64,66,52,58,66,62,70,66,57,64,64,64,53,60,61,63,66,67,69,66,53,72,54,63,58,64,66,63,71,72,57,62,77,79,65,76,57,65,66,71,73,69,71,80,72,70,70,81,81,79,74,77,73,71,74,85,74,78,77,73,62,79,74,76,82,88,82,80,81,84,78,69,69,74,75,72,83,90,70,81,90,90,87,85,90,64,67,93,60,88,66,66,65,79,74,61,68,66,67,64,63,65,68,91,68,71,74,67,71,80,73,74,68,76,77,76,77,75,69,78,77,78,75,73,83,78,81,73,82,78,77,84,73,74,72,82,81,86,71,85,83,83,98,91,93,92,95,92,82,85,93,92,94,92,84,91,83,94,84,NA,NA,NA,NA,NA,NA,NA,NA,NA,NA,NA,NA,NA,NA,NA,NA,NA,NA,NA,NA,NA
NA,NA,NA,NA,NA,NA,NA,NA,NA,NA,NA,NA,NA,NA,87,88,87,93,88,85,81,87,88,88,79,79,87,85,85,88,86,84,80,88,87,79,84,84,84,88,78,87,86,83,84,83,75,80,87,75,75,75,71,77,83,77,72,83,73,89,81,76,74,79,86,84,77,78,82,78,86,88,85,88,77,83,82,79,72,77,85,78,68,84,70,65,75,79,79,74,71,73,74,75,79,83,82,76,79,77,64,84,76,82,69,71,75,79,80,70,83,67,71,66,78,73,71,69,74,74,69,68,67,68,67,73,78,67,72,70,71,71,80,66,73,69,67,68,62,71,73,65,72,65,79,75,75,64,69,73,66,62,73,73,69,73,84,70,59,75,63,68,71,65,61,66,46,54,62,61,68,59,66,65,55,67,73,61,80,62,52,56,52,56,57,58,68,65,66,68,76,67,63,51,64,64,61,68,72,47,52,58,52,65,69,69,68,69,56,63,60,68,52,58,65,62,65,61,55,57,65,62,60,62,59,69,74,67,65,69,58,75,80,60,57,54,56,63,69,70,58,61,61,57,59,56,50,55,77,70,62,68,68,73,72,63,68,75,72,72,80,74,66,68,67,74,69,69,76,76,80,75,75,68,70,77,88,85,86,80,86,78,77,79,74,73,73,73,84,85,80,80,84,72,84,78,84,79,79,80,79,83,87,85,84,91,84,91,93,98,91,58,64,71,62,67,66,77,70,72,66,63,68,74,73,71,68,73,68,72,73,72,69,81,69,68,75,80,76,71,80,62,80,82,78,79,75,81,79,81,69,80,85,79,81,75,72,74,84,84,73,73,81,90,92,94,93,93,92,85,92,94,93,88,93,93,94,93,89,NA,NA,NA,NA,NA,NA,NA,NA,NA,NA,NA,NA,NA,NA,NA,NA,NA,NA,NA,NA,NA
NA,NA,NA,NA,NA,NA,NA,NA,NA,NA,NA,NA,NA,NA,NA,88,93,85,76,82,86,89,88,80,81,88,84,90,89,87,90,81,81,78,86,86,77,77,80,87,75,87,80,78,76,78,81,80,76,78,78,88,77,71,78,72,79,82,73,66,74,84,74,86,86,83,85,84,86,80,83,85,88,82,85,77,82,89,79,81,83,80,80,74,65,73,82,76,69,77,80,75,79,75,75,76,85,84,72,87,74,73,74,76,82,84,78,85,61,76,75,74,81,75,67,68,63,69,73,62,77,76,72,74,71,70,67,75,61,65,64,62,63,76,69,63,71,65,70,72,71,72,58,77,78,69,75,88,59,69,63,60,68,55,77,66,63,75,64,77,67,64,71,65,63,75,51,57,60,57,68,55,72,59,64,75,80,58,62,67,62,65,61,56,47,61,59,52,50,50,79,63,64,83,58,78,57,68,60,69,49,44,62,63,60,70,62,74,53,63,71,60,59,64,69,64,66,64,59,56,67,69,56,60,53,57,61,80,66,60,61,56,65,64,71,61,63,62,64,61,55,61,65,65,60,61,62,67,61,69,63,60,62,66,72,72,60,57,67,70,82,72,75,82,68,75,73,73,82,79,87,80,76,70,74,84,84,77,80,79,83,83,85,81,80,68,83,84,69,87,71,72,74,79,82,85,67,80,77,81,73,76,80,86,92,91,85,93,72,91,98,90,58,87,68,75,67,68,67,64,73,61,72,68,76,68,69,67,73,71,70,68,76,75,70,72,78,78,83,74,78,80,78,79,72,78,79,80,79,76,79,81,76,77,76,71,73,79,71,79,84,73,86,82,92,93,91,98,92,93,94,94,93,93,93,94,89,85,83,96,96,NA,NA,NA,NA,NA,NA,NA,NA,NA,NA,NA,NA,NA,NA,NA,NA,NA,NA,NA
NA,NA,NA,NA,NA,NA,NA,NA,NA,NA,NA,NA,NA,NA,NA,NA,91,85,82,76,89,88,81,81,81,87,88,89,89,78,88,88,89,88,84,82,79,78,85,84,85,80,88,83,76,79,74,78,79,80,75,86,74,79,79,78,82,83,73,72,87,88,88,83,76,90,74,79,84,84,89,86,84,82,76,88,63,82,87,82,80,80,72,72,75,79,85,82,73,79,76,76,79,84,86,74,75,76,79,80,82,69,81,88,88,87,78,78,75,76,79,71,79,73,67,69,67,73,71,68,69,65,66,69,74,69,71,70,64,67,68,71,64,64,65,72,69,73,79,73,54,71,77,73,73,64,62,64,66,69,67,74,66,76,75,63,63,65,71,62,63,71,69,66,66,61,54,60,66,80,68,69,71,72,62,50,74,53,68,66,63,68,62,63,59,64,65,52,56,57,53,61,71,56,60,61,53,55,61,57,53,62,56,60,62,64,62,63,70,70,75,68,63,57,66,56,69,57,62,65,59,51,59,57,60,63,71,65,65,65,62,63,70,60,62,77,68,66,66,67,64,68,67,68,61,67,66,78,61,75,64,67,65,68,68,64,65,69,68,72,77,82,66,73,73,76,69,67,76,73,80,79,78,72,78,73,79,81,82,76,89,78,87,81,86,76,75,75,78,74,93,73,78,73,85,80,79,84,69,87,88,81,80,69,80,69,88,87,92,81,92,100,89,62,85,61,61,86,74,91,72,93,93,75,69,71,70,74,72,64,69,63,76,77,70,84,68,79,79,72,76,83,82,78,70,76,79,78,81,80,74,75,78,72,82,83,83,82,81,80,86,83,84,80,77,87,91,91,89,92,93,92,91,95,95,91,89,97,95,NA,NA,NA,NA,NA,NA,NA,NA,NA,NA,NA,NA,NA,NA,NA,NA,NA,NA,NA,NA,NA
NA,NA,NA,NA,NA,NA,NA,NA,NA,NA,NA,NA,NA,NA,NA,NA,NA,82,NA,88,79,77,86,90,88,87,88,84,91,91,74,88,89,79,86,83,86,87,76,83,74,85,76,74,88,76,76,75,79,77,79,82,71,78,79,79,82,88,80,76,81,86,76,80,89,85,86,80,81,86,81,83,84,76,79,79,77,77,78,65,84,83,76,70,71,69,84,80,71,80,87,83,82,85,77,75,84,85,83,79,80,85,86,78,89,81,73,74,75,80,75,68,66,67,65,86,60,70,73,76,65,63,68,71,73,75,77,69,64,68,71,62,57,68,80,62,80,66,75,56,68,74,71,80,73,74,62,67,76,61,70,58,59,80,66,66,60,68,65,75,69,67,63,58,63,48,63,59,73,55,70,75,71,75,74,86,56,72,56,76,60,59,61,71,63,64,67,67,62,75,58,66,56,80,79,64,66,66,47,60,57,61,60,57,66,68,54,55,59,70,62,67,55,65,67,64,63,69,57,60,67,68,55,66,63,58,67,62,64,61,70,58,67,59,67,64,70,68,63,76,69,72,62,63,72,62,63,67,61,60,73,60,63,71,75,63,70,78,76,66,73,67,70,78,78,77,75,73,71,64,82,69,71,78,77,69,69,73,83,84,83,79,75,83,81,80,80,72,80,81,79,77,88,73,64,86,88,83,84,71,81,80,84,80,83,80,88,74,90,88,84,88,59,60,86,87,66,86,67,66,66,73,87,70,64,69,67,67,71,68,71,72,78,66,72,74,76,67,82,84,80,79,79,84,82,78,77,77,80,71,84,84,76,80,76,83,82,82,83,80,82,85,87,85,80,79,83,90,89,91,92,92,89,84,87,90,90,99,95,NA,NA,NA,NA,NA,NA,NA,NA,NA,NA,NA,NA,NA,NA,NA,NA,NA,NA,NA,NA,NA
NA,NA,NA,NA,NA,NA,NA,NA,NA,NA,NA,NA,NA,NA,NA,82,82,90,88,88,92,89,90,88,81,81,86,90,85,85,77,82,83,89,82,80,84,76,85,89,75,73,79,80,76,73,81,82,80,75,71,91,76,90,74,88,74,83,76,77,88,83,78,83,82,86,87,83,80,85,79,88,86,85,86,88,76,67,83,75,83,80,76,81,86,90,79,85,79,75,77,75,83,86,76,80,77,94,90,74,79,73,89,70,69,69,69,62,81,73,72,74,70,73,70,70,71,73,71,72,74,79,69,71,70,64,67,71,75,71,77,60,65,63,61,87,80,78,68,54,72,70,67,66,74,76,66,71,71,69,54,72,62,73,78,67,68,61,65,60,74,65,70,60,68,70,65,69,59,78,53,73,65,64,82,80,83,86,72,70,76,64,53,68,53,62,48,73,55,72,74,73,73,72,65,63,52,62,51,70,59,73,56,63,66,50,69,69,55,71,63,61,66,57,57,66,63,73,54,52,67,55,56,58,64,58,67,64,60,65,65,63,58,60,66,76,61,71,68,61,70,60,68,78,61,59,67,58,64,63,64,75,73,64,74,70,64,78,83,77,72,74,79,67,83,74,68,71,66,71,73,88,90,72,77,74,66,92,82,81,84,83,89,81,72,78,78,74,77,79,75,84,88,80,72,73,82,83,82,82,92,77,72,71,85,76,80,82,93,83,82,88,93,89,87,82,69,76,81,101,71,69,66,61,77,67,70,64,77,73,76,81,71,75,74,71,60,73,81,81,77,77,76,76,80,80,79,76,73,77,78,76,75,77,72,76,78,83,74,82,82,81,75,92,91,91,86,84,83,84,95,96,87,97,93,93,87,93,93,NA,NA,NA,NA,NA,NA,NA,NA,NA,NA,NA,NA,NA,NA,NA,NA,NA,NA,NA,NA,NA
NA,NA,NA,NA,NA,NA,NA,NA,NA,NA,NA,NA,NA,NA,NA,NA,NA,91,86,77,79,92,92,82,79,86,82,84,90,93,84,82,77,80,79,87,86,85,72,80,75,76,76,76,75,78,79,83,81,94,78,79,82,74,74,91,89,86,89,93,76,78,90,87,91,82,81,92,82,83,67,81,85,82,83,81,67,86,86,81,79,79,90,74,84,85,75,77,83,73,72,83,73,83,79,68,82,88,76,83,76,92,94,78,70,79,78,81,66,69,74,72,68,71,68,71,71,70,72,88,71,79,64,78,60,74,76,71,69,70,75,79,63,74,73,70,72,74,66,54,55,71,73,81,64,70,64,78,73,66,66,66,71,72,71,64,78,67,72,67,68,68,67,76,72,59,65,60,66,69,53,68,76,80,77,80,56,52,68,69,58,66,64,56,67,66,66,67,76,62,58,59,69,66,70,65,62,65,61,71,67,55,66,62,59,56,54,52,60,66,56,72,62,59,54,66,59,66,63,57,64,51,60,60,63,66,61,65,68,73,71,60,69,69,62,67,63,68,51,73,74,61,63,61,72,55,65,70,63,71,66,56,60,59,65,69,68,65,67,73,69,68,82,73,71,76,75,79,76,78,76,76,70,78,75,81,73,77,75,67,77,74,85,77,78,80,76,77,83,72,82,74,87,64,81,79,75,86,79,87,83,76,74,80,78,79,82,81,82,80,86,81,92,88,81,84,91,95,83,76,68,86,86,87,68,64,66,64,69,78,69,71,74,73,77,73,66,61,71,82,84,78,80,83,82,81,79,78,80,80,86,81,81,77,70,77,82,73,81,83,86,76,79,82,83,80,80,80,78,96,86,87,96,89,88,97,88,93,101,NA,NA,NA,NA,NA,NA,NA,NA,NA,NA,NA,NA,NA,NA,NA,NA,NA,NA,NA,NA,NA
NA,NA,NA,NA,NA,NA,NA,NA,NA,NA,NA,NA,NA,NA,NA,82,82,91,81,91,83,75,91,79,88,88,94,80,91,89,87,83,82,81,85,84,80,78,72,82,78,77,76,79,78,81,78,91,70,86,83,92,89,78,85,89,90,96,92,90,79,84,75,92,78,81,88,86,87,89,85,89,81,82,85,78,72,79,84,69,73,77,79,73,80,76,77,72,82,79,87,81,81,77,83,84,81,75,83,78,78,84,73,68,78,79,78,74,66,69,65,73,59,73,73,62,71,68,75,63,67,73,78,81,69,72,66,76,72,79,66,78,69,78,69,72,82,62,64,60,70,75,64,72,77,70,73,69,69,73,61,72,67,69,75,70,69,69,67,69,67,71,69,80,59,54,62,68,72,53,65,75,64,73,82,88,70,64,71,63,62,61,69,67,73,61,62,70,75,74,80,67,65,61,65,60,67,62,65,69,59,57,51,63,66,70,64,61,61,63,75,62,71,59,68,65,57,62,65,70,63,58,61,60,65,56,63,66,68,72,62,70,57,60,63,59,56,64,63,64,63,60,58,62,74,67,63,74,67,65,72,66,57,57,72,69,79,76,77,67,74,79,75,63,69,69,74,78,76,69,68,79,81,65,81,82,83,63,71,76,84,81,88,79,80,82,83,83,78,78,86,72,79,84,80,80,77,81,91,86,79,79,84,84,81,73,78,78,78,75,85,80,77,77,83,88,80,87,83,79,63,90,93,76,92,90,84,67,71,72,65,73,64,74,75,78,74,73,70,82,66,81,77,80,84,79,80,75,83,80,79,80,81,77,70,83,78,75,73,79,77,84,85,83,87,79,78,82,89,87,88,86,91,75,94,91,99,93,101,NA,NA,NA,NA,NA,NA,NA,NA,NA,NA,NA,NA,NA,NA,NA,NA,NA,NA,NA,NA,NA
NA,NA,NA,NA,NA,NA,NA,NA,NA,NA,NA,NA,NA,NA,NA,NA,80,NA,83,77,90,89,86,85,88,90,94,83,86,82,77,84,78,83,88,77,76,79,80,78,79,75,78,80,75,78,75,97,75,95,92,91,75,74,90,83,79,80,93,82,79,79,81,93,76,94,92,88,83,84,83,81,82,77,90,86,72,85,81,79,84,76,85,85,74,78,73,73,80,86,84,75,72,87,78,71,90,70,82,85,75,69,76,83,70,75,63,71,70,75,63,70,70,67,67,67,72,66,82,70,78,60,75,69,75,73,76,79,77,74,73,69,77,70,70,68,72,59,74,73,77,71,70,80,71,61,66,71,56,58,76,74,77,72,70,70,71,66,66,75,66,56,68,70,57,60,59,59,70,58,77,72,75,75,47,78,73,71,70,68,55,69,66,49,68,59,68,60,80,78,67,71,58,72,74,55,56,58,52,64,56,59,51,61,63,77,56,61,51,59,57,67,67,71,71,63,59,62,65,71,56,60,57,64,74,63,62,63,67,73,65,76,65,79,70,72,58,66,58,61,57,60,64,63,65,71,77,61,78,52,59,63,69,67,72,70,73,67,71,68,66,76,70,76,67,67,70,72,73,81,69,65,72,85,72,74,75,72,72,72,68,78,78,74,86,80,87,74,84,78,79,69,68,82,83,79,79,82,92,75,82,76,77,74,81,67,78,86,90,72,79,76,79,85,79,78,78,95,75,85,69,68,74,70,90,65,67,74,72,79,80,67,72,67,76,72,75,72,84,77,74,68,85,79,81,77,81,79,79,80,82,78,76,80,78,79,82,81,77,76,79,80,81,80,81,76,79,79,89,91,83,95,89,88,91,96,99,100,92,91,NA,NA,NA,NA,NA,NA,NA,NA,NA,NA,NA,NA,NA,NA,NA,NA,NA,NA,NA,NA
NA,NA,NA,NA,NA,NA,NA,NA,NA,NA,NA,NA,NA,NA,NA,NA,NA,NA,77,76,87,88,84,87,81,88,94,82,82,80,80,78,85,79,87,79,73,76,82,74,79,76,79,92,81,79,82,93,93,77,97,84,78,95,100,89,78,91,74,85,81,87,95,83,81,80,82,78,79,82,82,88,77,81,81,88,86,86,89,81,74,74,77,79,80,60,78,76,87,84,79,86,80,86,87,79,87,83,78,77,79,68,80,76,72,73,77,64,74,68,65,66,73,70,70,74,89,69,63,70,76,75,64,79,60,72,77,70,74,73,78,68,69,70,63,70,73,69,73,67,68,69,76,70,69,56,68,70,63,76,86,67,77,62,67,81,64,64,71,62,67,70,68,61,61,54,60,62,73,55,69,66,71,75,79,75,54,64,68,55,66,52,64,75,74,66,67,77,66,60,57,63,63,61,55,58,64,61,61,58,61,60,64,68,57,61,47,64,63,65,62,68,69,61,63,59,67,83,64,68,60,63,66,72,55,59,64,56,64,70,72,70,67,60,56,64,65,73,60,67,67,57,59,71,66,77,80,65,56,62,60,64,67,59,65,63,64,69,68,73,65,69,69,78,71,69,80,76,72,70,71,69,81,81,75,84,80,82,69,79,81,78,73,87,70,78,78,80,80,90,77,78,82,80,76,79,84,74,73,85,89,79,81,77,78,83,81,81,80,78,81,79,79,78,82,75,95,90,77,79,93,90,96,82,70,68,70,70,75,70,70,82,72,76,74,77,73,72,74,80,82,76,76,79,82,78,78,78,81,76,78,80,81,78,79,77,77,83,81,76,77,78,82,86,80,75,77,85,84,86,84,85,82,92,86,93,NA,NA,92,NA,NA,NA,NA,NA,NA,NA,NA,NA,NA,NA,NA,NA,NA,NA,NA,NA,NA,NA,NA,NA
NA,NA,NA,NA,NA,NA,NA,NA,NA,NA,NA,NA,NA,NA,NA,NA,NA,86,86,81,85,82,83,82,84,88,84,86,79,85,85,85,87,89,80,82,80,81,74,93,80,79,79,99,99,94,93,94,97,90,73,97,92,91,94,90,84,72,81,79,86,91,92,86,88,84,84,84,80,79,89,79,80,82,87,77,77,80,78,85,83,82,77,82,85,84,79,88,69,77,87,87,76,81,88,85,66,71,74,83,71,79,74,75,68,71,85,69,67,69,66,66,70,71,63,75,76,67,68,66,76,70,81,67,70,69,74,74,75,69,75,77,79,65,73,67,70,67,78,74,70,72,68,67,68,72,55,67,62,76,83,71,64,61,70,73,67,65,70,69,58,69,70,59,73,61,60,68,63,73,76,68,74,74,71,67,52,70,76,83,76,56,69,69,53,71,67,62,76,81,58,59,56,53,76,87,72,68,59,66,62,60,64,63,55,63,60,69,67,58,58,67,70,71,70,65,60,61,75,61,56,62,59,62,67,67,63,66,62,71,68,65,69,70,66,62,67,62,68,60,66,56,65,61,65,73,68,63,75,59,71,69,72,68,60,71,69,74,79,75,65,66,73,74,74,69,72,78,77,74,78,80,82,74,80,75,68,71,75,73,74,77,76,79,83,81,79,87,74,80,82,88,77,79,86,73,85,82,78,86,84,83,79,80,72,75,76,83,81,74,77,81,80,81,81,79,74,83,82,76,88,84,88,89,66,72,67,68,67,71,72,69,72,79,77,75,74,75,82,83,79,78,75,67,82,74,77,76,80,86,81,81,78,84,81,81,82,78,83,84,82,81,80,82,79,75,77,77,86,77,77,94,93,92,93,NA,NA,NA,NA,NA,NA,NA,NA,NA,NA,NA,NA,NA,NA,NA,NA,NA,NA,NA,NA,NA,NA,NA,NA,NA
NA,NA,NA,NA,NA,NA,NA,NA,NA,NA,NA,NA,NA,NA,NA,NA,87,82,84,87,87,84,86,83,83,82,85,87,87,77,85,83,82,83,78,80,78,72,98,92,90,89,74,96,94,98,76,90,97,93,95,95,95,94,90,90,88,78,86,87,85,89,81,88,85,84,83,84,84,88,76,84,81,82,85,85,84,82,85,80,85,84,78,80,81,71,75,84,80,90,79,76,90,82,82,83,72,83,78,82,70,60,77,68,72,65,68,81,71,69,73,64,73,71,70,74,72,67,67,69,68,74,79,79,67,85,74,83,72,73,69,73,79,69,84,76,76,74,74,71,62,81,71,72,69,69,70,69,76,67,64,74,67,73,74,67,66,73,72,68,63,78,73,75,53,73,72,51,74,70,87,78,78,79,70,82,57,74,75,67,74,75,50,65,68,67,63,76,66,66,60,60,61,65,75,85,75,75,61,65,61,50,66,65,65,44,67,49,60,65,66,67,63,71,69,70,75,63,58,62,59,54,61,59,70,67,68,71,65,65,54,74,78,63,67,61,66,77,72,72,66,65,64,69,59,69,65,71,58,50,76,69,67,73,78,63,68,78,79,78,79,74,72,72,73,70,70,75,69,72,71,73,78,76,89,76,73,68,76,72,76,82,83,68,68,80,82,83,78,82,81,76,81,78,72,84,86,85,80,76,69,72,89,87,82,79,77,85,80,76,83,82,79,77,74,80,88,84,83,89,80,76,75,66,87,80,75,67,75,68,73,71,69,67,69,81,75,76,82,80,73,74,77,74,73,81,70,77,75,78,77,82,76,78,77,84,77,82,84,86,84,81,77,79,87,87,76,85,78,78,93,91,88,93,NA,NA,NA,NA,NA,NA,NA,NA,NA,NA,NA,NA,NA,NA,NA,NA,NA,NA,NA,NA,NA,NA,NA,NA,NA,NA
NA,NA,NA,NA,NA,NA,NA,NA,NA,NA,NA,NA,NA,NA,NA,NA,NA,NA,82,85,84,87,84,82,84,84,84,84,77,85,82,81,80,75,77,82,79,78,99,98,97,73,98,96,95,101,95,93,92,96,101,86,88,93,92,96,88,82,82,85,91,90,87,84,82,82,90,80,85,90,87,87,78,74,85,85,80,90,91,82,91,77,78,78,86,72,79,79,88,82,82,87,79,82,86,79,66,73,74,88,79,79,81,74,73,71,84,73,73,68,65,73,72,75,79,75,71,72,68,68,63,74,71,80,70,71,69,80,73,74,75,81,76,70,70,84,79,60,72,79,68,69,70,60,65,78,73,62,72,66,73,63,78,75,65,82,64,83,79,78,69,49,70,66,63,59,70,64,54,79,73,72,69,76,71,74,68,63,47,54,58,64,73,71,71,73,71,68,75,69,51,55,54,60,80,75,70,66,62,69,68,75,71,65,55,63,59,55,61,61,63,76,63,70,62,65,69,69,63,58,67,62,64,57,59,71,64,50,65,70,58,70,67,61,73,64,63,58,67,67,65,59,67,71,66,63,71,71,65,75,65,74,66,69,65,66,65,71,75,75,67,75,78,73,75,76,79,74,71,77,77,72,73,71,78,79,86,73,79,69,79,82,87,74,80,81,87,83,81,74,82,82,77,79,80,77,89,86,89,82,85,70,73,76,92,78,80,85,79,83,88,84,78,85,81,85,79,80,90,88,75,80,83,65,77,65,66,76,80,69,70,94,75,69,70,73,74,72,75,81,68,74,73,85,78,76,72,73,77,82,82,77,82,79,81,78,75,84,83,79,81,86,82,79,82,87,82,85,85,77,77,77,93,93,89,NA,NA,NA,NA,NA,NA,NA,NA,NA,NA,NA,NA,NA,NA,NA,NA,NA,NA,NA,NA,NA,NA,NA,NA,NA
NA,NA,NA,NA,NA,NA,NA,NA,NA,NA,NA,NA,NA,NA,NA,NA,NA,NA,NA,84,85,85,80,81,81,84,81,82,75,84,85,81,83,75,81,74,78,102,81,94,98,96,101,99,102,101,94,94,98,98,95,94,93,83,94,83,80,78,87,82,94,92,85,87,87,87,85,91,84,90,87,79,82,81,82,89,85,75,84,83,82,74,79,70,79,77,85,91,84,75,79,76,87,80,77,73,67,67,78,73,72,74,83,72,69,84,77,68,71,76,78,61,69,66,74,72,64,75,86,76,78,81,85,77,72,70,79,72,68,83,81,72,71,82,73,76,68,76,74,73,78,63,71,72,72,77,69,65,69,67,71,67,76,70,73,68,75,64,66,75,68,60,74,69,70,61,75,60,70,78,74,78,58,72,73,55,58,76,61,53,62,48,61,54,61,62,72,75,72,89,70,66,57,88,67,68,64,71,57,69,66,67,63,71,67,64,57,71,64,67,62,66,65,75,66,74,75,62,70,61,55,70,71,72,66,52,66,66,69,62,62,67,70,69,67,70,60,72,60,69,70,66,69,63,66,63,77,74,79,68,77,56,57,74,70,73,61,72,71,77,70,69,72,67,69,71,74,70,82,81,77,77,74,77,79,74,79,80,81,78,77,82,85,83,80,79,86,86,84,75,79,78,77,75,81,81,89,84,84,84,89,79,88,82,80,89,82,78,85,78,81,80,80,83,84,76,81,81,81,73,82,76,74,65,65,63,82,77,83,83,82,87,82,80,69,68,66,81,79,79,65,69,80,75,78,79,77,77,72,74,82,76,85,75,81,83,81,82,83,83,76,82,82,81,78,74,86,87,78,77,79,76,76,NA,NA,NA,NA,NA,NA,NA,NA,NA,NA,NA,NA,NA,NA,NA,NA,NA,NA,NA,NA,NA,NA,NA,NA,NA,NA,NA
NA,NA,NA,NA,NA,NA,NA,NA,NA,NA,NA,NA,NA,NA,NA,NA,NA,NA,83,78,84,78,83,83,83,81,85,76,76,83,84,80,82,83,77,78,76,78,98,101,97,97,97,97,100,93,90,89,93,93,96,91,80,96,81,90,88,87,88,86,87,86,84,87,84,86,80,90,89,86,84,79,83,91,87,85,86,91,94,82,74,81,83,83,79,86,83,80,88,73,71,89,84,78,82,78,89,72,81,79,80,74,73,70,75,84,74,80,76,73,72,76,75,72,73,71,78,83,77,76,71,74,75,76,68,65,74,67,70,78,73,75,77,71,78,67,67,70,71,73,74,68,65,67,71,67,66,69,68,60,73,77,77,69,76,77,78,71,74,70,76,56,51,77,65,56,67,63,69,73,85,54,60,71,61,69,58,59,63,68,62,52,58,54,69,75,66,65,65,71,56,67,61,61,70,67,75,70,65,69,64,68,65,62,78,49,64,76,68,63,63,71,68,66,65,67,64,56,51,65,56,68,65,66,69,58,61,64,63,72,65,61,66,58,75,62,70,55,63,64,66,63,62,75,59,62,55,65,68,75,72,77,55,58,78,66,70,61,71,73,72,76,74,68,71,60,76,75,76,79,79,72,74,82,77,79,65,79,78,73,67,75,75,78,80,80,81,81,78,82,80,85,78,79,77,76,78,91,83,83,89,92,87,87,79,77,81,77,83,77,78,84,82,79,74,88,83,76,82,80,76,79,77,86,83,76,78,79,81,68,78,97,78,70,72,67,83,86,78,78,78,81,67,81,79,76,79,73,78,82,76,78,73,81,80,80,80,79,86,83,81,80,81,83,79,86,75,83,78,86,79,78,78,NA,NA,NA,NA,NA,NA,NA,NA,NA,NA,NA,NA,NA,NA,NA,NA,NA,NA,NA,NA,NA,NA,NA,NA,NA,NA,NA
NA,NA,NA,NA,NA,NA,NA,NA,NA,NA,NA,NA,NA,NA,NA,NA,NA,NA,NA,84,79,80,79,84,85,84,85,76,78,84,85,82,78,78,101,98,97,99,96,97,100,99,101,91,95,92,92,90,91,100,87,91,91,90,74,90,84,83,87,92,86,84,88,83,84,86,85,87,85,90,85,86,94,82,88,86,88,85,80,81,82,85,86,82,81,92,90,87,77,81,88,76,85,96,71,76,83,80,92,75,72,75,79,79,77,83,85,76,74,82,76,79,71,70,76,78,80,63,64,67,80,82,73,71,71,73,82,76,73,76,72,79,74,71,74,73,70,71,65,72,64,78,71,63,68,67,72,67,70,69,81,72,66,78,71,67,70,66,71,75,59,78,56,57,62,69,71,79,79,69,82,73,66,78,71,68,65,52,68,67,56,64,57,67,71,65,71,70,76,70,69,68,57,57,68,61,72,66,73,64,64,68,59,69,73,67,62,60,60,60,62,62,59,61,71,64,77,67,61,67,55,73,63,64,73,60,57,56,65,63,73,63,68,65,60,66,63,71,69,71,64,60,69,75,67,67,56,68,77,72,68,78,69,74,72,72,74,64,59,74,72,77,71,74,65,79,66,76,79,74,85,77,71,78,77,76,73,69,78,82,80,82,81,84,67,64,63,79,76,81,85,85,83,80,75,80,73,84,83,80,83,91,81,95,86,90,83,86,88,82,77,83,83,84,77,87,83,77,78,80,80,83,81,75,79,83,82,66,76,84,94,92,79,81,85,75,83,85,83,80,70,77,72,75,83,70,71,79,78,82,69,70,78,78,78,79,81,79,80,85,83,81,82,86,85,85,86,86,86,87,74,90,89,76,NA,NA,NA,NA,NA,NA,NA,NA,NA,NA,NA,NA,NA,NA,NA,NA,NA,NA,NA,NA,NA,NA,NA,NA,NA,NA
NA,NA,NA,NA,NA,NA,NA,NA,NA,NA,NA,NA,NA,NA,NA,NA,NA,NA,NA,107,NA,81,78,77,82,82,82,84,86,78,78,83,94,77,97,98,99,98,99,99,102,95,100,97,94,97,92,96,95,94,92,80,91,76,93,92,89,90,85,86,89,83,89,82,95,88,85,87,81,80,76,84,84,87,88,81,82,88,84,84,81,86,91,90,78,89,86,92,91,77,93,89,71,90,75,79,79,80,75,78,78,75,82,71,83,75,78,71,85,82,87,69,79,68,76,80,67,69,71,75,71,84,82,81,63,78,79,81,75,69,69,82,73,81,62,72,75,71,68,62,70,67,74,72,78,73,60,68,78,63,81,70,71,63,69,74,63,74,73,69,66,54,66,54,56,67,74,63,72,67,67,85,73,70,64,77,57,72,47,71,69,66,75,65,59,79,72,64,74,66,77,66,70,58,56,56,64,62,64,63,66,66,49,61,63,50,56,60,58,55,70,69,71,77,62,69,62,64,69,68,66,61,75,71,69,73,74,63,66,65,75,63,69,72,67,65,81,56,77,74,69,72,65,71,69,69,69,69,78,76,81,75,78,71,77,74,75,71,67,70,78,64,69,65,70,71,77,74,72,74,82,69,75,76,65,68,73,77,88,82,84,76,76,82,78,77,85,79,72,78,75,85,77,91,75,83,81,86,80,86,87,81,94,87,83,82,80,82,92,88,89,92,88,80,83,83,82,81,83,85,79,81,92,82,81,80,88,82,89,86,86,82,85,76,89,65,78,83,80,88,82,70,82,68,93,73,73,69,74,72,74,70,78,81,71,76,76,81,84,79,80,81,82,82,85,79,90,79,88,86,87,75,91,NA,NA,NA,NA,NA,NA,NA,NA,NA,NA,NA,NA,NA,NA,NA,NA,NA,NA,NA,NA,NA,NA,NA,NA,NA,NA,NA
NA,NA,NA,NA,NA,NA,NA,NA,NA,NA,NA,NA,NA,NA,NA,NA,NA,NA,107,NA,106,77,105,87,86,97,77,76,85,75,76,76,77,102,101,99,101,98,96,98,105,89,98,97,97,95,95,98,91,94,87,90,85,81,91,87,89,95,88,87,86,84,86,85,87,85,83,83,83,85,83,86,85,86,86,81,86,84,90,85,75,86,86,84,88,85,93,92,87,82,66,93,78,81,69,70,75,76,68,86,82,70,72,80,75,67,80,88,70,80,75,72,80,70,70,65,66,74,79,79,74,69,82,76,74,80,84,74,76,72,82,75,70,73,73,71,61,76,66,71,76,77,67,71,70,84,71,70,73,76,78,70,65,78,74,86,64,81,70,67,61,73,72,54,71,63,68,75,65,72,80,68,78,73,77,64,72,64,63,60,80,77,64,75,75,59,74,61,71,53,67,70,72,66,60,56,66,70,70,67,73,66,66,63,58,53,58,61,67,57,68,61,64,67,73,76,70,69,69,61,61,71,61,71,67,69,67,62,64,63,72,70,72,80,72,64,59,79,64,71,72,67,62,76,64,68,72,73,70,68,74,78,74,67,76,78,69,62,72,78,66,70,68,72,80,70,71,76,71,75,75,71,62,73,75,77,72,75,72,73,74,85,80,85,84,76,85,87,77,76,84,79,81,79,81,79,77,78,79,84,87,85,94,81,81,92,85,81,86,89,90,80,86,89,84,76,82,84,81,78,84,80,87,90,90,86,79,84,73,76,79,82,78,78,80,80,77,83,89,83,79,80,79,77,66,84,72,84,66,69,86,84,76,80,76,63,81,77,72,81,81,82,81,82,82,84,82,90,76,86,90,90,90,91,NA,NA,NA,NA,NA,NA,NA,NA,NA,NA,NA,NA,NA,NA,NA,NA,NA,NA,NA,NA,NA,NA,NA,NA,NA,NA
NA,NA,NA,NA,NA,NA,NA,NA,NA,NA,NA,NA,NA,NA,NA,NA,NA,NA,NA,105,78,80,76,77,79,105,79,74,98,98,98,100,101,97,103,101,100,100,92,103,100,96,99,100,101,86,91,92,94,94,85,91,92,85,95,87,94,89,87,86,86,88,87,91,85,84,84,88,84,81,87,84,91,90,83,82,79,77,79,80,76,83,85,82,78,89,89,90,85,90,95,68,82,77,79,75,73,77,68,79,67,73,70,83,73,79,75,62,73,77,75,67,67,77,77,77,71,70,78,85,70,80,74,78,76,82,87,67,80,82,75,71,65,71,73,65,75,78,78,72,71,64,66,66,80,84,64,73,68,72,69,66,74,67,72,77,70,81,72,67,73,62,66,61,64,71,67,72,58,84,68,70,71,70,79,68,75,60,78,78,69,80,76,59,59,75,80,75,61,63,56,63,64,67,61,72,57,62,61,66,60,66,66,71,51,53,65,53,58,63,72,61,64,64,65,66,70,79,71,71,57,76,64,65,72,64,63,70,66,63,72,74,75,56,82,69,70,71,69,71,70,65,68,72,72,73,75,62,73,72,74,78,66,86,75,75,72,69,71,76,75,71,71,61,77,67,63,71,70,77,78,84,80,70,76,74,89,82,79,81,79,77,86,84,83,78,80,70,77,86,74,67,81,83,81,78,78,78,81,81,79,76,81,83,77,82,91,85,85,73,74,91,90,81,83,82,84,82,84,80,83,85,78,89,86,90,88,91,84,87,82,84,85,78,83,85,82,84,79,80,93,83,79,77,85,88,89,70,82,86,84,79,80,84,76,76,76,75,73,85,84,79,84,85,85,84,81,82,85,77,77,90,NA,NA,NA,NA,NA,NA,NA,NA,NA,NA,NA,NA,NA,NA,NA,NA,NA,NA,NA,NA,NA,NA,NA,NA,NA,NA,NA,NA
NA,NA,NA,NA,NA,NA,NA,NA,NA,NA,NA,NA,NA,NA,NA,NA,NA,NA,77,80,105,79,80,105,105,104,78,102,101,103,100,102,100,98,98,99,97,95,92,99,94,94,99,101,101,95,89,96,95,89,90,95,86,87,89,89,89,90,85,85,84,92,88,84,91,80,84,89,84,84,90,88,84,85,82,88,87,90,79,78,84,85,76,92,74,77,71,90,86,73,90,75,76,73,68,74,78,74,72,66,82,72,73,66,69,67,70,67,68,72,75,72,73,77,78,63,63,73,70,75,80,71,77,78,71,80,72,74,83,82,71,75,73,70,61,69,73,70,75,81,77,71,68,77,76,73,68,83,81,71,65,65,61,70,79,72,70,69,74,63,61,72,72,64,64,71,65,72,55,67,67,65,66,57,64,72,52,61,74,71,65,73,70,68,66,73,73,72,62,68,67,67,76,69,71,56,74,64,66,70,55,63,59,63,60,70,55,54,60,60,69,80,66,65,68,67,71,69,71,62,71,74,62,60,64,64,70,60,58,73,81,75,90,73,69,63,58,66,65,71,67,70,69,73,80,78,72,74,68,67,64,77,74,64,78,78,70,74,69,76,72,60,75,64,79,74,72,68,77,65,79,80,82,73,77,71,82,81,79,80,80,84,84,84,86,83,72,81,77,85,69,75,71,81,81,82,82,90,80,86,84,82,89,84,91,91,87,86,77,94,82,87,94,85,85,80,81,85,81,88,86,81,89,85,87,81,90,86,86,82,76,77,77,81,90,81,81,85,83,78,84,69,79,80,80,83,68,82,85,79,69,84,79,75,87,84,71,86,81,83,72,81,82,84,83,84,83,82,88,81,84,NA,NA,NA,NA,NA,NA,NA,NA,NA,NA,NA,NA,NA,NA,NA,NA,NA,NA,NA,NA,NA,NA,NA,NA,NA,NA,NA,NA,NA
NA,NA,NA,NA,NA,NA,NA,NA,NA,NA,NA,NA,NA,NA,NA,NA,NA,NA,NA,NA,77,NA,79,76,79,104,104,79,101,100,103,100,104,102,99,95,102,97,94,97,90,99,99,104,95,93,94,93,94,85,87,84,90,86,88,93,89,88,88,86,91,88,80,90,92,80,91,89,82,82,82,94,89,85,95,92,92,84,89,82,84,75,73,79,72,81,92,93,67,75,77,74,75,78,75,78,68,78,74,77,80,74,74,81,78,75,64,68,66,77,76,64,78,72,75,78,79,82,78,78,74,71,58,68,84,80,64,75,81,71,79,73,68,78,80,70,69,74,66,72,73,68,74,62,62,73,79,81,65,79,77,69,73,72,76,75,69,69,71,64,78,68,69,76,70,70,70,69,71,69,66,70,58,62,64,79,67,63,70,72,73,81,73,59,55,67,74,55,74,53,56,74,66,68,55,73,59,72,65,64,68,74,70,73,50,63,71,73,70,62,69,62,59,62,63,69,70,70,72,66,76,75,65,66,71,57,67,59,65,61,71,58,65,71,70,75,65,70,65,73,60,65,78,73,70,75,74,64,73,69,66,71,72,78,63,77,73,70,67,70,80,71,74,78,66,73,69,64,71,67,69,79,73,76,77,78,79,80,74,79,82,79,76,73,88,83,72,70,68,71,83,86,74,80,83,77,81,78,79,78,94,85,82,81,84,79,93,85,95,83,88,83,87,84,86,81,76,84,85,87,84,90,85,83,85,84,82,89,82,87,80,79,82,74,74,91,91,84,85,72,86,80,79,82,76,85,81,84,83,85,84,76,85,76,73,76,83,84,80,72,82,83,81,79,86,83,88,81,84,NA,NA,NA,NA,NA,NA,NA,NA,NA,NA,NA,NA,NA,NA,NA,NA,NA,NA,NA,NA,NA,NA,NA,NA,NA,NA,NA,NA,NA,NA,NA
NA,NA,NA,NA,NA,NA,NA,NA,NA,NA,NA,NA,NA,NA,NA,NA,NA,NA,NA,NA,NA,NA,79,79,79,79,102,102,99,102,100,103,97,100,95,94,98,100,89,102,101,98,102,100,91,90,92,94,93,86,87,86,88,85,93,91,91,92,94,84,88,85,90,88,81,83,86,84,89,83,83,82,89,87,79,85,84,89,72,79,75,80,76,75,79,92,87,69,81,77,76,67,78,80,77,83,70,88,80,80,68,68,82,78,75,76,73,61,73,80,86,77,70,76,81,78,69,85,70,72,72,57,71,68,89,73,73,80,70,79,77,71,69,79,62,65,71,76,68,74,70,64,80,76,74,85,77,65,81,85,72,61,71,67,72,70,72,63,71,73,58,65,67,82,72,70,68,66,67,67,65,82,64,63,78,60,76,71,71,81,68,63,58,73,67,80,69,51,59,76,68,66,75,67,74,69,68,62,76,60,72,69,71,66,66,59,61,75,79,52,70,68,66,61,68,63,65,76,77,73,72,82,65,63,66,68,73,63,66,69,69,71,75,78,66,75,64,72,71,65,78,66,72,68,73,74,71,71,71,68,74,74,70,72,72,72,67,73,70,78,72,65,65,75,75,66,75,66,68,68,79,70,77,80,72,72,81,78,71,72,78,82,74,89,86,80,86,86,86,82,83,86,74,67,89,76,88,78,93,86,85,87,92,91,86,83,84,91,80,85,88,83,77,83,84,80,92,86,85,82,83,84,87,77,87,81,79,84,87,80,92,88,76,77,77,78,94,83,86,83,71,85,83,81,82,88,86,83,86,86,71,84,84,78,88,71,84,84,71,86,87,84,83,83,85,83,87,84,84,84,87,NA,NA,NA,NA,NA,NA,NA,NA,NA,NA,NA,NA,NA,NA,NA,NA,NA,NA,NA,NA,NA,NA,NA,NA,NA,NA,NA,NA,NA
NA,NA,NA,NA,NA,NA,NA,NA,NA,NA,NA,NA,NA,NA,NA,NA,NA,NA,NA,NA,NA,79,79,105,101,105,104,100,100,102,104,104,106,106,100,102,102,104,87,91,92,97,87,93,91,90,93,88,88,92,85,90,92,93,89,93,90,88,90,90,83,83,88,90,89,90,86,88,84,88,85,83,80,85,92,85,75,97,94,86,90,86,92,93,90,76,71,77,88,82,66,78,84,82,75,79,72,81,80,79,66,63,75,77,65,79,69,76,89,80,72,78,81,77,81,72,76,88,73,67,70,78,78,75,73,85,82,73,77,84,70,76,76,71,73,75,62,79,63,67,72,65,71,71,66,79,75,68,69,77,76,61,68,79,77,65,66,71,64,62,58,72,75,74,57,65,67,56,76,62,77,56,58,77,64,54,79,65,59,69,65,73,75,59,77,63,48,75,70,66,63,73,57,63,58,66,67,60,63,59,72,67,70,65,57,64,54,70,50,53,65,74,67,74,64,67,73,73,74,75,76,71,76,73,68,63,70,69,69,68,68,62,57,71,66,66,64,73,74,76,61,68,73,74,71,65,71,68,78,67,80,75,70,69,75,79,69,68,69,77,91,88,64,66,68,72,78,68,61,80,77,78,64,73,76,76,66,86,76,83,86,79,79,80,89,74,76,78,83,84,75,80,75,78,69,74,72,85,82,80,78,76,81,88,87,91,93,80,83,86,90,88,82,89,80,81,80,90,85,89,86,86,82,81,79,83,80,87,77,87,80,85,83,76,79,84,77,93,82,83,82,81,84,86,84,83,84,84,80,88,84,85,83,75,78,89,86,76,86,83,77,72,84,83,83,84,86,87,87,NA,NA,NA,NA,NA,NA,NA,NA,NA,NA,NA,NA,NA,NA,NA,NA,NA,NA,NA,NA,NA,NA,NA,NA,NA,NA,NA,NA,NA,NA,NA
NA,NA,NA,NA,NA,NA,NA,NA,NA,NA,NA,NA,NA,NA,NA,NA,NA,NA,NA,NA,103,103,102,106,105,96,98,106,106,104,97,103,96,99,102,102,104,87,89,98,95,91,91,91,95,87,93,95,97,92,90,89,88,90,94,91,95,90,87,81,93,84,89,87,86,81,88,87,88,87,88,92,86,88,86,86,92,96,77,76,85,75,94,92,92,90,90,70,78,79,83,70,78,80,79,73,78,82,79,86,74,73,78,83,70,67,85,70,87,73,72,78,82,82,69,77,75,71,78,80,72,83,87,80,74,72,71,72,70,79,80,79,67,73,76,68,65,64,69,74,65,73,77,71,74,72,69,77,71,76,66,74,74,71,72,76,61,59,57,74,72,64,77,78,56,60,65,64,71,63,58,67,78,83,63,72,75,66,75,79,61,88,64,77,76,67,66,68,72,71,64,63,64,61,59,71,56,68,57,62,68,70,64,68,69,72,65,70,58,58,64,65,72,76,67,68,66,70,74,70,63,74,77,75,57,63,67,70,72,67,75,67,65,63,59,75,73,66,62,65,66,72,69,74,67,74,64,78,73,70,83,70,76,68,77,78,81,72,66,71,72,73,72,69,72,76,65,75,72,70,77,81,82,81,76,82,70,77,78,82,76,72,94,81,71,76,71,77,83,80,70,68,70,79,75,89,82,75,75,80,84,76,82,87,86,78,81,85,81,92,84,84,86,87,82,83,83,91,86,87,79,89,88,76,85,84,83,77,83,85,75,84,88,80,76,84,77,79,80,83,87,81,84,80,87,88,84,83,85,87,86,79,88,85,83,72,87,78,86,86,72,73,74,85,84,84,87,85,84,86,NA,NA,NA,NA,NA,NA,NA,NA,NA,NA,NA,NA,NA,NA,NA,NA,NA,NA,NA,NA,NA,NA,NA,NA,NA,NA,NA,NA,NA,NA
NA,NA,NA,NA,NA,NA,NA,NA,NA,NA,NA,NA,NA,NA,NA,NA,NA,NA,NA,NA,106,79,107,106,105,99,99,102,97,105,105,101,98,103,91,95,99,100,89,98,98,89,94,92,88,93,92,86,95,86,91,85,91,93,87,90,90,84,85,87,90,87,90,81,83,85,86,85,82,85,85,84,85,87,78,86,78,84,77,87,78,96,92,94,90,75,91,81,79,79,73,67,84,80,89,78,87,85,89,79,72,69,75,74,63,73,86,80,69,77,85,74,87,73,80,74,75,71,74,70,67,78,76,66,70,73,78,75,82,83,78,69,77,81,70,72,78,70,69,74,74,74,68,79,83,72,67,65,72,69,78,64,77,75,58,60,61,63,68,51,59,81,78,76,70,68,56,73,75,72,60,68,73,59,67,65,59,78,71,66,79,79,68,80,56,58,66,67,67,63,69,67,56,74,68,77,66,58,58,70,62,55,70,67,65,81,67,59,50,68,69,70,71,63,67,61,72,73,64,67,75,66,65,73,67,59,68,72,65,73,68,64,63,72,71,69,66,71,65,69,65,78,68,67,77,77,68,64,73,73,83,79,66,79,67,70,71,68,73,81,70,80,72,73,60,85,78,78,75,73,65,77,76,71,83,78,77,72,93,86,87,71,71,85,82,80,70,78,77,80,81,71,72,80,73,79,81,75,84,81,85,75,90,80,75,82,82,90,86,88,90,87,88,86,89,85,89,82,87,86,88,82,86,81,87,93,89,85,91,87,80,91,86,97,77,89,79,80,74,78,80,88,86,87,84,84,84,84,81,87,83,87,81,87,86,87,72,85,78,89,84,84,70,85,87,86,84,88,88,86,NA,NA,NA,NA,NA,NA,NA,NA,NA,NA,NA,NA,NA,NA,NA,NA,NA,NA,NA,NA,NA,NA,NA,NA,NA,NA,NA,NA,NA,NA
NA,NA,NA,NA,NA,NA,NA,NA,NA,NA,NA,NA,NA,NA,NA,NA,NA,NA,NA,NA,NA,NA,NA,99,103,100,103,102,99,96,106,95,107,95,102,93,94,99,96,97,92,94,96,89,87,88,88,94,89,86,85,89,90,91,90,88,95,85,85,90,92,87,86,87,89,88,83,90,83,87,87,82,87,88,85,87,75,86,81,77,92,82,87,74,76,93,78,78,84,82,80,83,85,80,70,75,79,75,71,78,80,77,82,70,77,64,81,74,85,82,79,72,71,71,76,69,71,66,67,66,69,74,73,72,78,72,78,84,78,75,72,70,76,72,76,66,58,75,68,73,70,78,78,67,73,82,82,78,77,67,77,72,88,63,64,71,69,56,62,69,79,75,73,82,70,62,67,64,68,60,63,55,69,65,65,63,68,70,66,72,60,70,74,55,59,65,58,71,66,68,64,68,63,73,62,65,76,62,64,71,62,71,58,66,68,65,71,68,57,60,61,56,67,65,74,71,62,73,71,75,66,70,77,63,81,58,72,55,52,55,71,67,63,70,71,75,65,74,77,84,73,78,68,63,69,74,72,69,74,76,69,71,77,71,81,76,68,70,72,80,75,80,79,70,69,83,60,62,63,72,77,81,71,69,76,83,75,71,78,67,73,79,77,71,74,76,82,79,81,75,72,77,74,72,87,82,86,81,75,82,76,82,83,80,83,86,82,84,93,90,95,91,82,98,91,84,86,88,81,81,81,84,87,86,89,89,86,88,84,81,82,81,85,80,89,89,85,81,91,84,78,79,89,84,87,87,86,87,84,84,83,86,88,86,83,84,73,91,88,91,87,83,77,85,85,87,88,87,NA,NA,NA,NA,NA,NA,NA,NA,NA,NA,NA,NA,NA,NA,NA,NA,NA,NA,NA,NA,NA,NA,NA,NA,NA,NA,NA,NA,NA,NA,NA,NA
NA,NA,NA,NA,NA,NA,NA,NA,NA,NA,NA,NA,NA,NA,NA,NA,NA,NA,NA,NA,NA,NA,106,107,104,99,98,99,104,102,97,83,94,93,89,91,98,91,96,97,92,97,92,86,91,89,85,86,89,94,85,92,83,89,95,93,84,88,86,93,87,91,85,83,92,86,86,86,86,88,82,87,91,88,90,76,78,78,77,76,74,68,87,75,83,79,79,69,80,77,81,82,88,75,73,84,74,75,81,76,81,71,71,70,68,71,72,76,80,76,77,73,84,71,79,78,76,72,75,83,88,74,82,78,80,74,80,82,70,72,81,78,63,70,77,69,76,81,71,71,71,67,77,73,75,79,78,74,62,77,79,61,64,77,74,77,72,69,65,66,73,72,82,63,61,68,62,67,66,62,72,69,58,67,63,65,66,75,65,77,79,73,75,60,55,60,66,70,67,68,63,64,65,69,68,65,63,59,64,63,65,63,65,66,73,74,66,72,63,69,65,62,68,75,67,62,72,72,63,69,77,60,77,68,67,69,62,67,70,72,63,67,66,72,71,69,65,67,81,62,70,69,76,73,73,65,70,80,76,74,71,71,66,67,73,76,72,73,68,74,75,71,84,74,72,77,90,66,80,73,77,81,75,74,78,76,82,62,79,77,73,76,74,67,85,82,76,91,86,89,89,82,81,67,88,92,83,90,77,76,76,85,78,86,87,85,78,86,82,81,83,92,76,85,83,86,84,91,83,89,85,88,86,80,84,94,88,90,89,84,86,75,81,92,86,89,90,86,78,83,85,86,86,86,85,86,86,82,87,87,81,87,79,84,83,87,86,87,85,84,84,89,85,87,85,84,86,88,NA,NA,NA,NA,NA,NA,NA,NA,NA,NA,NA,NA,NA,NA,NA,NA,NA,NA,NA,NA,NA,NA,NA,NA,NA,NA,NA,NA,NA,NA,NA,NA
NA,NA,NA,NA,NA,NA,NA,NA,NA,NA,NA,NA,NA,NA,NA,NA,NA,NA,NA,NA,NA,NA,NA,104,100,93,93,95,100,93,100,94,94,91,90,90,99,96,97,91,93,94,88,89,86,86,91,92,86,91,90,90,90,95,92,90,89,84,90,85,88,85,88,87,90,93,93,92,84,96,91,99,76,89,79,88,70,80,89,85,75,95,88,88,90,78,69,83,80,82,74,85,74,86,80,89,73,81,75,68,79,62,71,75,77,84,73,80,71,79,86,84,78,76,73,66,78,73,76,75,74,75,82,82,70,74,82,79,77,70,87,81,77,85,65,61,74,68,75,67,75,76,84,72,77,74,75,71,80,64,73,70,76,66,77,67,55,55,78,64,66,76,64,60,72,67,67,61,55,61,66,59,82,62,67,74,65,77,70,76,58,71,68,57,59,86,62,54,61,65,60,62,66,60,80,62,70,69,72,68,70,75,63,70,67,78,55,63,55,67,72,73,68,69,67,72,68,65,72,57,67,59,77,83,72,70,73,68,69,68,74,66,68,60,62,79,65,63,78,70,73,70,64,70,73,83,77,70,72,78,72,73,70,75,84,74,79,78,71,72,65,76,75,81,76,72,76,83,78,78,72,72,79,61,58,78,76,83,71,77,75,78,69,70,69,72,81,65,71,81,85,88,90,87,74,86,85,78,88,87,85,80,77,84,80,86,84,89,83,83,85,82,83,92,89,94,94,92,82,87,94,90,91,91,87,85,92,88,84,87,84,90,90,91,92,89,87,91,82,78,78,82,86,87,88,86,86,87,90,84,84,87,86,86,83,85,90,86,87,89,88,84,83,81,89,89,77,NA,NA,NA,NA,NA,NA,NA,NA,NA,NA,NA,NA,NA,NA,NA,NA,NA,NA,NA,NA,NA,NA,NA,NA,NA,NA,NA,NA,NA,NA,NA,NA,NA
NA,NA,NA,NA,NA,NA,NA,NA,NA,NA,NA,NA,NA,NA,NA,NA,NA,NA,NA,NA,NA,NA,NA,104,98,98,100,90,94,96,97,83,99,102,91,99,90,97,93,94,95,97,89,85,87,96,90,92,90,85,95,95,92,88,87,90,93,86,91,91,92,92,89,89,90,86,93,86,87,95,95,90,85,79,80,86,80,77,90,79,77,90,94,76,71,95,79,86,76,74,85,85,82,79,79,83,81,73,79,64,86,72,65,80,74,78,81,73,77,82,71,76,79,76,72,86,78,81,73,68,82,85,79,76,78,81,76,77,82,75,69,72,62,70,61,68,69,75,67,62,72,82,80,87,81,79,77,71,74,77,71,71,77,74,66,76,56,65,66,59,61,76,64,68,63,75,70,62,57,58,64,61,62,62,64,58,72,66,79,70,84,56,72,78,62,56,59,57,69,62,75,75,70,78,62,73,64,62,58,64,66,68,63,72,69,68,65,74,61,68,69,63,70,75,72,70,63,74,62,69,68,62,64,64,67,59,72,72,71,69,66,65,65,70,71,75,56,79,74,77,75,80,65,78,73,83,69,71,68,79,69,73,73,75,77,73,75,74,82,72,66,70,85,66,74,75,79,79,74,78,64,71,73,79,80,69,80,84,78,80,78,72,83,82,73,78,68,68,90,79,76,87,84,79,87,76,87,86,80,83,79,80,82,84,82,85,82,87,87,81,83,83,82,89,90,89,84,89,93,92,87,89,88,80,89,89,88,93,88,89,87,91,92,90,91,86,87,89,90,91,76,74,80,78,87,88,84,91,90,83,91,87,85,87,86,92,83,81,79,90,83,90,90,88,85,85,NA,NA,NA,NA,NA,NA,NA,NA,NA,NA,NA,NA,NA,NA,NA,NA,NA,NA,NA,NA,NA,NA,NA,NA,NA,NA,NA,NA,NA,NA,NA,NA,NA,NA
NA,NA,NA,NA,NA,NA,NA,NA,NA,NA,NA,NA,NA,NA,NA,NA,NA,NA,NA,NA,NA,NA,NA,NA,NA,98,98,94,92,95,95,93,98,93,98,89,89,88,96,94,93,88,94,85,91,91,92,91,89,94,95,96,89,92,89,91,87,92,90,97,93,92,95,83,86,93,86,95,91,86,78,77,94,86,81,85,76,81,82,76,76,92,67,87,92,69,73,75,82,85,82,89,78,83,78,74,76,73,72,75,74,67,72,66,81,76,82,71,77,77,87,70,72,78,84,75,75,78,81,71,75,77,75,72,70,79,78,83,73,69,73,78,73,75,65,64,79,77,69,76,78,66,74,83,80,67,75,76,76,73,75,73,76,67,67,62,68,61,74,70,71,58,72,69,65,76,64,67,76,71,73,60,62,59,62,89,79,59,66,73,72,71,63,81,71,63,57,62,63,67,65,70,62,79,83,68,59,57,59,64,66,66,67,69,65,77,68,56,64,65,62,62,68,58,81,65,66,61,72,75,55,64,61,67,74,69,65,75,67,62,64,67,75,74,61,71,69,67,72,75,71,78,68,64,71,75,69,73,81,77,80,73,77,77,72,72,72,64,72,81,78,83,79,74,77,86,77,69,72,74,74,75,65,79,67,62,78,80,83,70,76,79,75,79,79,83,70,72,72,78,71,74,90,71,90,86,97,89,82,73,72,82,70,73,69,85,93,81,85,82,89,85,89,89,87,88,88,88,90,86,88,95,93,92,86,91,84,88,89,98,84,87,87,86,90,89,86,87,84,88,96,78,88,89,85,94,93,89,91,92,93,89,92,89,81,92,86,89,86,89,82,84,85,89,89,NA,NA,NA,NA,NA,NA,NA,NA,NA,NA,NA,NA,NA,NA,NA,NA,NA,NA,NA,NA,NA,NA,NA,NA,NA,NA,NA,NA,NA,NA,NA,NA,NA,NA,NA
NA,NA,NA,NA,NA,NA,NA,NA,NA,NA,NA,NA,NA,NA,NA,NA,NA,NA,NA,NA,NA,NA,NA,NA,NA,95,99,88,91,95,95,99,105,93,94,93,92,89,89,97,95,95,87,86,93,93,98,91,96,94,95,96,90,98,98,89,94,90,88,94,94,93,95,97,93,82,95,87,82,81,79,90,87,82,80,76,80,83,97,81,87,86,93,69,73,71,74,68,82,71,80,84,82,82,79,81,80,88,77,76,77,71,74,86,74,79,76,72,89,79,76,77,72,74,81,85,77,77,77,74,81,79,86,79,72,76,78,72,78,70,76,77,67,67,71,68,73,76,79,81,70,79,86,83,79,81,71,72,71,75,76,71,63,72,72,65,65,68,80,72,69,68,69,66,79,71,72,71,75,77,68,65,63,61,96,83,77,69,74,75,67,72,59,83,65,57,62,62,70,67,68,71,71,73,69,66,64,59,62,72,72,69,61,68,63,72,73,54,68,71,77,72,74,73,62,60,75,65,67,78,74,68,76,61,65,80,59,69,76,65,68,72,64,69,69,76,73,61,67,76,62,79,75,66,71,79,65,72,71,77,73,74,77,72,72,78,70,86,65,82,67,77,78,88,83,79,71,86,74,76,74,80,76,74,68,66,65,69,84,81,78,82,80,79,81,80,81,75,87,84,81,85,83,86,75,92,91,89,84,82,79,79,75,72,85,84,77,69,74,81,82,79,88,86,87,88,82,87,83,82,89,88,91,91,92,94,87,90,89,92,85,91,90,84,90,86,89,92,91,84,88,93,83,94,92,89,90,92,91,90,91,89,88,89,90,94,93,77,88,89,89,85,90,86,88,NA,NA,NA,NA,NA,NA,NA,NA,NA,NA,NA,NA,NA,NA,NA,NA,NA,NA,NA,NA,NA,NA,NA,NA,NA,NA,NA,NA,NA,NA,NA,NA,NA,NA,NA
NA,NA,NA,NA,NA,NA,NA,NA,NA,NA,NA,NA,NA,NA,NA,NA,NA,NA,NA,NA,NA,NA,NA,NA,98,96,93,89,89,96,95,95,105,94,95,102,94,94,89,97,95,96,91,90,91,88,95,93,100,87,89,91,92,94,94,90,98,95,92,96,96,89,92,86,88,92,90,80,78,95,82,77,92,78,84,83,81,86,92,84,91,95,93,88,71,88,71,71,73,75,83,85,85,83,77,82,88,78,70,74,79,80,80,83,78,70,73,77,71,74,72,70,79,84,74,86,84,77,73,81,74,81,72,72,70,74,83,72,72,78,74,69,72,65,71,62,64,66,79,65,74,70,73,76,74,77,81,76,77,77,70,90,74,71,74,66,66,74,68,70,74,74,68,68,73,76,71,79,50,65,68,65,56,88,63,81,79,69,73,75,73,77,64,81,59,63,66,54,70,61,62,77,50,59,65,75,56,74,67,66,80,64,64,75,67,77,71,67,55,67,62,69,66,70,73,68,68,59,61,72,80,74,68,68,66,64,62,74,64,76,76,65,70,67,66,72,77,74,72,78,74,75,63,60,69,68,61,73,76,78,68,80,79,74,72,75,72,72,77,64,87,68,72,85,83,82,79,83,71,69,71,54,66,78,76,83,71,67,74,74,80,77,79,78,78,76,81,73,78,84,83,87,92,92,92,79,93,87,90,88,78,82,82,71,81,72,86,87,85,85,81,86,79,90,86,99,92,85,89,84,88,88,86,92,91,88,83,88,89,98,91,96,88,91,86,92,81,91,89,90,86,89,88,84,91,85,92,88,89,89,92,89,96,79,79,79,93,93,87,87,89,90,90,91,NA,NA,NA,NA,NA,NA,NA,NA,NA,NA,NA,NA,NA,NA,NA,NA,NA,NA,NA,NA,NA,NA,NA,NA,NA,NA,NA,NA,NA,NA,NA,NA,NA,NA,NA,NA
NA,NA,NA,NA,NA,NA,NA,NA,NA,NA,NA,NA,NA,NA,NA,NA,NA,NA,NA,NA,NA,NA,NA,NA,NA,NA,94,94,93,96,96,100,95,104,100,94,95,93,89,96,94,95,94,92,92,90,98,95,98,97,92,88,95,88,99,92,98,89,90,97,96,94,81,89,93,85,89,80,88,79,80,82,80,81,81,92,82,98,79,94,85,94,94,75,89,82,79,70,87,83,82,83,81,77,79,82,85,77,82,69,77,80,78,79,85,76,80,73,72,81,74,79,79,79,81,76,80,80,72,82,78,78,76,71,78,72,74,80,81,85,69,64,77,62,73,77,69,72,70,77,63,81,79,82,84,71,75,75,77,67,70,80,74,72,67,62,68,75,81,71,60,68,79,72,76,73,78,80,82,79,60,81,61,80,61,77,74,82,75,73,75,80,78,82,82,77,62,51,54,60,68,73,60,68,70,68,69,75,74,64,70,71,78,68,67,75,71,70,65,68,71,75,67,69,66,65,72,70,74,76,75,66,70,66,70,77,64,72,81,77,77,74,69,71,62,67,74,77,76,69,67,68,69,70,68,74,69,68,71,68,67,69,74,70,72,71,72,74,79,74,81,76,70,76,75,84,74,79,70,72,73,80,71,84,79,85,86,64,76,83,84,79,79,75,83,78,79,73,74,80,79,89,84,87,92,88,90,88,87,83,77,77,85,87,84,87,72,87,79,87,90,85,82,76,90,84,85,89,89,89,94,88,91,93,89,86,86,88,92,94,95,88,92,89,89,85,88,86,84,86,88,93,87,87,89,86,92,89,89,89,89,90,94,82,81,88,87,87,90,82,90,91,91,87,93,NA,NA,NA,NA,NA,NA,NA,NA,NA,NA,NA,NA,NA,NA,NA,NA,NA,NA,NA,NA,NA,NA,NA,NA,NA,NA,NA,NA,NA,NA,NA,NA,NA,NA,NA
NA,NA,NA,NA,NA,NA,NA,NA,NA,NA,NA,NA,NA,NA,NA,NA,NA,NA,NA,NA,NA,NA,NA,NA,NA,NA,96,NA,NA,95,100,99,103,103,100,95,91,97,93,97,95,94,94,93,94,91,95,96,99,98,91,97,96,98,96,104,96,93,94,93,96,95,86,93,95,86,92,95,80,81,89,94,80,90,81,80,77,92,89,89,77,91,93,86,91,83,80,82,81,85,83,79,80,78,77,86,83,76,81,78,82,83,78,85,75,83,73,75,74,75,78,77,75,78,84,82,80,81,85,92,79,66,77,77,69,79,80,74,78,69,77,77,73,73,68,69,69,71,75,74,82,77,71,84,77,81,78,76,73,77,71,71,69,68,71,67,70,72,68,70,63,73,77,73,75,79,86,74,59,82,63,62,52,64,76,69,64,73,86,70,76,66,55,62,62,86,61,54,64,61,51,66,70,68,69,74,64,62,64,65,84,68,64,77,63,67,76,62,61,74,73,65,66,70,67,68,63,70,66,65,78,74,70,66,73,54,70,84,81,72,73,73,65,80,65,75,74,82,74,70,78,79,62,72,73,69,70,70,66,75,74,78,76,67,75,73,79,76,74,72,64,72,74,84,85,77,84,77,79,83,83,71,66,83,82,80,65,94,74,64,92,78,78,93,80,72,82,85,79,82,78,77,76,78,93,74,76,101,84,87,80,83,82,81,75,77,76,89,83,84,84,85,88,78,79,84,87,92,96,89,98,94,87,89,87,90,90,85,91,85,95,91,93,89,80,89,91,91,86,84,88,86,85,92,88,90,90,90,86,96,96,92,88,95,95,81,82,90,82,89,89,82,75,87,93,NA,NA,NA,NA,NA,NA,NA,NA,NA,NA,NA,NA,NA,NA,NA,NA,NA,NA,NA,NA,NA,NA,NA,NA,NA,NA,NA,NA,NA,NA,NA,NA,NA,NA,NA
NA,NA,NA,NA,NA,NA,NA,NA,NA,NA,NA,NA,NA,NA,NA,NA,NA,NA,NA,NA,NA,NA,NA,NA,NA,NA,NA,NA,100,88,103,100,99,94,94,91,93,92,92,95,91,95,94,96,96,104,95,98,99,92,88,96,88,99,102,95,94,94,95,103,96,88,87,86,89,88,79,79,79,97,80,83,80,81,81,85,88,92,76,100,96,95,73,75,72,75,83,80,80,87,86,83,84,81,83,66,81,80,84,76,77,81,87,81,91,79,74,78,80,78,78,72,73,82,86,81,74,87,80,88,82,75,78,73,75,82,83,76,82,65,72,75,73,75,73,70,66,72,77,77,74,77,79,75,80,77,73,69,72,71,79,73,69,76,73,77,72,65,66,73,72,67,79,59,91,86,82,66,90,79,66,73,74,76,50,67,79,76,74,64,62,75,58,60,84,58,59,66,61,70,65,69,58,62,67,78,69,64,70,69,73,81,69,63,62,69,71,65,62,69,65,65,69,65,65,68,70,71,85,73,74,74,81,68,75,66,70,84,62,80,86,63,74,68,75,70,72,80,75,70,73,78,78,77,80,73,74,78,73,63,72,69,69,72,82,73,75,72,80,78,82,74,74,74,79,79,86,69,74,83,81,82,76,75,76,87,87,82,77,66,65,78,76,89,91,81,75,79,83,82,80,83,81,72,92,90,87,90,90,97,79,91,90,76,87,78,73,86,83,85,83,86,85,88,87,93,84,81,82,89,86,89,91,95,90,85,82,85,89,88,85,86,86,86,94,91,93,87,86,86,91,93,84,86,90,90,89,88,90,91,93,93,94,90,94,87,82,80,89,81,88,88,82,91,91,92,NA,NA,NA,NA,NA,NA,NA,NA,NA,NA,NA,NA,NA,NA,NA,NA,NA,NA,NA,NA,NA,NA,NA,NA,NA,NA,NA,NA,NA,NA,NA,NA,NA,NA
NA,NA,NA,NA,NA,NA,NA,NA,NA,NA,NA,NA,NA,NA,NA,NA,NA,NA,NA,NA,NA,NA,NA,NA,NA,NA,NA,91,95,99,101,93,97,97,89,95,95,90,95,93,93,94,104,94,105,105,98,97,103,97,92,98,86,95,95,95,97,79,90,79,97,84,98,84,92,78,91,95,95,85,82,79,80,78,78,91,85,74,80,94,75,77,73,88,73,86,86,80,87,83,78,72,79,82,80,85,87,81,84,85,88,77,71,73,87,78,87,92,84,74,78,81,76,82,88,74,79,85,86,80,73,70,66,74,74,60,71,69,78,76,82,84,62,78,64,79,66,71,64,76,73,76,77,82,80,75,79,72,78,72,71,66,79,71,71,63,57,69,78,64,73,74,75,76,80,68,84,79,83,76,74,83,71,80,78,57,78,81,62,70,76,70,63,84,61,76,50,59,52,54,61,70,72,73,52,59,67,76,67,76,69,67,63,72,58,75,67,60,80,75,72,75,73,62,70,60,66,69,75,75,76,63,70,76,67,75,74,78,60,81,60,73,70,62,57,79,79,76,73,71,62,76,67,70,71,76,76,74,73,73,82,81,64,73,73,75,79,74,82,74,75,81,77,77,75,82,81,79,75,78,90,75,83,74,76,81,83,84,81,80,79,64,75,81,89,90,81,89,70,77,82,78,85,77,87,97,93,89,90,86,94,90,92,83,82,82,83,88,88,88,86,86,83,87,90,78,85,86,86,94,90,87,95,91,91,87,90,91,87,87,97,96,94,98,87,90,87,92,87,88,94,89,94,92,87,89,93,90,88,91,89,93,93,91,88,87,88,86,81,83,88,87,88,90,NA,NA,NA,NA,NA,NA,NA,NA,NA,NA,NA,NA,NA,NA,NA,NA,NA,NA,NA,NA,NA,NA,NA,NA,NA,NA,NA,NA,NA,NA,NA,NA,NA,NA,NA,NA
NA,NA,NA,NA,NA,NA,NA,NA,NA,NA,NA,NA,NA,NA,NA,NA,NA,NA,NA,NA,NA,NA,NA,NA,NA,NA,NA,101,92,98,99,95,101,92,92,95,98,94,92,94,92,95,96,101,90,95,96,100,92,98,104,86,82,96,93,91,95,91,82,85,84,80,78,80,84,92,80,78,83,88,74,93,80,81,91,74,82,76,75,73,74,72,80,84,84,81,79,88,78,73,84,75,84,79,81,78,85,90,80,81,75,87,83,86,82,80,76,76,80,73,86,77,79,86,81,79,90,87,83,73,73,76,70,77,66,78,69,74,83,78,79,65,80,74,67,79,78,79,69,68,75,85,71,73,71,71,67,79,69,69,77,78,70,73,63,68,61,73,87,74,82,62,85,81,60,72,63,84,72,79,65,80,77,72,70,83,71,61,60,88,61,64,58,87,82,57,79,65,68,70,74,70,70,74,51,64,62,73,76,61,63,75,67,55,67,73,68,57,63,72,75,73,71,56,69,73,67,75,87,76,77,63,67,72,72,66,75,85,80,66,77,70,64,61,79,74,76,71,74,67,79,70,70,76,75,86,74,69,78,79,67,79,85,76,69,69,72,80,73,77,73,69,76,78,81,88,86,87,88,79,83,83,78,82,82,85,77,81,85,81,78,82,90,81,75,84,84,81,78,79,76,77,79,83,84,88,94,89,85,84,91,102,93,80,87,74,83,83,80,85,83,79,90,79,86,94,87,85,80,87,87,82,84,83,94,98,91,91,91,94,91,87,95,89,87,95,86,90,84,91,91,85,89,89,92,86,90,87,92,93,91,89,90,94,89,87,93,91,95,82,91,83,NA,87,91,NA,NA,NA,NA,NA,NA,NA,NA,NA,NA,NA,NA,NA,NA,NA,NA,NA,NA,NA,NA,NA,NA,NA,NA,NA,NA,NA,NA,NA,NA,NA,NA,NA,NA,NA
NA,NA,NA,NA,NA,NA,NA,NA,NA,NA,NA,NA,NA,NA,NA,NA,NA,NA,NA,NA,NA,NA,NA,NA,NA,NA,NA,NA,NA,NA,99,94,94,99,94,96,96,93,94,95,93,96,96,92,98,97,103,96,98,102,103,99,103,95,96,92,102,85,92,91,85,84,89,97,80,77,80,73,96,90,89,84,78,78,75,79,75,75,91,76,73,79,74,77,64,87,84,79,77,85,74,75,80,82,86,84,85,79,86,82,77,86,84,85,74,76,75,81,80,81,84,76,74,84,77,83,91,81,75,73,73,81,79,77,75,71,81,85,74,79,72,83,79,78,76,77,78,79,75,76,84,75,84,71,68,71,84,82,72,81,74,68,70,70,75,66,77,57,69,81,81,86,85,78,71,90,68,77,73,76,61,83,83,65,79,56,67,72,68,71,66,57,66,78,70,78,58,64,68,67,72,72,68,73,74,62,68,68,72,63,64,57,65,67,72,70,72,60,69,71,70,76,77,74,64,74,68,72,68,76,68,72,79,68,71,67,80,81,73,83,77,75,59,76,73,68,83,78,80,64,85,66,73,65,72,70,79,86,75,82,71,74,75,76,72,70,70,73,77,77,71,79,75,74,79,70,86,87,74,74,80,72,89,75,88,74,78,72,77,86,78,86,83,80,84,84,79,88,78,87,86,90,77,76,86,79,93,81,80,92,92,86,78,78,94,96,99,84,93,87,90,84,87,90,81,91,88,82,84,79,86,85,85,85,83,93,86,90,94,90,100,95,93,95,98,96,95,95,90,89,87,92,92,84,90,93,89,89,87,89,93,94,93,93,89,91,90,92,82,88,NA,NA,87,NA,90,NA,NA,NA,NA,NA,NA,NA,NA,NA,NA,NA,NA,NA,NA,NA,NA,NA,NA,NA,NA,NA,NA,NA,NA,NA,NA,NA,NA,NA,NA,NA,NA,NA,NA,NA
NA,NA,NA,NA,NA,NA,NA,NA,NA,NA,NA,NA,NA,NA,NA,NA,NA,NA,NA,NA,NA,NA,NA,NA,NA,NA,NA,NA,NA,97,97,97,96,94,97,94,95,94,96,95,96,96,95,92,95,98,106,88,100,99,101,99,81,82,96,97,96,79,97,81,90,79,84,83,92,94,84,72,80,82,85,89,91,76,74,92,97,76,81,75,74,73,82,83,79,84,82,82,74,84,80,88,88,86,81,75,77,94,83,86,78,81,83,81,83,83,72,79,73,81,88,77,71,87,90,81,84,76,77,72,74,77,78,82,76,66,81,72,76,78,78,80,79,80,72,87,80,85,80,82,84,78,82,71,77,70,76,75,82,81,68,73,80,72,74,78,57,79,78,74,82,67,80,77,79,67,67,75,79,74,70,78,74,66,73,60,64,70,62,62,65,68,64,79,81,67,61,63,63,71,72,78,63,79,70,60,80,67,71,62,67,74,68,71,64,60,73,73,69,73,68,76,80,71,78,74,69,69,62,74,69,70,68,73,60,66,67,84,74,84,79,76,71,71,76,70,78,81,74,75,67,65,80,71,75,78,74,69,74,70,81,75,82,70,74,67,79,80,70,80,75,80,81,63,82,83,78,82,79,75,91,73,85,80,83,89,85,75,76,75,82,85,84,84,80,82,79,79,90,88,84,91,86,70,84,95,86,79,86,76,88,95,95,92,79,81,91,79,91,88,86,82,86,91,87,94,84,90,89,92,86,86,82,86,91,92,91,81,83,91,93,95,93,94,92,84,83,91,92,97,89,87,89,101,85,88,92,93,85,87,87,91,93,93,92,90,94,90,96,95,95,NA,NA,NA,NA,87,NA,NA,NA,NA,NA,NA,NA,NA,NA,NA,NA,NA,NA,NA,NA,NA,NA,NA,NA,NA,NA,NA,NA,NA,NA,NA,NA,NA,NA,NA,NA,NA,NA,NA
NA,NA,NA,NA,NA,NA,NA,NA,NA,NA,NA,NA,NA,NA,NA,NA,NA,NA,NA,NA,NA,NA,NA,NA,NA,NA,NA,NA,NA,NA,96,92,95,94,97,95,95,97,94,95,90,91,95,100,94,91,105,93,101,103,102,104,102,99,98,95,79,97,79,91,98,101,102,82,83,83,86,80,86,78,91,96,78,76,91,96,96,99,79,89,87,80,78,83,84,88,82,87,84,82,80,84,78,83,84,87,85,73,89,79,81,79,82,81,75,82,82,79,79,86,94,82,85,90,89,86,84,79,71,73,68,74,86,78,76,67,81,82,79,73,76,73,76,72,80,75,70,80,76,79,85,79,74,69,76,76,83,80,80,85,75,73,80,65,80,71,80,69,59,72,78,84,78,83,73,76,62,83,78,85,78,76,80,73,62,73,59,67,59,59,68,71,64,79,81,65,66,59,68,66,63,69,77,71,78,68,66,72,64,77,65,72,69,73,73,67,67,79,84,76,72,77,70,72,79,74,74,75,76,68,76,86,78,70,63,82,73,78,80,70,80,76,75,77,75,78,77,76,61,74,77,74,77,76,73,79,85,77,71,68,80,77,74,71,74,74,85,79,78,78,75,80,71,77,79,80,72,67,68,79,88,90,79,77,78,85,82,82,80,84,84,89,85,89,82,85,87,81,78,77,90,84,82,80,79,80,103,83,88,84,93,83,94,95,90,87,87,87,96,90,91,73,93,91,84,83,86,90,95,91,92,87,87,88,87,95,97,78,91,95,91,92,93,90,94,90,90,91,94,92,98,91,90,90,88,87,92,89,86,96,95,88,91,89,91,90,94,96,95,95,95,NA,NA,NA,NA,NA,NA,NA,NA,NA,NA,NA,NA,NA,NA,NA,NA,NA,NA,NA,NA,NA,NA,NA,NA,NA,NA,NA,NA,NA,NA,NA,NA,NA,NA,NA,NA,NA,NA,NA
NA,NA,NA,NA,NA,NA,NA,NA,NA,NA,NA,NA,NA,NA,NA,NA,NA,NA,NA,NA,NA,NA,NA,NA,NA,NA,NA,NA,NA,NA,96,95,95,95,94,97,97,97,93,92,95,96,96,101,100,102,101,103,101,104,105,101,102,91,92,96,83,94,90,91,99,102,82,86,81,79,80,94,88,95,90,94,80,90,93,90,96,72,86,88,78,85,93,87,80,81,75,82,78,83,80,80,81,83,84,89,78,77,81,82,71,79,77,82,84,79,82,94,79,90,86,78,85,80,87,84,82,83,72,73,74,76,68,71,70,83,82,82,75,85,79,78,79,75,77,82,72,77,83,87,78,83,86,75,80,77,78,81,70,73,77,64,68,86,76,74,71,61,75,78,83,74,79,80,76,70,77,78,80,86,81,81,81,63,64,79,59,72,67,67,77,83,75,75,62,70,48,52,65,76,73,74,75,62,70,63,67,68,63,64,67,72,62,69,73,66,79,82,71,73,75,80,69,69,74,74,76,75,68,76,73,71,75,79,65,73,80,69,65,83,82,71,72,71,93,84,73,76,82,69,71,76,78,82,69,81,75,76,81,77,84,80,69,79,77,76,79,76,80,72,74,80,72,75,82,82,82,69,82,92,80,79,79,82,81,79,74,74,83,82,78,83,87,76,84,83,83,85,77,75,85,77,81,84,84,81,85,91,96,82,80,82,96,94,92,91,88,84,92,91,86,90,87,91,83,89,80,81,87,86,82,91,87,92,97,94,93,77,80,91,82,93,94,91,89,94,90,94,96,94,91,89,91,92,91,87,91,93,91,89,96,90,87,91,91,94,93,91,96,95,NA,NA,NA,NA,NA,NA,NA,NA,NA,NA,NA,NA,NA,NA,NA,NA,NA,NA,NA,NA,NA,NA,NA,NA,NA,NA,NA,NA,NA,NA,NA,NA,NA,NA,NA,NA,NA,NA,NA,NA
NA,NA,NA,NA,NA,NA,NA,NA,NA,NA,NA,NA,NA,NA,NA,NA,NA,NA,NA,NA,NA,NA,NA,NA,NA,NA,NA,NA,NA,97,96,95,NA,95,96,97,93,94,89,92,97,95,95,107,101,107,107,105,100,103,81,99,100,99,95,96,101,93,79,97,84,85,81,83,84,74,74,92,92,90,91,97,89,76,75,77,94,90,89,85,89,83,85,74,83,76,81,84,84,84,83,84,80,80,81,86,83,81,78,77,72,71,82,72,83,82,87,84,71,82,87,82,90,75,78,79,86,81,70,78,75,77,77,80,75,69,78,86,76,84,80,77,74,78,76,79,73,66,84,84,73,70,69,78,80,76,79,79,76,82,77,77,64,79,73,80,89,60,77,76,79,79,66,77,72,75,70,80,75,90,84,75,62,64,82,66,57,75,82,79,75,79,69,77,88,62,61,66,57,66,66,68,72,74,65,69,67,71,80,66,66,69,74,62,80,68,69,80,70,72,72,80,79,74,74,65,78,71,66,75,73,77,77,66,68,74,74,66,79,66,74,78,73,67,77,85,77,73,66,72,59,79,84,74,77,78,74,85,88,73,77,78,74,74,80,77,80,76,75,75,80,82,74,79,71,81,73,83,76,70,82,85,84,70,86,86,88,82,86,82,83,80,82,83,84,88,86,88,82,87,81,84,84,85,83,98,75,92,81,86,85,75,85,94,94,86,88,87,72,89,91,88,88,97,91,80,76,82,77,86,85,90,89,83,86,85,89,95,88,93,88,93,87,94,92,92,90,93,94,89,92,93,89,91,91,87,92,92,84,90,86,90,89,88,88,92,97,97,95,95,96,NA,NA,NA,NA,NA,NA,NA,NA,NA,NA,NA,NA,NA,NA,NA,NA,NA,NA,NA,NA,NA,NA,NA,NA,NA,NA,NA,NA,NA,NA,NA,NA,NA,NA,NA,NA,NA,NA,NA
NA,NA,NA,NA,NA,NA,NA,NA,NA,NA,NA,NA,NA,NA,NA,NA,NA,NA,NA,NA,NA,NA,NA,NA,NA,NA,NA,NA,NA,95,97,NA,96,96,97,95,98,98,93,102,102,96,107,100,98,106,105,101,100,102,100,100,100,93,95,96,94,99,81,80,84,80,84,82,74,87,82,92,96,90,84,93,79,76,78,92,93,91,89,89,87,80,85,88,85,87,88,75,86,86,80,83,73,75,84,83,83,81,78,86,72,73,82,77,83,82,83,83,91,81,88,74,89,88,80,78,77,89,84,80,74,75,79,79,76,84,80,82,85,81,85,79,73,81,76,75,74,78,73,77,69,72,80,76,78,78,74,75,77,82,78,82,73,71,83,88,63,81,79,81,79,92,73,76,80,78,73,81,80,80,80,82,60,77,65,65,73,64,68,77,60,67,78,61,60,68,74,55,59,74,77,73,72,63,65,62,67,68,72,70,66,73,69,65,73,73,74,76,73,73,71,78,79,72,82,68,84,78,74,78,80,72,70,68,84,68,81,85,75,69,85,77,81,85,65,88,76,68,66,74,67,75,68,84,79,71,74,72,80,86,86,76,80,79,73,80,77,87,76,76,85,72,74,75,80,89,82,73,74,79,81,77,75,89,83,70,87,78,83,84,76,82,84,85,79,89,89,89,83,83,83,81,88,86,87,82,82,84,87,82,77,79,76,90,96,90,88,87,95,93,94,88,86,82,96,84,85,78,79,81,80,82,86,88,88,87,86,86,96,94,91,94,87,87,90,89,88,89,87,87,91,92,99,100,86,87,92,92,90,93,92,89,91,90,92,90,95,98,NA,NA,NA,NA,NA,NA,NA,NA,NA,NA,NA,NA,NA,NA,NA,NA,NA,NA,NA,NA,NA,NA,NA,NA,NA,NA,NA,NA,NA,NA,NA,NA,NA,NA,NA,NA,NA,NA,NA,NA,NA,NA
NA,NA,NA,NA,NA,NA,NA,NA,NA,NA,NA,NA,NA,NA,NA,NA,NA,NA,NA,NA,NA,NA,NA,NA,NA,NA,NA,NA,NA,NA,97,97,NA,95,96,98,91,97,97,102,107,95,107,106,106,103,103,99,104,92,101,92,101,95,95,100,97,82,82,83,81,83,83,86,81,93,80,94,92,91,76,75,76,83,75,91,88,90,88,86,86,86,88,95,81,88,83,82,85,90,86,83,79,84,87,79,82,87,82,78,76,85,80,80,81,87,74,90,82,80,90,86,86,79,80,84,77,86,68,74,74,82,76,79,72,77,86,76,81,78,75,73,81,73,80,78,84,77,77,78,77,83,78,80,84,86,71,64,70,70,74,71,76,65,83,80,81,76,75,92,80,69,72,79,77,80,85,93,86,82,72,83,65,77,70,68,85,69,78,59,77,68,79,63,72,62,56,62,72,72,65,82,65,68,70,70,72,65,64,68,70,62,78,67,72,85,70,79,78,83,71,74,76,68,76,56,67,69,72,76,69,71,64,68,68,72,80,65,70,87,77,81,86,66,80,76,70,88,79,77,75,77,76,76,81,71,82,79,73,74,87,78,91,72,83,76,81,83,87,76,77,81,73,77,76,72,92,79,77,69,77,71,79,85,77,80,80,87,80,81,78,82,81,78,80,82,82,85,83,86,87,87,81,86,78,83,84,85,84,78,78,79,88,76,75,96,93,83,84,96,87,87,87,92,85,88,88,87,86,86,86,85,84,85,89,93,87,86,88,95,88,83,92,91,94,93,93,92,88,89,89,96,94,90,86,90,92,89,92,93,91,90,92,93,87,93,95,90,100,NA,NA,NA,NA,NA,NA,NA,NA,NA,NA,NA,NA,NA,NA,NA,NA,NA,NA,NA,NA,NA,NA,NA,NA,NA,NA,NA,NA,NA,NA,NA,NA,NA,NA,NA,NA,NA,NA,NA,NA,NA
NA,NA,NA,NA,NA,NA,NA,NA,NA,NA,NA,NA,NA,NA,NA,NA,NA,NA,NA,NA,NA,NA,NA,NA,NA,NA,NA,NA,NA,NA,97,NA,NA,NA,NA,NA,95,91,94,96,106,107,105,106,105,105,102,105,102,84,93,83,93,81,98,101,81,82,84,84,81,84,84,82,93,81,95,96,88,93,75,84,86,83,90,90,92,86,87,88,94,86,89,89,83,91,88,82,85,86,87,89,88,81,81,73,90,83,82,82,84,81,78,80,81,85,76,79,98,85,89,82,91,87,68,81,80,71,84,77,79,78,73,73,67,66,65,79,84,83,77,87,74,80,73,89,85,66,84,72,70,78,89,75,76,74,74,77,69,70,79,72,67,73,74,89,85,84,77,88,88,75,86,84,82,81,85,76,82,85,82,74,60,78,78,81,76,80,76,89,72,83,66,64,72,74,64,65,75,75,71,70,54,65,63,74,73,72,76,62,73,75,71,72,72,71,73,62,63,80,71,75,75,75,72,80,67,69,78,75,74,80,79,78,64,67,90,74,73,67,76,74,62,80,86,85,86,76,73,83,62,74,78,65,73,84,75,75,78,83,78,79,82,83,85,79,72,85,82,76,82,79,86,83,70,84,77,69,78,82,74,80,73,80,72,87,80,78,77,78,84,87,85,88,81,86,82,82,90,86,88,84,84,85,83,87,81,87,85,86,84,83,86,85,75,84,94,94,91,87,79,83,104,101,102,100,93,88,91,85,80,84,79,85,84,91,87,90,93,90,97,90,93,94,96,90,86,88,92,89,95,90,94,94,95,89,92,92,88,89,91,93,90,86,92,88,89,97,96,NA,NA,NA,NA,NA,NA,NA,NA,NA,NA,NA,NA,NA,NA,NA,NA,NA,NA,NA,NA,NA,NA,NA,NA,NA,NA,NA,NA,NA,NA,NA,NA,NA,NA,NA,NA,NA,NA,NA,NA,NA
NA,NA,NA,NA,NA,NA,NA,NA,NA,NA,NA,NA,NA,NA,NA,NA,NA,NA,NA,NA,NA,NA,NA,NA,NA,NA,NA,NA,NA,NA,NA,NA,NA,NA,NA,NA,93,NA,95,106,106,106,102,106,105,102,103,101,86,97,104,98,82,82,81,81,80,97,83,89,81,96,93,88,83,94,87,86,97,95,78,79,86,90,85,90,81,83,86,87,87,86,81,79,88,85,90,76,84,88,84,81,80,79,79,85,83,81,85,87,84,80,78,79,83,80,91,74,82,84,87,77,86,78,88,86,89,72,72,73,83,81,62,73,71,84,75,83,89,81,84,73,83,67,78,85,76,75,71,73,79,81,79,69,80,78,71,76,73,72,75,78,84,72,80,78,81,80,81,91,74,85,79,80,83,83,84,79,81,78,82,62,61,66,78,77,85,61,79,65,67,64,83,60,72,77,62,76,64,67,69,70,67,69,69,78,70,74,68,66,71,66,66,75,63,65,74,66,81,59,73,76,74,72,80,73,62,75,85,67,72,73,71,71,80,79,75,74,71,79,75,68,69,85,81,76,87,87,77,61,76,63,72,84,84,82,76,75,82,64,79,88,76,82,78,83,84,87,79,80,81,81,77,77,71,83,87,80,83,77,66,81,77,74,83,86,82,81,83,83,86,89,79,87,84,87,78,82,87,81,83,89,86,87,84,90,80,80,83,84,79,88,80,85,88,87,85,93,88,88,85,84,79,97,99,82,79,84,80,95,83,82,86,83,85,87,79,83,82,94,91,90,90,96,95,98,95,87,94,92,88,87,90,89,88,96,95,89,95,93,89,92,92,87,92,97,98,NA,100,98,NA,NA,NA,NA,NA,NA,NA,NA,NA,NA,NA,NA,NA,NA,NA,NA,NA,NA,NA,NA,NA,NA,NA,NA,NA,NA,NA,NA,NA,NA,NA,NA,NA,NA,NA,NA,NA,NA,NA,NA
NA,NA,NA,NA,NA,NA,NA,NA,NA,NA,NA,NA,NA,NA,NA,NA,NA,NA,NA,NA,NA,NA,NA,NA,NA,NA,NA,NA,NA,NA,NA,NA,NA,NA,NA,NA,NA,NA,95,105,103,103,104,106,101,103,104,84,102,94,103,83,81,81,100,80,99,86,89,91,85,87,89,87,94,95,98,95,80,83,81,80,83,96,86,88,82,83,90,82,87,90,91,90,84,84,83,85,93,78,80,84,82,82,91,82,78,81,89,84,89,86,88,83,88,84,86,85,75,91,91,86,75,84,82,69,70,73,74,82,74,69,74,77,83,81,73,69,75,85,74,81,82,75,80,70,68,79,79,80,81,78,82,81,78,72,71,75,81,71,82,62,76,83,70,76,74,89,66,89,83,84,88,86,79,80,77,73,80,79,73,65,64,64,62,78,86,81,77,76,81,63,60,60,63,78,71,68,73,71,77,67,62,68,63,66,67,74,71,66,73,72,65,73,69,63,66,85,74,68,74,71,70,70,76,76,76,74,78,79,68,75,79,68,75,66,71,84,81,75,78,75,67,82,73,78,90,79,86,76,62,78,80,76,76,69,68,72,67,74,83,86,78,82,80,82,83,88,85,79,76,81,80,81,85,77,79,86,82,78,84,68,84,82,85,79,80,78,77,79,81,83,85,84,80,83,79,79,82,87,85,86,77,85,86,84,86,89,85,83,78,92,80,85,89,85,82,77,76,94,79,83,95,101,91,95,81,93,81,81,81,85,84,85,84,86,88,85,92,81,95,89,88,93,98,95,98,95,95,91,87,90,97,99,90,91,86,91,89,90,93,91,87,87,87,93,NA,NA,NA,99,NA,NA,NA,NA,NA,NA,NA,NA,NA,NA,NA,NA,NA,NA,NA,NA,NA,NA,NA,NA,NA,NA,NA,NA,NA,NA,NA,NA,NA,NA,NA,NA,NA,NA,NA,NA,NA,NA,NA,NA
NA,NA,NA,NA,NA,NA,NA,NA,NA,NA,NA,NA,NA,NA,NA,NA,NA,NA,NA,NA,NA,NA,NA,NA,NA,NA,NA,NA,NA,NA,NA,NA,NA,NA,NA,NA,NA,NA,NA,103,104,105,99,105,102,101,100,101,97,98,98,97,83,86,83,87,88,82,84,76,75,92,90,93,98,93,73,79,80,92,80,89,88,88,95,86,88,88,83,91,91,86,87,89,87,83,89,91,87,78,86,88,77,87,91,79,77,90,84,83,89,80,87,84,76,86,83,81,87,87,84,89,81,78,87,89,80,84,79,78,77,81,73,77,70,80,83,70,88,78,76,65,75,82,79,88,81,79,69,63,74,76,76,80,75,76,71,72,80,80,75,75,73,79,78,63,85,71,89,78,77,83,83,79,84,79,81,85,73,78,63,66,82,66,81,62,73,88,76,75,70,74,63,69,76,88,66,77,76,77,65,72,62,66,69,70,65,78,74,66,66,62,70,62,77,73,77,76,73,65,68,73,75,69,75,74,79,74,71,75,76,78,57,79,75,65,82,80,66,73,82,83,82,71,84,79,85,78,82,86,83,77,69,75,75,77,73,67,65,81,78,79,71,76,86,81,83,87,81,78,80,78,79,78,87,86,76,86,69,82,82,81,77,82,71,76,78,88,72,89,86,86,92,75,79,85,80,84,89,84,83,90,84,95,84,82,84,82,79,81,82,94,77,86,92,90,86,72,79,91,87,92,80,76,97,92,81,88,78,81,80,87,87,92,79,85,96,81,80,95,89,92,90,90,92,91,92,93,98,93,97,84,97,95,90,90,91,90,91,93,94,91,98,92,96,97,NA,NA,NA,NA,NA,NA,NA,NA,NA,NA,NA,NA,NA,NA,NA,NA,NA,NA,NA,NA,NA,NA,NA,NA,NA,NA,NA,NA,NA,NA,NA,NA,NA,NA,NA,NA,NA,NA,NA,NA,NA,NA,NA,NA
NA,NA,NA,NA,NA,NA,NA,NA,NA,NA,NA,NA,NA,NA,NA,NA,NA,NA,NA,NA,NA,NA,NA,NA,NA,NA,NA,NA,NA,NA,NA,NA,NA,NA,NA,NA,NA,NA,NA,NA,106,101,102,103,102,106,98,94,104,101,100,83,95,80,87,79,83,88,79,94,91,95,93,95,93,79,92,81,85,83,90,87,83,84,92,86,81,79,84,87,88,83,97,83,94,82,85,95,96,78,91,77,93,91,77,83,88,85,89,88,86,87,90,83,91,91,91,96,84,73,88,96,93,85,75,80,75,84,81,75,76,76,65,75,78,75,80,75,71,71,77,77,73,78,76,78,86,76,76,80,79,81,77,73,68,80,78,71,78,86,77,77,74,78,79,87,82,85,84,81,97,87,81,79,80,79,83,80,78,85,69,84,73,86,75,65,84,85,77,62,74,73,67,71,84,67,69,76,77,77,82,64,72,73,73,71,65,69,74,75,74,75,66,72,66,66,77,78,68,76,79,79,71,80,79,71,70,72,84,68,75,71,66,76,82,73,81,84,67,73,79,81,79,84,86,84,75,84,87,89,74,70,69,74,76,84,80,71,76,71,77,85,75,81,79,82,82,81,73,77,83,81,83,88,80,85,79,84,78,82,78,89,82,85,81,79,76,76,85,76,83,84,77,87,81,80,85,92,87,90,90,87,91,88,83,84,83,82,86,80,81,87,89,86,90,88,93,83,91,85,83,94,85,81,97,80,86,88,79,93,91,86,84,86,84,82,95,84,83,87,93,87,93,81,80,87,91,91,99,100,95,92,94,97,92,91,91,89,91,90,92,95,89,91,94,NA,97,NA,NA,NA,NA,NA,NA,NA,NA,NA,NA,NA,NA,NA,NA,NA,NA,NA,NA,NA,NA,NA,NA,NA,NA,NA,NA,NA,NA,NA,NA,NA,NA,NA,NA,NA,NA,NA,NA,NA,NA,NA,NA,NA
NA,NA,NA,NA,NA,NA,NA,NA,NA,NA,NA,NA,NA,NA,NA,NA,NA,NA,NA,NA,NA,NA,NA,NA,NA,NA,NA,NA,NA,NA,NA,NA,NA,NA,NA,NA,NA,NA,NA,106,100,102,103,103,106,104,101,93,98,94,82,98,82,99,79,82,86,86,93,94,76,95,80,94,78,92,92,81,87,92,92,91,85,80,91,86,85,93,89,91,86,92,89,84,89,82,83,98,95,92,98,90,83,89,90,84,93,87,90,93,89,82,80,88,87,84,86,88,86,82,82,83,88,76,77,75,78,79,76,75,87,71,72,75,85,80,78,79,80,81,86,81,83,76,82,70,89,77,78,82,74,76,80,70,77,69,80,85,61,78,78,83,77,79,66,79,91,83,79,88,76,73,82,86,89,82,76,80,84,78,73,80,77,77,73,79,85,77,86,86,80,78,80,55,76,69,65,75,75,64,78,67,72,72,79,72,69,78,78,71,64,68,80,68,68,68,72,67,69,76,71,71,76,74,74,73,72,71,64,84,79,73,77,72,66,75,59,73,89,77,75,85,82,76,81,85,92,77,83,87,77,87,76,78,71,86,78,81,81,88,87,78,76,79,89,83,87,82,80,78,72,81,80,87,82,92,87,85,74,77,82,78,78,82,86,81,84,79,84,81,85,83,86,78,80,86,83,85,76,86,86,86,89,87,82,93,86,85,81,81,81,86,90,82,88,89,84,92,88,84,87,85,97,81,83,79,79,86,81,91,92,78,77,78,85,86,83,77,85,92,86,88,80,94,84,82,80,92,99,90,91,94,93,90,95,91,97,91,87,91,90,88,95,93,NA,94,NA,NA,NA,NA,NA,NA,NA,NA,NA,NA,NA,NA,NA,NA,NA,NA,NA,NA,NA,NA,NA,NA,NA,NA,NA,NA,NA,NA,NA,NA,NA,NA,NA,NA,NA,NA,NA,NA,NA,NA,NA,NA,NA,NA
NA,NA,NA,NA,NA,NA,NA,NA,NA,NA,NA,NA,NA,NA,NA,NA,NA,NA,NA,NA,NA,NA,NA,NA,NA,NA,NA,NA,NA,NA,NA,NA,NA,NA,NA,NA,NA,NA,NA,100,NA,99,103,105,102,102,101,102,84,85,93,83,87,83,81,87,81,97,96,77,81,81,93,80,94,92,91,89,89,89,87,93,85,80,89,81,88,88,83,87,86,94,90,86,91,86,97,92,93,82,83,83,80,86,86,89,91,89,90,89,86,82,82,90,85,81,91,76,87,92,88,92,79,80,69,78,81,79,76,67,81,75,71,72,78,79,83,71,90,83,86,93,87,83,85,83,77,76,86,75,75,79,81,80,75,80,70,82,91,85,86,81,74,89,79,87,90,79,94,78,80,83,84,91,77,76,80,77,82,82,77,82,77,71,74,83,84,92,79,77,77,75,71,60,80,82,61,67,73,80,71,69,74,80,66,71,72,66,68,79,73,75,74,77,62,77,68,72,70,72,65,72,82,77,80,79,77,69,83,94,80,70,65,70,71,77,78,85,81,79,75,76,84,79,91,83,92,92,79,80,86,83,85,79,71,74,81,74,83,73,81,72,88,77,86,83,82,81,79,78,74,81,85,82,80,82,85,80,81,82,89,87,86,81,77,81,78,82,73,86,92,89,85,88,85,84,89,81,76,94,93,89,84,90,85,85,88,89,91,88,87,81,82,89,83,87,80,81,76,84,84,86,87,88,80,81,92,92,86,89,87,84,89,87,88,86,78,85,81,86,90,91,88,92,90,91,81,90,92,98,96,93,90,96,92,97,93,98,90,89,90,95,98,94,95,NA,NA,NA,NA,NA,NA,NA,NA,NA,NA,NA,NA,NA,NA,NA,NA,NA,NA,NA,NA,NA,NA,NA,NA,NA,NA,NA,NA,NA,NA,NA,NA,NA,NA,NA,NA,NA,NA,NA,NA,NA,NA,NA,NA,NA
NA,NA,NA,NA,NA,NA,NA,NA,NA,NA,NA,NA,NA,NA,NA,NA,NA,NA,NA,NA,NA,NA,NA,NA,NA,NA,NA,NA,NA,NA,NA,NA,NA,NA,NA,NA,NA,NA,NA,NA,NA,NA,103,103,103,105,102,85,85,84,93,82,82,87,86,83,78,97,74,76,94,83,79,85,97,91,93,94,85,91,91,91,85,90,85,92,90,88,99,91,84,97,86,90,88,92,88,98,94,79,82,85,83,100,96,91,90,93,91,89,82,86,84,89,84,87,86,85,84,84,94,83,83,85,76,77,73,83,75,62,65,75,77,81,78,86,83,77,90,95,79,77,84,80,81,80,76,75,73,80,88,75,72,72,76,73,65,79,72,79,83,81,73,89,93,81,76,78,87,79,83,82,82,77,88,76,73,84,81,75,79,74,79,77,81,81,79,83,91,62,77,84,65,63,53,67,78,67,71,67,81,76,78,84,72,70,72,74,77,70,72,65,68,77,69,71,68,69,63,82,83,81,70,70,71,72,77,66,86,72,80,80,71,70,76,71,82,89,67,86,76,80,78,85,81,86,75,81,73,81,76,76,72,74,74,77,78,84,75,77,76,71,77,77,83,84,81,87,80,80,87,79,85,83,79,81,81,80,86,87,83,85,88,80,85,85,81,80,81,82,83,79,80,77,83,85,87,91,80,88,85,81,82,86,82,83,88,82,83,80,85,85,93,89,85,87,82,87,84,87,82,87,86,87,86,75,87,91,92,89,94,77,87,83,82,81,81,82,75,91,85,88,80,94,91,86,87,92,93,90,89,86,93,93,89,91,99,95,91,97,99,89,89,NA,NA,NA,NA,NA,NA,NA,NA,NA,NA,NA,NA,NA,NA,NA,NA,NA,NA,NA,NA,NA,NA,NA,NA,NA,NA,NA,NA,NA,NA,NA,NA,NA,NA,NA,NA,NA,NA,NA,NA,NA,NA,NA,NA,NA,NA,NA
NA,NA,NA,NA,NA,NA,NA,NA,NA,NA,NA,NA,NA,NA,NA,NA,NA,NA,NA,NA,NA,NA,NA,NA,NA,NA,NA,NA,NA,NA,NA,NA,NA,NA,NA,NA,NA,NA,NA,NA,NA,NA,104,98,103,83,83,84,82,94,87,83,81,78,77,94,78,85,88,90,77,79,81,86,92,94,89,85,84,85,87,85,84,91,74,87,84,94,93,93,90,84,88,90,85,84,91,89,95,80,80,78,92,98,91,91,85,93,87,85,89,81,77,87,94,85,85,92,86,81,80,78,79,81,74,75,73,75,71,73,83,76,71,74,75,76,82,91,82,79,84,88,82,82,83,83,87,78,82,79,79,77,77,78,71,72,74,79,78,81,81,76,74,97,87,84,86,82,92,86,82,77,86,83,80,76,77,75,91,87,73,84,73,91,76,83,88,80,83,80,92,66,75,77,67,69,63,64,83,71,81,68,82,69,70,68,64,74,66,74,62,67,77,71,74,69,68,66,76,72,72,62,72,71,65,86,84,77,85,76,77,79,66,76,82,75,69,93,89,66,85,87,81,85,78,73,83,88,77,68,82,83,81,73,78,74,71,63,82,83,84,74,77,74,72,85,75,75,73,80,86,79,81,83,77,85,86,81,78,81,77,83,82,78,83,85,88,81,87,79,89,84,83,85,83,90,83,91,86,90,83,81,86,88,85,81,82,93,82,83,94,84,95,85,87,90,89,83,92,86,85,81,85,88,91,88,86,91,81,85,87,94,86,78,88,82,78,78,82,82,83,88,90,93,90,95,88,88,89,95,90,97,86,86,97,90,95,101,100,98,91,NA,89,89,NA,NA,NA,NA,NA,NA,NA,NA,NA,NA,NA,NA,NA,NA,NA,NA,NA,NA,NA,NA,NA,NA,NA,NA,NA,NA,NA,NA,NA,NA,NA,NA,NA,NA,NA,NA,NA,NA,NA,NA,NA,NA,NA,NA,NA,NA
NA,NA,NA,NA,NA,NA,NA,NA,NA,NA,NA,NA,NA,NA,NA,NA,NA,NA,NA,NA,NA,NA,NA,NA,NA,NA,NA,NA,NA,NA,NA,NA,NA,NA,NA,NA,NA,NA,NA,NA,NA,NA,NA,104,NA,NA,102,83,86,92,85,82,83,78,76,76,96,94,75,78,82,83,86,93,92,84,83,92,87,91,89,84,90,90,90,88,93,83,90,89,92,85,90,83,84,84,94,92,84,83,94,80,86,91,95,91,78,88,78,88,91,91,87,90,90,86,90,84,81,75,81,79,78,80,65,78,80,79,78,79,71,78,74,75,72,83,80,85,81,77,77,89,86,83,76,85,77,82,89,77,78,68,73,78,77,70,84,81,70,75,68,78,87,88,81,88,82,78,84,90,82,80,75,76,77,76,75,78,82,79,77,86,75,74,60,90,84,83,87,73,83,86,61,69,69,68,66,66,72,67,72,70,72,71,72,77,73,63,67,73,63,72,68,79,76,76,78,68,80,73,86,75,78,73,74,79,80,75,74,74,73,76,74,73,76,74,84,80,84,67,82,82,88,80,86,83,83,89,94,90,91,84,92,64,76,80,71,83,69,81,79,80,74,76,79,74,74,75,82,83,80,95,83,74,74,77,76,87,82,85,85,81,89,80,84,84,84,81,83,85,82,86,83,83,86,84,89,86,85,88,94,87,83,84,83,88,87,86,83,81,94,95,88,87,87,87,87,88,82,89,92,88,85,87,89,90,89,88,86,88,95,87,82,85,85,89,84,78,79,82,91,87,90,89,92,86,84,87,98,99,93,100,97,90,94,101,101,99,97,96,98,NA,NA,NA,NA,NA,NA,NA,NA,NA,NA,NA,NA,NA,NA,NA,NA,NA,NA,NA,NA,NA,NA,NA,NA,NA,NA,NA,NA,NA,NA,NA,NA,NA,NA,NA,NA,NA,NA,NA,NA,NA,NA,NA,NA,NA,NA,NA,NA,NA
NA,NA,NA,NA,NA,NA,NA,NA,NA,NA,NA,NA,NA,NA,NA,NA,NA,NA,NA,NA,NA,NA,NA,NA,NA,NA,NA,NA,NA,NA,NA,NA,NA,NA,NA,NA,NA,NA,NA,NA,NA,NA,NA,NA,NA,83,85,84,86,85,86,76,75,75,95,99,98,96,83,96,89,87,93,88,88,92,88,84,85,92,92,93,88,88,91,88,86,87,91,95,94,83,87,88,90,90,87,89,89,88,81,80,77,84,89,86,85,92,99,87,89,84,87,86,87,81,87,85,85,88,77,90,83,72,71,81,83,78,81,85,77,74,81,76,83,89,76,84,72,78,75,76,82,78,82,89,75,86,78,82,83,74,71,82,70,70,84,84,79,85,80,68,76,90,80,85,90,88,89,75,91,84,82,78,74,79,80,79,85,86,71,81,76,83,88,85,84,88,87,92,79,58,85,68,60,66,79,77,69,75,70,72,80,75,78,74,69,65,64,71,74,76,61,69,71,71,81,69,85,66,84,71,75,83,78,75,61,72,71,74,75,78,78,82,66,69,77,69,71,85,84,83,83,78,82,90,83,98,84,87,83,86,85,94,69,77,68,84,70,71,73,76,76,75,80,79,73,76,86,76,77,80,80,74,76,86,74,83,85,74,83,82,84,79,88,80,84,83,81,80,82,85,82,82,81,85,96,82,84,90,85,93,86,89,90,87,84,79,76,79,86,91,89,84,84,85,90,92,92,84,84,89,88,83,88,89,93,88,88,86,81,88,85,85,86,88,82,80,90,82,82,87,88,88,90,95,88,86,91,93,95,89,84,97,84,97,102,101,98,NA,98,NA,NA,NA,NA,NA,NA,NA,NA,NA,NA,NA,NA,NA,NA,NA,NA,NA,NA,NA,NA,NA,NA,NA,NA,NA,NA,NA,NA,NA,NA,NA,NA,NA,NA,NA,NA,NA,NA,NA,NA,NA,NA,NA,NA,NA,NA,NA,NA,NA
NA,NA,NA,NA,NA,NA,NA,NA,NA,NA,NA,NA,NA,NA,NA,NA,NA,NA,NA,NA,NA,NA,NA,NA,NA,NA,NA,NA,NA,NA,NA,NA,NA,NA,NA,NA,NA,NA,NA,NA,NA,NA,NA,NA,NA,85,85,86,NA,84,86,82,84,98,97,98,77,96,93,95,91,89,91,91,92,93,88,88,87,88,87,90,88,94,90,92,89,88,82,95,86,89,95,92,87,88,91,88,89,92,96,84,84,93,92,94,97,84,96,87,93,85,86,90,89,87,86,83,90,84,71,78,74,81,77,78,80,78,77,89,73,82,80,80,83,80,93,83,80,74,77,79,82,84,77,77,78,79,82,76,81,75,79,82,78,79,82,79,82,82,73,79,84,82,81,89,84,88,96,80,75,81,86,86,73,58,83,84,83,80,63,78,77,83,93,92,87,89,74,71,78,61,89,75,67,62,74,66,78,72,64,77,74,81,67,80,78,75,74,74,69,72,64,72,76,84,76,86,71,83,71,73,71,70,74,79,74,81,67,79,75,76,77,76,76,65,84,68,75,85,67,81,83,84,85,86,83,84,92,88,98,89,74,84,89,67,66,74,78,79,72,82,72,83,82,81,78,77,77,77,84,77,78,89,89,81,90,77,84,78,87,83,84,80,90,82,86,78,85,84,79,83,83,83,80,78,76,91,85,83,96,81,87,89,87,83,82,84,94,83,89,82,90,92,88,85,89,93,88,84,87,86,84,86,88,92,89,88,84,91,86,83,89,85,92,93,90,91,80,82,83,82,81,88,82,89,79,91,85,98,90,94,86,101,94,95,84,97,98,91,NA,NA,NA,NA,NA,NA,NA,NA,NA,NA,NA,NA,NA,NA,NA,NA,NA,NA,NA,NA,NA,NA,NA,NA,NA,NA,NA,NA,NA,NA,NA,NA,NA,NA,NA,NA,NA,NA,NA,NA,NA,NA,NA,NA,NA,NA,NA,NA,NA,NA
NA,NA,NA,NA,NA,NA,NA,NA,NA,NA,NA,NA,NA,NA,NA,NA,NA,NA,NA,NA,NA,NA,NA,NA,NA,NA,NA,NA,NA,NA,NA,NA,NA,NA,NA,NA,NA,NA,NA,NA,NA,NA,NA,NA,NA,NA,NA,84,84,86,83,97,96,89,93,93,92,76,95,94,92,88,90,91,93,90,89,87,90,92,87,89,84,91,89,90,95,88,86,91,88,94,87,85,91,91,80,82,85,96,79,76,90,90,88,95,91,92,88,86,90,90,88,91,90,91,88,83,73,87,90,68,79,77,80,83,80,76,73,83,82,74,79,77,77,80,80,77,75,87,79,87,77,79,79,77,80,79,74,76,74,84,73,82,74,83,84,72,76,80,79,78,83,78,84,85,83,81,87,78,82,88,84,72,75,79,63,74,84,68,62,74,79,89,89,85,83,84,80,86,87,59,86,87,73,68,81,73,80,78,81,72,74,73,68,76,77,74,72,64,76,77,72,76,75,73,70,74,71,78,78,70,72,80,78,84,73,78,73,82,84,83,72,74,70,84,84,71,75,84,68,70,82,86,81,75,79,88,94,92,80,79,77,79,81,64,75,76,74,82,81,84,87,66,77,85,75,76,78,67,84,80,85,84,76,88,77,82,81,80,88,73,80,80,88,89,79,84,88,79,80,81,75,85,79,82,84,90,83,92,86,87,83,91,87,87,87,83,90,85,82,84,86,84,89,86,87,86,83,90,92,82,80,83,88,85,88,85,88,89,87,88,92,89,84,86,82,83,88,87,84,94,82,88,89,81,84,95,91,98,85,84,82,95,85,85,102,NA,NA,NA,NA,NA,NA,NA,NA,NA,NA,NA,NA,NA,NA,NA,NA,NA,NA,NA,NA,NA,NA,NA,NA,NA,NA,NA,NA,NA,NA,NA,NA,NA,NA,NA,NA,NA,NA,NA,NA,NA,NA,NA,NA,NA,NA,NA,NA,NA,NA,NA,NA,NA
NA,NA,NA,NA,NA,NA,NA,NA,NA,NA,NA,NA,NA,NA,NA,NA,NA,NA,NA,NA,NA,NA,NA,NA,NA,NA,NA,NA,NA,NA,NA,NA,NA,NA,NA,NA,NA,NA,NA,NA,NA,NA,NA,NA,NA,NA,NA,NA,NA,84,95,95,96,95,92,94,93,81,94,89,88,92,92,84,86,91,87,87,84,92,88,90,93,84,90,92,81,96,91,90,92,89,89,89,93,83,77,82,90,81,77,91,88,97,94,87,101,86,91,86,85,89,89,85,89,91,92,82,67,76,85,83,82,83,79,79,82,84,75,72,83,78,83,76,89,92,88,82,82,87,82,84,79,81,83,80,72,80,80,82,74,74,79,76,69,85,78,85,81,85,79,82,87,76,86,85,79,91,82,82,79,77,78,88,81,80,62,62,63,80,63,84,91,80,83,85,86,87,74,87,83,85,64,71,69,61,75,81,80,68,83,83,73,75,77,74,73,69,68,66,76,75,76,73,77,74,76,80,86,72,80,83,74,69,72,74,76,77,72,83,81,77,79,74,75,71,86,70,90,83,69,86,76,84,87,80,80,75,82,75,79,80,82,80,73,71,83,78,85,63,65,74,81,65,74,78,79,84,85,76,82,80,87,82,79,81,86,81,77,84,87,85,90,87,85,80,90,80,87,82,83,83,81,89,78,82,90,84,89,85,87,87,85,91,93,92,80,93,90,85,82,79,97,89,85,94,87,90,87,88,86,85,86,84,96,88,92,89,87,89,93,91,87,92,89,92,85,83,91,85,86,94,85,86,80,83,81,95,94,98,81,84,96,89,96,96,NA,101,NA,NA,NA,NA,NA,NA,NA,NA,NA,NA,NA,NA,NA,NA,NA,NA,NA,NA,NA,NA,NA,NA,NA,NA,NA,NA,NA,NA,NA,NA,NA,NA,NA,NA,NA,NA,NA,NA,NA,NA,NA,NA,NA,NA,NA,NA,NA,NA,NA,NA,NA,NA
NA,NA,NA,NA,NA,NA,NA,NA,NA,NA,NA,NA,NA,NA,NA,NA,NA,NA,NA,NA,NA,NA,NA,NA,NA,NA,NA,NA,NA,NA,NA,NA,NA,NA,NA,NA,NA,NA,NA,NA,NA,NA,NA,NA,NA,NA,NA,NA,NA,NA,94,86,96,88,95,89,92,91,88,93,97,89,89,88,89,91,85,85,89,88,91,87,92,91,87,87,88,85,98,95,91,92,91,78,85,94,80,84,86,96,86,97,95,96,96,99,86,89,99,88,87,90,82,88,84,90,95,82,74,85,86,83,78,84,75,74,75,74,84,88,74,86,79,83,80,93,79,77,88,85,80,84,87,82,84,82,79,84,77,88,76,83,89,85,78,87,79,77,79,82,90,81,84,87,80,91,78,79,77,79,74,77,75,76,82,84,73,83,76,85,70,89,88,94,91,72,82,85,82,85,89,88,84,74,78,70,76,73,71,64,76,80,66,87,69,69,70,71,77,79,76,76,74,76,71,72,71,72,71,77,70,79,81,75,80,82,77,73,80,80,79,81,70,81,79,67,89,79,74,85,78,79,76,79,86,86,77,86,75,86,84,81,78,81,94,70,82,76,80,80,67,86,57,77,88,83,78,81,77,81,78,83,84,80,86,82,76,84,81,81,82,89,80,86,89,90,85,86,85,85,84,79,92,85,88,85,87,83,80,82,81,85,86,83,87,84,86,87,90,88,86,91,86,83,91,92,92,92,89,86,90,86,81,85,88,90,92,93,90,89,92,94,95,93,92,92,87,87,85,89,89,90,90,83,81,80,96,96,94,84,90,97,84,97,87,NA,NA,NA,NA,NA,NA,NA,NA,NA,NA,NA,NA,NA,NA,NA,NA,NA,NA,NA,NA,NA,NA,NA,NA,NA,NA,NA,NA,NA,NA,NA,NA,NA,NA,NA,NA,NA,NA,NA,NA,NA,NA,NA,NA,NA,NA,NA,NA,NA,NA,NA,NA,NA,NA,NA
NA,NA,NA,NA,NA,NA,NA,NA,NA,NA,NA,NA,NA,NA,NA,NA,NA,NA,NA,NA,NA,NA,NA,NA,NA,NA,NA,NA,NA,NA,NA,NA,NA,NA,NA,NA,NA,NA,NA,NA,NA,NA,NA,NA,NA,NA,NA,NA,NA,NA,94,85,86,85,84,94,96,87,92,87,97,87,90,87,91,87,92,91,90,90,85,85,87,91,90,94,90,97,82,88,87,85,90,86,84,90,87,85,99,94,94,90,88,96,93,95,89,87,91,85,90,93,89,85,91,87,75,86,84,77,81,90,77,86,86,89,76,79,78,80,84,88,88,85,86,80,81,75,87,77,80,74,75,75,77,75,85,78,75,79,83,85,96,87,79,77,70,77,78,84,87,79,83,84,82,81,80,77,81,74,82,79,80,82,83,86,81,60,65,94,96,90,85,72,89,90,79,80,82,82,83,96,82,90,67,70,66,76,75,71,69,78,79,77,80,72,71,71,78,81,81,78,80,72,74,68,72,74,72,73,69,78,80,80,75,77,76,78,77,72,76,76,79,78,70,93,83,85,82,80,75,81,74,82,88,82,80,86,86,88,91,79,87,93,93,73,70,77,74,81,68,75,76,80,82,84,77,84,80,83,78,78,79,75,76,83,80,85,83,82,82,84,86,79,82,83,84,88,83,76,88,84,84,88,77,85,88,91,84,84,81,90,88,91,86,82,91,91,88,92,86,87,90,87,82,89,95,91,91,88,91,92,87,88,94,95,91,93,91,88,91,86,95,95,94,89,84,91,91,88,79,80,79,96,89,91,86,92,91,96,95,85,96,84,87,84,NA,NA,NA,NA,NA,NA,NA,NA,NA,NA,NA,NA,NA,NA,NA,NA,NA,NA,NA,NA,NA,NA,NA,NA,NA,NA,NA,NA,NA,NA,NA,NA,NA,NA,NA,NA,NA,NA,NA,NA,NA,NA,NA,NA,NA,NA,NA,NA,NA,NA,NA,NA,NA,NA
NA,NA,NA,NA,NA,NA,NA,NA,NA,NA,NA,NA,NA,NA,NA,NA,NA,NA,NA,NA,NA,NA,NA,NA,NA,NA,NA,NA,NA,NA,NA,NA,NA,NA,NA,NA,NA,NA,NA,NA,NA,NA,NA,NA,NA,NA,NA,NA,NA,87,87,91,91,92,90,89,94,87,91,89,88,96,88,91,88,93,90,82,99,87,88,88,89,87,89,82,85,87,87,88,90,101,87,81,82,78,91,82,91,94,90,98,96,89,96,91,91,92,90,89,93,91,87,82,70,82,74,68,84,83,71,68,75,82,90,81,90,75,78,79,83,83,88,77,80,85,88,87,92,91,77,85,85,78,78,79,82,78,79,76,74,85,80,86,75,74,79,83,87,78,84,84,83,84,83,89,83,77,79,77,79,75,85,87,82,85,81,68,81,90,78,94,93,82,89,75,81,81,82,84,92,91,85,90,70,75,80,75,78,75,72,76,68,76,78,72,76,79,80,72,71,73,71,81,74,78,71,80,77,73,71,74,75,74,77,79,80,79,76,77,80,79,79,73,68,76,88,79,85,70,77,71,73,92,71,91,86,86,77,81,76,96,86,93,74,71,80,71,70,85,71,71,67,77,78,86,81,86,82,81,84,77,81,88,82,80,78,89,79,84,83,85,80,84,83,80,82,82,86,85,90,82,82,85,84,83,87,81,90,83,87,85,85,82,94,86,92,87,90,94,88,87,88,88,87,88,86,82,89,92,89,93,90,88,86,93,88,92,92,90,90,86,90,90,84,87,91,89,85,91,90,79,92,89,89,93,89,91,90,85,80,94,NA,84,NA,83,NA,NA,NA,NA,NA,NA,NA,NA,NA,NA,NA,NA,NA,NA,NA,NA,NA,NA,NA,NA,NA,NA,NA,NA,NA,NA,NA,NA,NA,NA,NA,NA,NA,NA,NA,NA,NA,NA,NA,NA,NA,NA,NA,NA,NA,NA,NA,NA,NA,NA,NA,NA,NA,NA
NA,NA,NA,NA,NA,NA,NA,NA,NA,NA,NA,NA,NA,NA,NA,NA,NA,NA,NA,NA,NA,NA,NA,NA,NA,NA,NA,NA,NA,NA,NA,NA,NA,NA,NA,NA,NA,NA,NA,NA,NA,NA,NA,NA,NA,NA,NA,NA,NA,NA,NA,95,94,90,94,96,96,89,98,85,94,89,89,89,89,84,83,95,94,93,87,88,90,90,87,90,86,90,88,93,100,83,86,84,87,85,91,82,96,96,97,94,95,95,94,90,87,94,89,92,94,92,89,87,96,73,88,78,71,80,71,68,78,79,78,88,89,79,74,79,88,79,76,84,79,84,83,80,79,78,80,87,79,71,81,85,80,80,80,79,72,76,81,84,75,82,80,93,87,90,84,87,85,79,82,80,82,76,82,78,76,77,85,79,87,65,64,82,86,87,90,91,86,89,82,83,83,78,84,86,71,70,85,71,82,77,84,81,76,68,80,63,77,77,77,80,74,67,76,74,73,68,77,76,77,80,78,87,83,81,71,76,82,87,77,79,82,81,82,74,78,78,73,77,85,85,89,72,79,68,72,84,82,87,88,86,83,83,81,80,88,84,82,94,86,70,88,77,79,66,79,69,80,71,78,80,83,81,80,85,83,79,72,76,78,78,81,84,83,79,81,82,87,80,86,79,88,87,80,80,84,81,83,84,82,77,85,87,84,87,92,88,88,86,90,91,89,90,88,86,98,84,87,92,91,87,89,86,85,91,85,89,87,88,88,93,91,94,85,88,90,89,92,83,94,94,97,89,87,90,91,83,93,90,90,80,91,89,92,81,97,97,NA,NA,NA,NA,NA,NA,NA,NA,NA,NA,NA,NA,NA,NA,NA,NA,NA,NA,NA,NA,NA,NA,NA,NA,NA,NA,NA,NA,NA,NA,NA,NA,NA,NA,NA,NA,NA,NA,NA,NA,NA,NA,NA,NA,NA,NA,NA,NA,NA,NA,NA,NA,NA,NA,NA,NA,NA,NA
NA,NA,NA,NA,NA,NA,NA,NA,NA,NA,NA,NA,NA,NA,NA,NA,NA,NA,NA,NA,NA,NA,NA,NA,NA,NA,NA,NA,NA,NA,NA,NA,NA,NA,NA,NA,NA,NA,NA,NA,NA,NA,NA,NA,NA,NA,NA,NA,NA,NA,NA,94,95,92,95,95,89,89,97,89,85,91,97,89,99,98,94,91,91,93,89,90,91,86,96,95,94,89,92,89,88,85,86,85,78,85,89,94,86,99,97,91,88,91,90,88,88,94,85,91,89,79,95,83,84,89,74,71,79,90,84,71,80,83,80,83,85,77,82,89,84,72,76,87,80,88,74,75,78,84,91,90,88,84,74,84,88,80,84,81,73,79,74,80,85,80,85,87,91,84,80,95,74,89,83,85,82,82,77,78,84,79,76,74,86,78,91,90,81,74,81,87,93,95,82,83,74,91,84,90,84,75,75,79,62,90,75,71,69,81,76,65,89,86,84,74,76,65,79,65,73,76,73,78,68,79,79,78,69,64,70,80,71,88,81,78,83,74,79,79,74,75,74,82,85,78,87,68,72,68,74,71,90,77,82,79,83,93,87,81,85,85,86,85,85,68,87,68,79,80,76,75,73,62,84,79,79,81,82,79,71,81,76,85,82,77,80,84,80,83,83,82,77,81,78,87,91,79,88,84,85,83,90,89,87,79,85,86,90,84,87,88,86,85,90,91,87,86,88,89,86,95,88,88,91,90,93,88,89,91,88,92,92,88,91,95,89,90,97,90,87,89,91,88,91,88,95,85,87,94,93,93,91,93,89,93,92,91,94,83,99,98,84,NA,NA,NA,NA,NA,NA,NA,NA,NA,NA,NA,NA,NA,NA,NA,NA,NA,NA,NA,NA,NA,NA,NA,NA,NA,NA,NA,NA,NA,NA,NA,NA,NA,NA,NA,NA,NA,NA,NA,NA,NA,NA,NA,NA,NA,NA,NA,NA,NA,NA,NA,NA,NA,NA,NA,NA,NA
NA,NA,NA,NA,NA,NA,NA,NA,NA,NA,NA,NA,NA,NA,NA,NA,NA,NA,NA,NA,NA,NA,NA,NA,NA,NA,NA,NA,NA,NA,NA,NA,NA,NA,NA,NA,NA,NA,NA,NA,NA,NA,NA,NA,NA,NA,NA,NA,NA,NA,NA,94,NA,90,94,96,91,97,91,86,90,95,90,90,84,95,90,90,86,97,95,92,91,88,83,93,96,94,99,86,88,84,87,76,94,88,96,84,93,93,95,94,92,96,88,86,89,86,92,92,89,88,84,87,94,89,71,83,89,78,85,83,80,81,77,78,77,83,84,82,90,85,80,79,83,79,82,84,82,79,82,79,80,84,81,83,86,75,84,82,79,86,80,79,83,77,81,94,84,89,86,86,87,82,86,79,78,79,84,85,81,84,86,84,86,90,79,79,86,91,90,88,94,78,86,74,90,81,86,82,85,87,68,76,85,85,94,67,71,73,71,80,81,79,77,70,84,69,74,79,84,68,77,74,63,76,80,74,82,79,77,73,71,87,73,79,79,77,80,78,74,80,76,79,82,76,73,79,69,77,70,78,88,83,87,86,85,85,88,74,87,81,88,92,85,70,85,68,81,85,75,79,90,78,78,86,85,77,85,83,87,79,80,82,81,78,85,77,88,86,78,84,87,82,84,86,85,87,86,92,89,81,84,88,93,91,88,86,86,82,83,82,83,92,84,92,90,89,89,89,97,89,89,91,93,92,88,93,84,84,84,89,90,92,88,94,91,97,89,89,92,91,85,87,89,86,90,89,95,87,93,94,87,91,90,92,84,92,93,89,88,90,90,NA,NA,NA,NA,NA,NA,NA,NA,NA,NA,NA,NA,NA,NA,NA,NA,NA,NA,NA,NA,NA,NA,NA,NA,NA,NA,NA,NA,NA,NA,NA,NA,NA,NA,NA,NA,NA,NA,NA,NA,NA,NA,NA,NA,NA,NA,NA,NA,NA,NA,NA,NA,NA,NA,NA,NA,NA
NA,NA,NA,NA,NA,NA,NA,NA,NA,NA,NA,NA,NA,NA,NA,NA,NA,NA,NA,NA,NA,NA,NA,NA,NA,NA,NA,NA,NA,NA,NA,NA,NA,NA,NA,NA,NA,NA,NA,NA,NA,NA,NA,NA,NA,NA,NA,NA,NA,NA,NA,NA,NA,NA,96,87,92,93,84,90,92,87,94,95,92,92,91,89,94,94,91,95,91,97,90,93,96,89,87,88,85,84,83,100,91,94,93,97,95,97,96,95,97,88,93,94,87,94,86,84,89,84,89,80,80,80,83,71,84,85,80,88,83,76,76,75,84,76,80,82,82,78,80,83,77,82,83,88,84,85,79,77,80,87,81,89,80,85,77,81,81,88,80,84,82,86,96,82,71,81,89,89,83,84,78,87,85,80,94,87,89,73,83,83,86,91,81,86,94,70,83,85,82,88,93,86,95,84,83,91,81,82,70,91,90,86,88,87,90,74,72,74,81,75,77,74,71,78,75,87,84,76,81,74,77,78,78,80,71,71,67,69,80,91,89,87,81,75,84,76,85,81,75,74,80,79,83,86,71,72,73,79,67,84,86,86,85,84,92,90,85,89,86,88,86,76,96,82,75,89,81,76,80,92,83,73,85,88,83,80,78,84,82,79,82,77,81,84,77,81,89,84,86,79,80,79,87,92,85,90,92,88,79,82,89,87,81,85,87,83,88,84,87,85,82,83,91,89,87,92,86,95,87,96,94,83,89,88,98,87,92,89,91,89,87,95,93,96,87,93,101,96,97,87,88,95,89,96,88,98,98,97,91,86,80,90,92,88,88,87,80,95,90,98,81,NA,NA,NA,NA,NA,NA,NA,NA,NA,NA,NA,NA,NA,NA,NA,NA,NA,NA,NA,NA,NA,NA,NA,NA,NA,NA,NA,NA,NA,NA,NA,NA,NA,NA,NA,NA,NA,NA,NA,NA,NA,NA,NA,NA,NA,NA,NA,NA,NA,NA,NA,NA,NA,NA,NA
NA,NA,NA,NA,NA,NA,NA,NA,NA,NA,NA,NA,NA,NA,NA,NA,NA,NA,NA,NA,NA,NA,NA,NA,NA,NA,NA,NA,NA,NA,NA,NA,NA,NA,NA,NA,NA,NA,NA,NA,NA,NA,NA,NA,NA,NA,NA,NA,NA,NA,NA,NA,NA,NA,94,93,92,89,84,94,85,85,87,87,84,89,87,93,87,91,93,95,95,90,98,99,83,89,94,86,94,86,91,91,97,85,98,91,82,99,98,92,96,97,91,87,94,90,90,86,83,91,85,88,82,79,83,86,79,82,89,79,80,73,76,76,78,83,83,75,85,79,89,78,83,84,87,82,84,86,79,78,80,78,83,90,74,80,85,84,82,76,77,85,85,87,85,75,79,76,88,86,88,89,88,87,90,88,93,89,83,78,64,88,91,84,80,86,96,79,76,92,87,84,87,76,89,87,89,85,76,83,75,97,88,88,92,93,81,65,75,83,75,78,72,79,72,76,73,74,72,79,75,75,74,80,80,78,72,76,76,73,82,62,87,87,79,86,68,82,80,82,75,77,79,83,84,69,86,79,72,68,65,83,91,86,91,88,89,85,89,90,82,84,77,93,78,68,70,73,82,78,71,70,75,80,70,84,87,80,85,82,94,86,86,82,85,87,80,82,86,79,82,92,79,85,81,88,78,88,92,88,91,87,87,83,92,91,89,90,91,89,86,85,86,89,89,88,88,87,91,90,95,91,97,96,98,98,88,94,88,93,93,85,85,94,94,93,93,91,90,93,95,94,88,90,87,87,91,98,96,87,91,101,101,85,87,87,86,90,98,NA,NA,NA,NA,NA,NA,NA,NA,NA,NA,NA,NA,NA,NA,NA,NA,NA,NA,NA,NA,NA,NA,NA,NA,NA,NA,NA,NA,NA,NA,NA,NA,NA,NA,NA,NA,NA,NA,NA,NA,NA,NA,NA,NA,NA,NA,NA,NA,NA,NA,NA,NA,NA,NA,NA,NA,NA,NA,NA
NA,NA,NA,NA,NA,NA,NA,NA,NA,NA,NA,NA,NA,NA,NA,NA,NA,NA,NA,NA,NA,NA,NA,NA,NA,NA,NA,NA,NA,NA,NA,NA,NA,NA,NA,NA,NA,NA,NA,NA,NA,NA,NA,NA,NA,NA,NA,NA,NA,NA,NA,NA,NA,NA,94,NA,95,93,85,91,93,95,91,92,89,91,90,96,90,93,98,93,99,95,96,90,87,93,90,92,86,90,92,96,91,98,97,85,99,101,98,93,100,93,91,91,95,83,86,86,77,89,86,73,80,85,82,79,84,86,85,86,79,82,77,82,86,83,81,87,81,78,81,77,81,77,89,79,87,82,82,83,86,80,81,82,89,76,85,82,84,90,77,82,92,86,90,81,85,90,85,83,86,87,86,83,88,83,83,91,74,79,88,81,88,87,80,92,97,83,75,81,81,82,87,92,96,79,80,90,76,89,85,77,92,86,72,70,90,76,82,70,88,74,71,75,74,71,71,78,75,74,64,72,82,79,80,77,87,73,81,81,73,77,82,85,80,81,79,77,84,79,77,77,74,80,80,65,75,72,80,67,87,83,83,90,86,88,91,85,97,86,84,88,90,96,77,70,71,74,70,76,73,72,63,80,73,81,86,85,84,84,80,87,83,82,85,76,88,80,81,84,78,87,84,88,84,83,91,85,87,90,92,79,88,89,85,87,88,85,90,89,89,90,83,92,85,90,88,84,87,92,87,94,92,90,84,102,92,86,90,87,85,88,90,92,95,95,86,88,93,92,92,91,90,88,89,90,91,96,84,99,99,100,88,89,86,89,NA,NA,NA,NA,NA,NA,NA,NA,NA,NA,NA,NA,NA,NA,NA,NA,NA,NA,NA,NA,NA,NA,NA,NA,NA,NA,NA,NA,NA,NA,NA,NA,NA,NA,NA,NA,NA,NA,NA,NA,NA,NA,NA,NA,NA,NA,NA,NA,NA,NA,NA,NA,NA,NA,NA,NA,NA,NA,NA,NA,NA,NA
NA,NA,NA,NA,NA,NA,NA,NA,NA,NA,NA,NA,NA,NA,NA,NA,NA,NA,NA,NA,NA,NA,NA,NA,NA,NA,NA,NA,NA,NA,NA,NA,NA,NA,NA,NA,NA,NA,NA,NA,NA,NA,NA,NA,NA,NA,NA,NA,NA,NA,NA,NA,NA,NA,NA,NA,NA,93,93,93,86,94,85,90,95,96,86,97,90,91,97,94,91,96,99,86,88,94,97,93,90,86,95,86,86,95,93,95,100,98,95,100,89,94,91,96,92,87,89,85,84,82,79,80,79,82,86,78,75,81,91,90,80,83,79,85,80,77,72,81,78,80,87,78,80,83,85,79,80,77,86,82,84,78,80,70,88,79,81,81,87,87,83,84,85,87,84,84,90,93,83,78,94,87,86,86,91,85,81,89,83,65,75,85,83,84,79,83,92,90,87,83,80,85,84,83,83,85,92,94,84,74,90,91,97,71,71,72,73,75,79,72,82,71,75,75,73,68,74,77,74,76,81,69,63,71,84,74,80,86,83,81,82,87,82,78,67,84,87,83,80,72,79,69,77,76,77,81,70,82,74,74,72,88,83,92,92,88,89,85,86,91,94,89,80,83,86,74,75,71,66,85,68,73,73,79,70,73,93,87,84,77,87,85,80,84,83,89,83,89,85,82,89,85,84,82,84,86,87,83,83,84,81,86,82,81,89,87,85,82,91,91,89,91,97,93,86,86,91,87,89,86,82,92,90,88,90,97,98,99,85,83,89,83,98,99,93,90,96,97,88,93,92,97,91,88,90,88,91,99,100,93,97,96,88,99,89,94,NA,NA,NA,NA,NA,NA,NA,NA,NA,NA,NA,NA,NA,NA,NA,NA,NA,NA,NA,NA,NA,NA,NA,NA,NA,NA,NA,NA,NA,NA,NA,NA,NA,NA,NA,NA,NA,NA,NA,NA,NA,NA,NA,NA,NA,NA,NA,NA,NA,NA,NA,NA,NA,NA,NA,NA,NA,NA,NA,NA,NA,NA
NA,NA,NA,NA,NA,NA,NA,NA,NA,NA,NA,NA,NA,NA,NA,NA,NA,NA,NA,NA,NA,NA,NA,NA,NA,NA,NA,NA,NA,NA,NA,NA,NA,NA,NA,NA,NA,NA,NA,NA,NA,NA,NA,NA,NA,NA,NA,NA,NA,NA,NA,NA,NA,NA,NA,NA,87,95,84,95,86,92,95,95,92,87,96,93,89,92,93,86,100,96,96,97,92,87,98,89,83,87,86,92,94,92,93,91,94,100,94,92,96,94,96,82,86,90,93,89,85,79,85,84,81,83,78,82,84,86,80,87,80,80,83,76,75,76,78,85,82,80,78,82,76,76,81,86,79,80,85,90,85,86,88,75,87,85,84,82,85,79,81,82,74,93,86,90,89,84,85,90,92,90,85,83,88,80,90,87,81,79,85,84,88,85,84,86,93,80,81,82,83,80,91,81,83,97,100,85,94,90,92,96,88,88,87,74,77,88,73,75,82,76,80,77,72,66,70,75,80,83,83,69,65,71,78,77,74,84,73,85,86,70,69,81,88,85,85,78,87,84,74,71,79,78,88,81,81,78,72,69,69,89,88,89,79,73,82,87,91,82,85,89,89,75,74,75,76,66,72,83,63,66,69,69,72,79,72,87,83,83,88,79,78,83,81,83,91,83,87,90,81,93,82,84,87,90,86,81,86,86,88,86,96,83,90,84,85,86,86,90,87,82,89,87,94,88,87,93,86,87,92,85,88,91,93,101,92,93,84,86,87,91,84,93,92,93,97,96,94,96,97,99,95,91,92,96,93,95,88,100,86,95,86,95,88,89,NA,NA,NA,NA,NA,NA,NA,NA,NA,NA,NA,NA,NA,NA,NA,NA,NA,NA,NA,NA,NA,NA,NA,NA,NA,NA,NA,NA,NA,NA,NA,NA,NA,NA,NA,NA,NA,NA,NA,NA,NA,NA,NA,NA,NA,NA,NA,NA,NA,NA,NA,NA,NA,NA,NA,NA,NA,NA,NA,NA,NA,NA
NA,NA,NA,NA,NA,NA,NA,NA,NA,NA,NA,NA,NA,NA,NA,NA,NA,NA,NA,NA,NA,NA,NA,NA,NA,NA,NA,NA,NA,NA,NA,NA,NA,NA,NA,NA,NA,NA,NA,NA,NA,NA,NA,NA,NA,NA,NA,NA,NA,NA,NA,NA,NA,NA,NA,NA,NA,NA,92,95,86,90,89,94,93,90,88,94,92,95,92,91,99,88,94,86,91,103,86,94,97,102,91,94,96,93,92,99,87,96,97,97,92,97,96,90,93,90,86,86,85,84,80,83,84,82,82,83,86,79,85,72,76,78,85,83,83,73,79,86,87,83,77,87,85,82,80,80,84,82,76,88,89,87,71,77,83,88,81,91,87,84,80,89,83,85,81,89,80,82,84,80,89,79,84,88,89,86,78,81,85,86,88,90,87,90,91,92,98,78,91,78,80,85,92,89,91,91,91,88,94,95,88,90,84,90,89,87,74,78,76,83,83,80,79,81,68,78,82,72,73,75,86,85,73,78,69,77,78,79,88,80,88,68,68,84,75,87,83,84,83,78,82,85,78,79,82,80,80,71,72,75,65,68,84,89,94,85,81,92,87,79,93,93,83,81,85,83,72,70,71,73,69,68,77,67,70,70,69,84,81,84,77,80,83,76,80,85,87,81,83,88,82,83,85,88,90,88,82,81,88,88,86,89,93,89,90,87,81,85,83,92,85,90,90,87,89,93,87,88,87,90,88,93,84,90,90,94,93,88,93,88,86,99,81,92,92,90,93,99,96,98,98,96,98,87,92,91,93,98,97,87,100,84,100,97,89,95,98,NA,NA,NA,NA,NA,NA,NA,NA,NA,NA,NA,NA,NA,NA,NA,NA,NA,NA,NA,NA,NA,NA,NA,NA,NA,NA,NA,NA,NA,NA,NA,NA,NA,NA,NA,NA,NA,NA,NA,NA,NA,NA,NA,NA,NA,NA,NA,NA,NA,NA,NA,NA,NA,NA,NA,NA,NA,NA,NA,NA,NA
NA,NA,NA,NA,NA,NA,NA,NA,NA,NA,NA,NA,NA,NA,NA,NA,NA,NA,NA,NA,NA,NA,NA,NA,NA,NA,NA,NA,NA,NA,NA,NA,NA,NA,NA,NA,NA,NA,NA,NA,NA,NA,NA,NA,NA,NA,NA,NA,NA,NA,NA,NA,NA,NA,NA,NA,NA,NA,85,92,88,89,94,93,95,95,100,95,89,97,99,98,95,95,97,89,104,95,95,98,80,95,78,98,94,95,94,96,97,86,96,95,91,91,91,94,86,91,89,91,84,90,88,84,79,81,88,82,84,82,75,82,84,84,88,87,77,75,84,80,85,85,84,80,91,82,76,78,79,83,79,92,87,76,77,87,83,72,80,85,86,86,79,81,88,76,75,84,85,87,80,88,83,84,86,85,87,79,82,78,84,87,91,90,87,80,79,89,84,88,87,83,88,88,85,94,90,94,95,94,97,87,94,91,94,95,91,69,91,83,70,81,87,80,84,78,80,78,71,67,84,82,78,82,84,81,69,76,79,83,77,86,82,83,78,80,76,78,81,86,80,85,78,74,73,77,79,81,77,82,64,74,72,68,88,91,86,86,86,88,85,87,83,91,87,69,74,85,75,80,68,66,63,65,71,74,82,67,81,82,88,83,63,80,84,79,83,79,84,85,82,88,85,88,86,83,86,81,83,95,89,84,86,86,89,88,93,93,89,86,88,85,83,86,88,89,85,83,91,90,89,88,83,91,94,95,89,97,89,91,99,94,100,101,92,91,97,92,95,93,93,98,98,99,97,93,96,89,99,93,95,101,101,94,95,91,94,90,95,NA,NA,NA,NA,NA,NA,NA,NA,NA,NA,NA,NA,NA,NA,NA,NA,NA,NA,NA,NA,NA,NA,NA,NA,NA,NA,NA,NA,NA,NA,NA,NA,NA,NA,NA,NA,NA,NA,NA,NA,NA,NA,NA,NA,NA,NA,NA,NA,NA,NA,NA,NA,NA,NA,NA,NA,NA,NA,NA,NA,NA
NA,NA,NA,NA,NA,NA,NA,NA,NA,NA,NA,NA,NA,NA,NA,NA,NA,NA,NA,NA,NA,NA,NA,NA,NA,NA,NA,NA,NA,NA,NA,NA,NA,NA,NA,NA,NA,NA,NA,NA,NA,NA,NA,NA,NA,NA,NA,NA,NA,NA,NA,NA,NA,NA,NA,NA,NA,NA,87,94,93,93,96,92,95,92,99,97,86,97,98,96,97,93,94,102,103,98,84,98,86,101,91,95,100,98,96,98,99,98,96,91,97,88,98,95,90,92,92,84,84,79,85,84,85,81,86,88,86,83,75,75,80,78,85,85,84,81,81,83,83,91,83,80,84,76,82,81,85,79,87,82,78,85,81,76,80,78,91,79,81,88,84,75,87,75,87,84,86,87,89,86,90,80,84,83,86,80,91,92,92,62,89,88,85,79,86,84,80,90,82,84,77,85,85,96,90,91,86,95,92,99,95,97,95,96,77,99,89,95,69,79,87,73,72,82,75,76,72,78,71,76,73,81,82,80,59,81,79,87,79,87,76,69,77,88,73,71,80,87,86,80,82,79,79,76,74,78,83,74,70,67,65,92,86,84,98,88,84,84,87,85,83,90,94,90,63,86,76,71,85,80,66,63,73,75,81,72,69,71,85,72,72,69,78,87,88,85,90,87,87,92,86,91,84,82,81,90,82,89,87,89,84,94,85,97,84,84,86,86,88,94,91,87,85,87,88,91,89,96,90,94,88,89,89,91,92,93,92,89,91,92,86,103,84,90,85,97,92,98,100,89,98,97,100,95,99,95,90,96,92,97,99,93,96,96,95,99,90,NA,NA,NA,NA,NA,NA,NA,NA,NA,NA,NA,NA,NA,NA,NA,NA,NA,NA,NA,NA,NA,NA,NA,NA,NA,NA,NA,NA,NA,NA,NA,NA,NA,NA,NA,NA,NA,NA,NA,NA,NA,NA,NA,NA,NA,NA,NA,NA,NA,NA,NA,NA,NA,NA,NA,NA,NA,NA,NA,NA,NA
NA,NA,NA,NA,NA,NA,NA,NA,NA,NA,NA,NA,NA,NA,NA,NA,NA,NA,NA,NA,NA,NA,NA,NA,NA,NA,NA,NA,NA,NA,NA,NA,NA,NA,NA,NA,NA,NA,NA,NA,NA,NA,NA,NA,NA,NA,NA,NA,NA,NA,NA,NA,NA,NA,NA,NA,NA,NA,92,96,92,95,101,101,92,92,93,96,97,99,95,97,94,95,99,100,97,98,99,87,81,82,96,81,100,99,100,95,101,97,94,92,90,91,95,97,89,89,82,85,82,87,88,84,85,77,79,83,88,79,87,83,90,82,83,84,87,83,86,84,82,83,89,83,79,73,81,79,79,87,82,91,91,86,81,81,85,75,84,81,90,79,82,83,89,84,91,74,94,90,88,86,85,74,87,90,84,79,91,86,84,90,85,59,85,84,89,86,81,78,89,85,86,83,86,91,82,85,91,91,86,99,98,101,94,91,99,89,95,77,98,83,85,76,72,71,80,78,86,74,75,81,78,73,79,81,79,80,80,81,79,91,87,83,84,89,82,72,83,86,75,80,82,87,68,75,78,69,72,77,78,71,96,91,86,75,93,81,92,83,86,93,89,87,89,85,67,76,68,86,65,70,76,68,72,72,69,71,69,71,77,86,71,71,85,85,90,85,79,90,77,84,94,86,86,83,82,82,92,93,96,89,81,90,90,88,85,89,90,82,84,89,93,93,89,87,90,91,89,95,87,89,87,87,91,93,90,90,92,88,96,94,91,102,92,85,89,99,91,101,86,93,95,90,93,96,95,100,103,89,96,100,101,101,101,101,NA,NA,99,NA,NA,NA,NA,NA,NA,NA,NA,NA,NA,NA,NA,NA,NA,NA,NA,NA,NA,NA,NA,NA,NA,NA,NA,NA,NA,NA,NA,NA,NA,NA,NA,NA,NA,NA,NA,NA,NA,NA,NA,NA,NA,NA,NA,NA,NA,NA,NA,NA,NA,NA,NA,NA,NA,NA,NA,NA,NA,NA,NA,NA
NA,NA,NA,NA,NA,NA,NA,NA,NA,NA,NA,NA,NA,NA,NA,NA,NA,NA,NA,NA,NA,NA,NA,NA,NA,NA,NA,NA,NA,NA,NA,NA,NA,NA,NA,NA,NA,NA,NA,NA,NA,NA,NA,NA,NA,NA,NA,NA,NA,NA,NA,NA,NA,NA,NA,NA,NA,NA,NA,NA,NA,NA,96,92,99,96,95,97,95,100,95,93,96,100,100,100,99,101,99,86,100,96,101,81,94,93,82,100,102,95,95,91,93,90,94,92,97,84,89,85,83,85,80,82,84,90,84,83,81,87,80,79,83,79,83,80,81,80,83,88,83,88,81,82,76,84,81,79,77,89,78,92,86,86,82,77,80,79,72,91,78,83,89,81,84,92,89,87,85,89,90,82,79,89,83,84,83,88,84,87,89,88,60,63,82,85,90,85,86,79,84,89,85,85,81,85,97,89,85,90,95,91,90,95,91,94,98,81,92,94,87,95,90,73,76,73,79,82,65,77,71,74,81,80,80,73,83,82,86,86,88,87,82,87,81,84,78,87,86,83,76,91,84,79,80,83,77,73,79,76,92,66,83,81,93,84,73,88,85,86,91,89,87,87,78,90,94,87,80,85,69,71,72,68,72,74,73,65,77,74,72,74,80,87,79,84,84,80,86,86,85,88,88,85,88,85,87,87,81,85,93,92,86,94,87,88,85,88,87,84,87,92,87,90,89,89,89,93,89,92,92,86,85,86,85,91,89,91,93,88,94,96,94,85,106,101,96,85,89,96,94,101,101,90,98,99,100,92,93,100,102,100,103,97,100,99,NA,NA,NA,NA,NA,NA,NA,NA,NA,NA,NA,NA,NA,NA,NA,NA,NA,NA,NA,NA,NA,NA,NA,NA,NA,NA,NA,NA,NA,NA,NA,NA,NA,NA,NA,NA,NA,NA,NA,NA,NA,NA,NA,NA,NA,NA,NA,NA,NA,NA,NA,NA,NA,NA,NA,NA,NA,NA,NA,NA,NA,NA,NA,NA
NA,NA,NA,NA,NA,NA,NA,NA,NA,NA,NA,NA,NA,NA,NA,NA,NA,NA,NA,NA,NA,NA,NA,NA,NA,NA,NA,NA,NA,NA,NA,NA,NA,NA,NA,NA,NA,NA,NA,NA,NA,NA,NA,NA,NA,NA,NA,NA,NA,NA,NA,NA,NA,NA,NA,NA,NA,NA,NA,NA,NA,96,96,98,95,97,95,98,97,95,96,96,96,103,102,103,102,102,98,99,99,86,104,99,99,103,93,101,102,93,94,90,98,89,90,86,92,95,82,81,80,85,86,84,82,87,84,81,86,85,92,85,80,74,81,88,80,79,81,81,85,80,89,82,81,83,81,83,92,78,86,73,85,82,72,86,78,93,90,82,81,87,90,86,95,89,90,85,95,93,86,81,91,96,79,84,83,88,61,88,87,83,92,87,89,84,83,80,80,83,81,81,93,85,84,88,97,84,98,97,91,81,87,94,97,75,82,97,98,74,83,85,79,82,69,77,79,72,90,77,78,80,74,78,73,81,80,80,82,84,92,82,74,84,74,85,73,79,79,84,81,84,84,76,85,77,86,78,77,79,71,91,76,79,89,88,86,96,86,94,84,91,88,89,94,93,91,83,73,68,77,75,70,71,68,65,78,65,78,84,73,69,74,64,84,80,80,81,78,88,89,87,90,90,95,78,85,87,81,85,83,86,80,97,81,87,85,95,90,89,84,83,90,91,82,89,87,89,91,92,87,88,95,87,88,93,91,89,93,86,88,93,89,98,98,88,90,87,100,99,99,91,99,102,99,99,99,97,94,96,91,103,91,97,98,NA,NA,NA,NA,NA,NA,NA,NA,NA,NA,NA,NA,NA,NA,NA,NA,NA,NA,NA,NA,NA,NA,NA,NA,NA,NA,NA,NA,NA,NA,NA,NA,NA,NA,NA,NA,NA,NA,NA,NA,NA,NA,NA,NA,NA,NA,NA,NA,NA,NA,NA,NA,NA,NA,NA,NA,NA,NA,NA,NA,NA,NA,NA,NA,NA
NA,NA,NA,NA,NA,NA,NA,NA,NA,NA,NA,NA,NA,NA,NA,NA,NA,NA,NA,NA,NA,NA,NA,NA,NA,NA,NA,NA,NA,NA,NA,NA,NA,NA,NA,NA,NA,NA,NA,NA,NA,NA,NA,NA,NA,NA,NA,NA,NA,NA,NA,NA,NA,NA,NA,NA,NA,NA,NA,NA,NA,96,92,98,96,97,95,98,98,100,95,98,101,102,102,103,98,100,100,100,100,99,102,100,101,97,91,102,105,99,93,98,93,99,91,85,93,96,83,83,81,85,84,83,85,82,85,86,85,81,83,84,90,83,83,90,87,85,78,87,82,78,81,82,80,83,84,80,80,89,81,73,79,81,82,77,82,84,92,86,86,86,89,87,80,95,85,93,95,90,89,90,83,84,90,86,85,83,86,82,83,88,89,91,84,82,87,88,88,92,89,88,88,86,80,84,90,103,94,88,93,95,89,92,94,93,98,71,91,97,72,78,79,76,79,81,84,68,75,78,78,75,80,74,73,84,85,89,78,82,75,92,80,80,83,88,78,81,72,81,76,87,82,80,78,86,86,76,83,81,96,90,87,83,71,93,73,91,84,83,86,92,92,90,82,91,86,92,71,93,74,68,69,74,69,66,73,73,75,81,78,72,70,69,67,86,84,91,85,82,89,85,82,90,92,93,87,86,81,86,91,80,94,85,82,84,91,94,90,88,89,91,89,88,84,86,88,89,81,89,86,85,89,91,89,92,94,89,91,94,87,87,91,91,98,87,90,91,99,96,89,89,96,96,99,102,96,92,93,97,97,96,99,101,NA,NA,NA,NA,NA,NA,NA,NA,NA,NA,NA,NA,NA,NA,NA,NA,NA,NA,NA,NA,NA,NA,NA,NA,NA,NA,NA,NA,NA,NA,NA,NA,NA,NA,NA,NA,NA,NA,NA,NA,NA,NA,NA,NA,NA,NA,NA,NA,NA,NA,NA,NA,NA,NA,NA,NA,NA,NA,NA,NA,NA,NA,NA,NA,NA,NA
NA,NA,NA,NA,NA,NA,NA,NA,NA,NA,NA,NA,NA,NA,NA,NA,NA,NA,NA,NA,NA,NA,NA,NA,NA,NA,NA,NA,NA,NA,NA,NA,NA,NA,NA,NA,NA,NA,NA,NA,NA,NA,NA,NA,NA,NA,NA,NA,NA,NA,NA,NA,NA,NA,NA,NA,NA,NA,NA,NA,NA,NA,NA,98,102,96,94,103,102,97,99,95,99,102,101,104,100,98,86,100,86,87,99,103,99,97,102,104,101,91,98,92,95,98,97,96,99,92,82,84,79,85,82,84,80,79,85,86,76,79,90,88,86,85,81,92,82,82,85,87,87,85,87,78,79,83,82,81,81,87,84,87,89,81,92,89,73,92,87,85,89,87,92,78,88,89,92,96,92,94,80,87,88,92,83,90,81,92,90,87,59,85,86,94,84,88,87,93,87,89,86,87,91,84,90,85,84,98,96,97,94,91,91,89,86,76,98,97,92,108,76,92,78,89,80,79,86,80,73,79,74,76,80,78,79,82,81,72,77,81,80,79,72,80,82,88,85,78,81,77,83,77,81,83,83,79,82,84,84,84,91,87,77,70,81,95,79,75,86,87,89,87,90,90,85,88,95,84,91,94,98,93,80,69,72,63,71,73,67,73,84,71,76,80,74,85,84,77,85,81,88,91,89,88,93,88,91,87,90,86,86,88,86,83,81,83,87,80,93,88,86,86,85,90,87,83,87,89,87,84,88,85,90,89,94,95,92,93,89,89,95,94,87,87,90,86,97,90,92,98,87,86,99,102,97,101,102,98,97,99,99,102,91,NA,NA,NA,NA,NA,NA,NA,NA,NA,NA,NA,NA,NA,NA,NA,NA,NA,NA,NA,NA,NA,NA,NA,NA,NA,NA,NA,NA,NA,NA,NA,NA,NA,NA,NA,NA,NA,NA,NA,NA,NA,NA,NA,NA,NA,NA,NA,NA,NA,NA,NA,NA,NA,NA,NA,NA,NA,NA,NA,NA,NA,NA,NA,NA,NA,NA,NA
NA,NA,NA,NA,NA,NA,NA,NA,NA,NA,NA,NA,NA,NA,NA,NA,NA,NA,NA,NA,NA,NA,NA,NA,NA,NA,NA,NA,NA,NA,NA,NA,NA,NA,NA,NA,NA,NA,NA,NA,NA,NA,NA,NA,NA,NA,NA,NA,NA,NA,NA,NA,NA,NA,NA,NA,NA,NA,NA,NA,NA,NA,101,95,101,102,96,103,101,101,106,92,103,100,100,85,87,101,85,100,100,98,102,103,104,99,103,102,93,95,95,92,89,92,87,95,95,86,86,96,84,84,86,85,79,80,78,81,83,77,79,85,87,81,92,82,84,80,81,89,81,77,80,81,77,81,78,84,83,89,81,88,86,88,83,90,91,85,83,83,87,95,102,93,93,96,102,95,93,94,85,79,85,78,78,87,90,89,87,90,90,91,90,85,90,82,88,92,86,83,89,82,83,80,86,81,89,95,100,95,96,97,90,85,76,74,76,71,96,82,86,75,75,85,79,79,84,82,75,78,86,78,79,81,81,81,80,79,92,76,75,78,80,80,79,80,81,81,83,77,79,80,85,83,85,87,72,83,89,83,80,84,81,75,91,84,94,85,86,88,91,93,88,89,80,79,87,89,87,87,91,91,71,74,69,66,71,70,65,71,77,74,79,85,85,83,84,88,82,85,81,76,85,87,91,83,88,85,83,88,89,84,93,87,81,83,91,81,95,93,83,85,89,91,89,92,90,86,91,91,86,85,85,87,88,88,88,91,88,86,91,87,89,86,87,96,86,92,92,98,96,88,98,102,102,103,103,98,99,102,98,NA,91,99,NA,NA,NA,NA,NA,NA,NA,NA,NA,NA,NA,NA,NA,NA,NA,NA,NA,NA,NA,NA,NA,NA,NA,NA,NA,NA,NA,NA,NA,NA,NA,NA,NA,NA,NA,NA,NA,NA,NA,NA,NA,NA,NA,NA,NA,NA,NA,NA,NA,NA,NA,NA,NA,NA,NA,NA,NA,NA,NA,NA,NA,NA,NA,NA,NA,NA
NA,NA,NA,NA,NA,NA,NA,NA,NA,NA,NA,NA,NA,NA,NA,NA,NA,NA,NA,NA,NA,NA,NA,NA,NA,NA,NA,NA,NA,NA,NA,NA,NA,NA,NA,NA,NA,NA,NA,NA,NA,NA,NA,NA,NA,NA,NA,NA,NA,NA,NA,NA,NA,NA,NA,NA,NA,NA,NA,NA,NA,NA,NA,102,102,96,99,101,100,97,97,105,101,101,100,88,87,99,85,99,97,98,99,98,101,101,93,90,96,99,94,98,92,92,85,95,97,85,85,86,90,90,81,80,82,81,89,78,82,79,90,92,88,85,89,89,85,86,82,79,77,82,79,83,84,81,84,79,84,92,83,89,88,87,86,84,87,91,87,83,93,95,85,84,87,96,95,93,96,93,80,80,82,82,87,88,60,91,87,85,93,91,97,86,82,87,90,91,83,92,89,84,87,84,85,93,96,78,92,97,95,91,90,94,74,99,96,95,73,87,90,88,78,82,82,81,80,83,79,85,86,77,78,79,86,73,91,81,81,85,83,79,80,77,78,75,78,78,80,80,78,81,84,82,82,80,82,82,83,85,86,68,92,86,76,96,96,93,89,87,87,94,93,92,87,87,74,71,91,87,92,75,72,88,70,68,73,72,68,65,73,73,78,75,88,83,89,87,88,84,85,95,91,86,91,88,91,91,86,85,84,80,77,90,85,87,96,92,94,90,93,89,90,93,91,85,88,86,88,88,88,87,85,86,88,88,95,96,88,87,89,89,89,92,92,87,87,91,89,89,100,84,88,97,101,104,104,99,102,106,NA,99,102,NA,NA,NA,NA,NA,NA,NA,NA,NA,NA,NA,NA,NA,NA,NA,NA,NA,NA,NA,NA,NA,NA,NA,NA,NA,NA,NA,NA,NA,NA,NA,NA,NA,NA,NA,NA,NA,NA,NA,NA,NA,NA,NA,NA,NA,NA,NA,NA,NA,NA,NA,NA,NA,NA,NA,NA,NA,NA,NA,NA,NA,NA,NA,NA,NA,NA,NA
NA,NA,NA,NA,NA,NA,NA,NA,NA,NA,NA,NA,NA,NA,NA,NA,NA,NA,NA,NA,NA,NA,NA,NA,NA,NA,NA,NA,NA,NA,NA,NA,NA,NA,NA,NA,NA,NA,NA,NA,NA,NA,NA,NA,NA,NA,NA,NA,NA,NA,NA,NA,NA,NA,NA,NA,NA,NA,NA,NA,NA,NA,NA,NA,NA,98,100,101,99,99,108,106,104,90,103,105,101,100,87,91,90,84,99,102,102,100,93,94,89,98,99,102,90,89,86,93,88,89,84,82,86,85,79,78,85,85,83,84,78,85,82,85,86,83,89,81,82,91,86,86,80,88,76,82,84,81,85,90,87,86,97,92,88,86,85,81,89,96,95,87,97,85,86,91,91,100,92,90,91,80,87,86,87,86,91,86,82,93,88,90,86,78,88,93,88,97,81,91,93,96,97,93,86,86,91,83,101,98,104,82,94,97,91,100,94,73,87,93,89,70,91,93,79,80,84,81,77,78,81,82,84,85,79,82,75,77,85,88,78,84,80,89,70,76,80,84,76,82,82,73,84,80,87,77,78,84,80,83,89,79,89,83,81,85,86,91,83,85,90,86,87,92,96,89,93,87,86,86,66,90,87,90,75,73,73,68,74,70,67,68,68,75,73,74,79,86,89,89,88,85,89,86,85,89,88,88,86,89,88,86,83,87,83,86,90,87,87,93,95,87,90,86,90,90,88,92,93,89,88,80,93,88,93,90,89,90,94,86,89,88,94,84,91,89,92,96,89,89,88,100,90,101,100,97,100,108,109,95,101,108,107,NA,NA,NA,NA,NA,NA,NA,NA,NA,NA,NA,NA,NA,NA,NA,NA,NA,NA,NA,NA,NA,NA,NA,NA,NA,NA,NA,NA,NA,NA,NA,NA,NA,NA,NA,NA,NA,NA,NA,NA,NA,NA,NA,NA,NA,NA,NA,NA,NA,NA,NA,NA,NA,NA,NA,NA,NA,NA,NA,NA,NA,NA,NA,NA,NA,NA,NA,NA,NA
NA,NA,NA,NA,NA,NA,NA,NA,NA,NA,NA,NA,NA,NA,NA,NA,NA,NA,NA,NA,NA,NA,NA,NA,NA,NA,NA,NA,NA,NA,NA,NA,NA,NA,NA,NA,NA,NA,NA,NA,NA,NA,NA,NA,NA,NA,NA,NA,NA,NA,NA,NA,NA,NA,NA,NA,NA,NA,NA,NA,NA,NA,NA,NA,NA,102,100,98,99,100,107,103,105,100,102,104,100,88,101,99,98,102,99,101,95,103,94,97,93,97,95,93,102,96,89,86,87,79,84,86,85,84,90,84,81,84,80,87,86,82,83,87,80,87,85,88,91,83,88,82,85,84,87,89,85,90,86,81,86,90,93,83,89,85,80,86,92,87,96,86,90,90,83,91,89,82,79,94,84,81,89,77,87,83,88,88,84,87,84,83,88,83,94,85,98,83,96,100,93,86,96,89,91,85,88,90,90,86,100,100,97,101,95,93,90,102,89,73,90,73,98,81,83,87,85,83,80,88,79,84,85,88,87,83,74,82,76,75,75,68,78,84,83,81,83,84,83,80,72,72,77,84,72,83,86,79,83,85,83,83,86,95,82,87,80,79,97,77,80,84,87,95,92,86,90,92,85,85,89,85,91,68,72,74,74,82,69,75,73,76,71,74,70,88,81,73,88,77,88,84,90,88,90,92,88,91,87,80,89,85,99,91,84,90,91,91,81,95,93,92,83,96,92,93,92,89,92,89,86,88,86,88,93,94,94,88,89,87,96,93,88,94,89,88,89,90,91,98,85,92,100,101,100,85,99,109,107,107,106,108,NA,NA,NA,NA,NA,NA,NA,NA,NA,NA,NA,NA,NA,NA,NA,NA,NA,NA,NA,NA,NA,NA,NA,NA,NA,NA,NA,NA,NA,NA,NA,NA,NA,NA,NA,NA,NA,NA,NA,NA,NA,NA,NA,NA,NA,NA,NA,NA,NA,NA,NA,NA,NA,NA,NA,NA,NA,NA,NA,NA,NA,NA,NA,NA,NA,NA,NA,NA,NA,NA
NA,NA,NA,NA,NA,NA,NA,NA,NA,NA,NA,NA,NA,NA,NA,NA,NA,NA,NA,NA,NA,NA,NA,NA,NA,NA,NA,NA,NA,NA,NA,NA,NA,NA,NA,NA,NA,NA,NA,NA,NA,NA,NA,NA,NA,NA,NA,NA,NA,NA,NA,NA,NA,NA,NA,NA,NA,NA,NA,NA,NA,NA,NA,NA,NA,NA,102,99,104,100,100,106,90,102,104,99,88,88,84,99,101,97,96,95,96,84,103,96,96,94,97,88,89,89,90,85,86,83,90,84,88,85,85,86,82,79,88,83,80,89,89,83,83,83,82,83,80,81,83,92,78,85,89,84,92,92,88,78,86,89,87,95,94,89,87,85,91,83,84,92,95,92,93,98,87,89,97,98,81,103,88,93,89,93,60,86,89,85,84,89,86,91,86,81,94,90,83,92,86,85,98,86,86,92,85,90,94,89,100,95,97,102,95,93,94,87,82,71,74,84,78,77,77,81,77,81,82,86,78,77,80,75,73,78,76,81,75,73,80,76,73,82,71,84,75,77,76,77,82,80,81,83,78,81,76,80,83,85,89,84,82,100,96,95,88,83,89,97,80,91,88,85,91,88,85,92,84,93,71,86,89,92,73,86,73,81,71,74,72,74,72,68,76,84,81,82,94,80,90,84,93,85,92,93,90,88,92,80,95,82,85,87,80,93,91,95,90,92,79,88,94,96,83,87,92,87,92,94,87,91,83,91,94,92,93,90,84,89,92,93,88,89,89,88,90,89,86,96,90,88,101,85,85,87,100,105,109,NA,NA,106,NA,NA,NA,NA,NA,NA,NA,NA,NA,NA,NA,NA,NA,NA,NA,NA,NA,NA,NA,NA,NA,NA,NA,NA,NA,NA,NA,NA,NA,NA,NA,NA,NA,NA,NA,NA,NA,NA,NA,NA,NA,NA,NA,NA,NA,NA,NA,NA,NA,NA,NA,NA,NA,NA,NA,NA,NA,NA,NA,NA,NA,NA,NA,NA,NA,NA,NA,NA,NA,NA
NA,NA,NA,NA,NA,NA,NA,NA,NA,NA,NA,NA,NA,NA,NA,NA,NA,NA,NA,NA,NA,NA,NA,NA,NA,NA,NA,NA,NA,NA,NA,NA,NA,NA,NA,NA,NA,NA,NA,NA,NA,NA,NA,NA,NA,NA,NA,NA,NA,NA,NA,NA,NA,NA,NA,NA,NA,NA,NA,NA,NA,NA,NA,NA,NA,NA,NA,NA,NA,100,105,105,89,100,85,89,87,97,91,98,97,95,98,94,95,95,93,97,96,95,96,94,88,87,87,95,80,85,92,92,78,88,87,87,81,80,84,83,81,89,82,88,85,82,78,87,86,84,86,85,83,90,84,86,82,88,90,86,85,87,95,90,96,90,78,78,78,87,88,91,92,97,97,87,84,89,98,91,96,99,87,82,90,84,91,88,81,84,85,84,82,91,84,84,84,90,87,87,84,90,82,87,83,86,89,88,87,87,97,97,97,97,94,98,92,99,79,77,77,84,79,84,85,79,77,79,86,84,78,82,78,82,85,78,76,78,82,74,81,75,76,77,75,79,80,88,80,77,71,75,79,76,76,83,78,81,91,74,74,77,94,94,83,72,97,86,91,92,82,97,96,81,82,94,90,83,86,94,75,71,86,95,74,73,71,72,72,73,72,78,79,74,74,76,73,79,92,77,87,97,87,87,85,91,86,92,85,92,89,96,81,81,84,86,84,89,94,82,96,90,88,86,97,89,93,92,94,86,86,91,90,87,87,89,89,85,85,93,90,95,87,89,95,88,88,88,89,90,88,91,103,102,86,86,87,100,NA,NA,NA,NA,NA,NA,NA,NA,NA,NA,NA,NA,NA,NA,NA,NA,NA,NA,NA,NA,NA,NA,NA,NA,NA,NA,NA,NA,NA,NA,NA,NA,NA,NA,NA,NA,NA,NA,NA,NA,NA,NA,NA,NA,NA,NA,NA,NA,NA,NA,NA,NA,NA,NA,NA,NA,NA,NA,NA,NA,NA,NA,NA,NA,NA,NA,NA,NA,NA,NA,NA,NA,NA,NA
NA,NA,NA,NA,NA,NA,NA,NA,NA,NA,NA,NA,NA,NA,NA,NA,NA,NA,NA,NA,NA,NA,NA,NA,NA,NA,NA,NA,NA,NA,NA,NA,NA,NA,NA,NA,NA,NA,NA,NA,NA,NA,NA,NA,NA,NA,NA,NA,NA,NA,NA,NA,NA,NA,NA,NA,NA,NA,NA,NA,NA,NA,NA,NA,NA,NA,NA,NA,NA,104,106,103,88,91,97,85,86,91,96,98,97,98,97,102,100,97,99,97,97,103,96,94,87,90,89,85,90,91,92,85,86,86,82,83,86,86,83,84,83,86,88,80,83,84,80,83,83,86,84,87,78,84,89,86,84,94,90,91,87,86,93,89,89,92,76,90,92,93,95,96,92,99,93,100,92,93,96,86,83,86,93,88,84,94,86,83,89,82,85,84,87,85,88,87,81,86,82,98,95,95,93,93,88,84,90,91,99,91,106,101,101,96,99,91,97,94,84,80,79,83,92,81,86,79,79,79,78,90,86,82,81,83,81,78,73,79,82,74,81,75,77,81,72,75,76,82,77,73,75,75,73,78,78,83,77,80,92,79,79,89,93,97,90,85,97,95,90,99,92,87,91,99,92,92,93,96,92,94,73,68,90,72,86,79,76,73,72,70,70,76,77,72,77,81,76,87,70,91,76,90,87,88,91,90,89,97,86,93,95,94,86,90,84,88,88,87,89,91,90,93,90,88,80,96,94,90,86,89,90,85,90,86,89,88,86,92,90,94,90,88,91,92,88,88,90,90,90,90,91,92,103,94,86,96,NA,109,NA,NA,NA,NA,NA,NA,NA,NA,NA,NA,NA,NA,NA,NA,NA,NA,NA,NA,NA,NA,NA,NA,NA,NA,NA,NA,NA,NA,NA,NA,NA,NA,NA,NA,NA,NA,NA,NA,NA,NA,NA,NA,NA,NA,NA,NA,NA,NA,NA,NA,NA,NA,NA,NA,NA,NA,NA,NA,NA,NA,NA,NA,NA,NA,NA,NA,NA,NA,NA,NA,NA,NA,NA,NA
NA,NA,NA,NA,NA,NA,NA,NA,NA,NA,NA,NA,NA,NA,NA,NA,NA,NA,NA,NA,NA,NA,NA,NA,NA,NA,NA,NA,NA,NA,NA,NA,NA,NA,NA,NA,NA,NA,NA,NA,NA,NA,NA,NA,NA,NA,NA,NA,NA,NA,NA,NA,NA,NA,NA,NA,NA,NA,NA,NA,NA,NA,NA,NA,NA,NA,NA,NA,NA,NA,104,104,89,89,91,91,99,99,100,84,97,99,98,102,96,98,98,99,98,105,96,92,90,88,82,81,79,82,79,86,87,87,91,86,88,80,79,84,84,92,85,84,80,83,84,83,88,82,86,80,86,92,85,83,77,89,87,87,90,83,90,89,88,82,87,88,78,77,96,95,94,98,93,95,96,92,84,92,87,87,92,87,93,92,87,90,90,93,87,92,89,84,99,93,85,84,91,94,91,91,93,88,87,86,87,85,96,97,91,102,102,96,101,78,82,92,102,91,86,90,84,86,80,75,81,83,77,84,82,82,75,90,88,81,77,80,78,77,76,79,77,83,76,82,74,76,78,74,86,75,78,76,83,78,78,83,85,93,83,92,89,97,89,80,76,90,94,92,78,90,92,92,96,90,89,92,94,90,72,99,88,81,93,76,73,93,72,76,71,71,69,72,76,70,75,87,77,73,90,92,86,83,84,86,89,89,90,85,86,88,92,87,83,84,84,83,91,89,89,96,91,86,95,86,92,96,93,89,88,91,91,90,90,85,87,87,91,87,93,93,89,89,89,92,89,91,91,88,91,90,NA,93,97,97,NA,NA,NA,NA,NA,NA,NA,NA,NA,NA,NA,NA,NA,NA,NA,NA,NA,NA,NA,NA,NA,NA,NA,NA,NA,NA,NA,NA,NA,NA,NA,NA,NA,NA,NA,NA,NA,NA,NA,NA,NA,NA,NA,NA,NA,NA,NA,NA,NA,NA,NA,NA,NA,NA,NA,NA,NA,NA,NA,NA,NA,NA,NA,NA,NA,NA,NA,NA,NA,NA,NA,NA,NA,NA,NA,NA
NA,NA,NA,NA,NA,NA,NA,NA,NA,NA,NA,NA,NA,NA,NA,NA,NA,NA,NA,NA,NA,NA,NA,NA,NA,NA,NA,NA,NA,NA,NA,NA,NA,NA,NA,NA,NA,NA,NA,NA,NA,NA,NA,NA,NA,NA,NA,NA,NA,NA,NA,NA,NA,NA,NA,NA,NA,NA,NA,NA,NA,NA,NA,NA,NA,NA,NA,NA,NA,NA,103,103,89,92,97,86,90,90,87,94,87,99,96,98,99,98,99,97,100,91,82,83,87,89,91,85,81,84,79,87,85,84,84,82,83,85,85,85,80,89,92,88,80,84,87,84,84,86,82,83,78,86,85,88,83,88,92,93,88,87,83,83,87,93,89,93,94,92,91,87,92,93,93,94,95,95,84,86,91,90,88,91,92,95,88,93,90,87,94,83,88,90,98,89,83,87,90,90,93,84,88,94,85,92,83,91,88,80,103,103,97,94,99,75,97,90,95,102,78,74,79,83,82,88,83,84,81,83,80,80,84,76,85,88,76,80,74,77,79,87,84,81,81,78,81,72,83,85,85,86,80,85,82,80,82,91,79,86,83,90,85,88,92,89,99,90,88,83,93,91,95,95,88,97,92,90,95,94,94,69,93,79,66,71,72,89,74,73,76,77,73,75,73,78,72,75,72,90,93,93,84,90,89,89,86,90,89,96,85,89,84,89,83,80,88,88,89,87,97,88,91,92,91,94,95,92,94,91,88,84,88,85,85,87,85,93,92,92,92,89,89,86,91,84,91,90,90,NA,92,92,NA,92,95,NA,NA,NA,NA,NA,NA,NA,NA,NA,NA,NA,NA,NA,NA,NA,NA,NA,NA,NA,NA,NA,NA,NA,NA,NA,NA,NA,NA,NA,NA,NA,NA,NA,NA,NA,NA,NA,NA,NA,NA,NA,NA,NA,NA,NA,NA,NA,NA,NA,NA,NA,NA,NA,NA,NA,NA,NA,NA,NA,NA,NA,NA,NA,NA,NA,NA,NA,NA,NA,NA,NA,NA,NA,NA,NA,NA,NA
NA,NA,NA,NA,NA,NA,NA,NA,NA,NA,NA,NA,NA,NA,NA,NA,NA,NA,NA,NA,NA,NA,NA,NA,NA,NA,NA,NA,NA,NA,NA,NA,NA,NA,NA,NA,NA,NA,NA,NA,NA,NA,NA,NA,NA,NA,NA,NA,NA,NA,NA,NA,NA,NA,NA,NA,NA,NA,NA,NA,NA,NA,NA,NA,NA,NA,NA,NA,NA,NA,NA,91,101,91,91,90,86,89,88,99,98,98,99,97,98,84,85,104,97,93,83,88,87,89,85,82,80,89,89,85,83,86,82,91,80,87,86,88,87,86,89,81,86,87,91,80,90,81,85,86,83,80,86,83,84,87,93,89,92,91,87,84,97,92,89,94,87,92,87,85,92,97,96,89,94,92,88,90,89,92,89,90,82,96,89,93,84,84,94,90,86,93,92,93,85,87,82,81,91,89,92,93,92,96,87,91,87,86,104,82,100,98,93,89,102,87,91,78,95,87,88,85,82,79,82,84,77,83,82,81,83,81,81,73,74,78,79,75,89,79,76,75,74,86,85,81,70,75,83,80,76,82,80,78,75,80,89,81,88,84,85,87,90,90,95,93,97,84,88,90,91,89,92,92,94,97,98,92,92,97,93,83,77,72,74,69,71,70,78,75,68,70,72,78,75,74,89,89,94,93,94,90,90,83,87,89,88,91,94,90,88,82,90,89,83,88,85,88,89,90,90,91,91,85,87,94,93,85,88,88,89,91,89,85,92,90,94,86,89,88,88,93,93,92,87,90,91,92,92,NA,91,NA,NA,NA,NA,NA,NA,NA,NA,NA,NA,NA,NA,NA,NA,NA,NA,NA,NA,NA,NA,NA,NA,NA,NA,NA,NA,NA,NA,NA,NA,NA,NA,NA,NA,NA,NA,NA,NA,NA,NA,NA,NA,NA,NA,NA,NA,NA,NA,NA,NA,NA,NA,NA,NA,NA,NA,NA,NA,NA,NA,NA,NA,NA,NA,NA,NA,NA,NA,NA,NA,NA,NA,NA,NA,NA,NA,NA,NA,NA
NA,NA,NA,NA,NA,NA,NA,NA,NA,NA,NA,NA,NA,NA,NA,NA,NA,NA,NA,NA,NA,NA,NA,NA,NA,NA,NA,NA,NA,NA,NA,NA,NA,NA,NA,NA,NA,NA,NA,NA,NA,NA,NA,NA,NA,NA,NA,NA,NA,NA,NA,NA,NA,NA,NA,NA,NA,NA,NA,NA,NA,NA,NA,NA,NA,NA,NA,NA,NA,NA,NA,NA,90,92,91,92,92,89,96,87,98,100,95,98,96,98,84,103,103,92,93,84,91,86,90,96,82,88,88,78,79,85,82,81,85,90,86,89,92,91,90,80,79,89,91,82,89,91,81,84,86,83,83,85,85,93,93,91,90,88,88,88,91,95,87,89,85,94,91,84,91,94,86,90,86,83,85,92,91,87,84,78,93,87,94,96,87,89,91,89,90,90,92,88,85,86,92,92,94,90,89,91,89,89,93,88,87,84,92,102,98,81,99,92,90,92,85,75,80,94,76,84,82,78,79,87,81,77,82,89,90,85,77,74,78,75,75,73,71,92,76,76,81,85,85,83,85,87,72,86,85,81,84,76,89,88,88,91,81,87,88,97,92,94,90,92,89,93,91,95,91,89,87,96,97,98,85,96,92,89,98,82,73,69,74,72,70,77,70,78,69,71,72,78,74,76,78,93,84,93,96,88,91,94,96,90,88,86,82,88,99,94,88,84,86,86,85,82,87,91,91,98,91,89,90,92,85,84,85,90,91,88,85,89,90,90,93,90,92,88,94,93,89,87,90,90,NA,NA,NA,NA,NA,NA,NA,NA,NA,NA,NA,NA,NA,NA,NA,NA,NA,NA,NA,NA,NA,NA,NA,NA,NA,NA,NA,NA,NA,NA,NA,NA,NA,NA,NA,NA,NA,NA,NA,NA,NA,NA,NA,NA,NA,NA,NA,NA,NA,NA,NA,NA,NA,NA,NA,NA,NA,NA,NA,NA,NA,NA,NA,NA,NA,NA,NA,NA,NA,NA,NA,NA,NA,NA,NA,NA,NA,NA,NA,NA,NA,NA,NA,NA
NA,NA,NA,NA,NA,NA,NA,NA,NA,NA,NA,NA,NA,NA,NA,NA,NA,NA,NA,NA,NA,NA,NA,NA,NA,NA,NA,NA,NA,NA,NA,NA,NA,NA,NA,NA,NA,NA,NA,NA,NA,NA,NA,NA,NA,NA,NA,NA,NA,NA,NA,NA,NA,NA,NA,NA,NA,NA,NA,NA,NA,NA,NA,NA,NA,NA,NA,NA,NA,NA,NA,NA,NA,92,89,NA,89,90,90,87,85,100,98,96,86,96,105,102,92,88,92,92,81,86,87,89,80,89,83,80,84,82,97,81,93,93,87,92,97,93,82,89,87,86,85,86,87,86,87,80,82,81,87,83,94,93,95,91,87,85,89,90,94,92,89,95,92,88,87,82,90,89,88,86,86,90,90,92,81,95,88,81,96,86,91,86,88,82,96,90,94,87,92,88,84,90,88,93,97,88,86,85,92,86,92,86,95,85,82,89,82,101,93,100,98,90,94,81,92,81,90,88,87,88,76,83,84,81,85,81,83,91,81,81,84,81,77,81,89,84,94,83,86,81,82,87,86,85,79,79,82,79,84,82,96,77,80,87,88,79,88,91,85,98,73,68,94,92,98,94,91,93,91,92,97,92,92,90,91,90,81,96,79,76,72,70,76,73,71,74,67,72,72,78,75,72,71,86,85,89,83,90,91,91,94,87,81,89,87,88,101,88,91,89,85,87,85,90,91,92,87,98,98,92,90,92,89,91,92,92,85,86,86,86,86,90,90,94,91,88,92,93,93,92,90,91,NA,NA,NA,NA,NA,NA,NA,NA,NA,NA,NA,NA,NA,NA,NA,NA,NA,NA,NA,NA,NA,NA,NA,NA,NA,NA,NA,NA,NA,NA,NA,NA,NA,NA,NA,NA,NA,NA,NA,NA,NA,NA,NA,NA,NA,NA,NA,NA,NA,NA,NA,NA,NA,NA,NA,NA,NA,NA,NA,NA,NA,NA,NA,NA,NA,NA,NA,NA,NA,NA,NA,NA,NA,NA,NA,NA,NA,NA,NA,NA,NA,NA,NA,NA
NA,NA,NA,NA,NA,NA,NA,NA,NA,NA,NA,NA,NA,NA,NA,NA,NA,NA,NA,NA,NA,NA,NA,NA,NA,NA,NA,NA,NA,NA,NA,NA,NA,NA,NA,NA,NA,NA,NA,NA,NA,NA,NA,NA,NA,NA,NA,NA,NA,NA,NA,NA,NA,NA,NA,NA,NA,NA,NA,NA,NA,NA,NA,NA,NA,NA,NA,NA,NA,NA,NA,NA,90,89,92,NA,92,85,NA,95,99,99,85,96,89,85,86,88,88,92,91,94,82,90,85,89,90,80,82,82,84,83,82,92,94,91,94,93,89,91,90,89,86,85,83,83,88,89,88,90,88,87,90,83,85,90,92,88,102,93,94,90,90,90,88,91,87,86,87,84,87,91,90,85,85,88,89,87,88,89,83,93,87,88,92,85,87,86,89,87,89,90,85,92,83,83,86,88,94,93,93,94,84,92,93,83,88,83,90,95,100,90,74,102,99,93,79,91,77,92,89,79,80,86,78,85,84,83,94,80,86,83,82,84,85,81,79,85,82,80,91,81,87,73,85,83,86,75,84,77,83,83,74,80,78,74,74,87,95,96,85,95,94,94,74,90,88,89,92,93,89,93,93,89,91,94,90,93,89,95,89,77,84,85,68,72,77,72,73,70,74,72,75,77,75,72,92,74,75,89,93,98,90,90,87,95,93,90,94,87,88,86,86,90,93,85,89,89,89,91,87,95,91,100,92,91,93,88,89,88,93,90,84,86,87,87,91,91,88,91,87,94,96,92,91,92,NA,NA,NA,NA,NA,NA,NA,NA,NA,NA,NA,NA,NA,NA,NA,NA,NA,NA,NA,NA,NA,NA,NA,NA,NA,NA,NA,NA,NA,NA,NA,NA,NA,NA,NA,NA,NA,NA,NA,NA,NA,NA,NA,NA,NA,NA,NA,NA,NA,NA,NA,NA,NA,NA,NA,NA,NA,NA,NA,NA,NA,NA,NA,NA,NA,NA,NA,NA,NA,NA,NA,NA,NA,NA,NA,NA,NA,NA,NA,NA,NA,NA,NA,NA
NA,NA,NA,NA,NA,NA,NA,NA,NA,NA,NA,NA,NA,NA,NA,NA,NA,NA,NA,NA,NA,NA,NA,NA,NA,NA,NA,NA,NA,NA,NA,NA,NA,NA,NA,NA,NA,NA,NA,NA,NA,NA,NA,NA,NA,NA,NA,NA,NA,NA,NA,NA,NA,NA,NA,NA,NA,NA,NA,NA,NA,NA,NA,NA,NA,NA,NA,NA,NA,NA,NA,NA,NA,NA,NA,NA,89,NA,90,98,98,98,84,87,89,88,104,86,87,86,95,95,93,88,90,81,81,80,80,79,93,78,99,97,92,91,96,90,92,89,92,89,83,84,82,87,83,82,88,83,93,85,84,89,84,96,89,94,85,88,91,92,90,90,91,95,86,94,90,93,87,92,91,85,90,86,87,92,92,93,86,86,95,97,93,85,93,90,98,89,90,88,87,88,83,92,86,87,83,90,87,91,87,90,84,91,93,82,93,89,80,101,100,98,100,89,89,78,75,78,89,88,84,84,80,87,87,82,87,85,84,86,85,76,91,75,86,83,77,79,90,83,85,84,82,86,82,85,79,81,76,79,73,74,76,78,76,87,73,90,96,91,75,94,70,70,87,88,92,95,92,90,95,92,97,86,95,95,91,96,92,95,92,96,74,94,71,73,76,69,78,72,73,69,76,75,89,94,96,73,93,99,92,97,90,101,93,90,91,91,84,90,88,91,91,90,88,87,90,91,88,91,93,92,94,88,91,91,86,88,86,90,93,93,89,87,83,92,90,90,87,93,95,NA,92,NA,NA,NA,NA,NA,NA,NA,NA,NA,NA,NA,NA,NA,NA,NA,NA,NA,NA,NA,NA,NA,NA,NA,NA,NA,NA,NA,NA,NA,NA,NA,NA,NA,NA,NA,NA,NA,NA,NA,NA,NA,NA,NA,NA,NA,NA,NA,NA,NA,NA,NA,NA,NA,NA,NA,NA,NA,NA,NA,NA,NA,NA,NA,NA,NA,NA,NA,NA,NA,NA,NA,NA,NA,NA,NA,NA,NA,NA,NA,NA,NA,NA,NA,NA,NA
NA,NA,NA,NA,NA,NA,NA,NA,NA,NA,NA,NA,NA,NA,NA,NA,NA,NA,NA,NA,NA,NA,NA,NA,NA,NA,NA,NA,NA,NA,NA,NA,NA,NA,NA,NA,NA,NA,NA,NA,NA,NA,NA,NA,NA,NA,NA,NA,NA,NA,NA,NA,NA,NA,NA,NA,NA,NA,NA,NA,NA,NA,NA,NA,NA,NA,NA,NA,NA,NA,NA,NA,NA,NA,NA,NA,NA,NA,NA,97,NA,82,86,105,86,85,88,88,93,95,86,93,95,83,90,86,86,95,80,94,93,99,89,90,93,98,96,91,90,85,86,87,84,86,84,85,87,84,87,93,93,86,82,94,89,84,98,95,81,90,90,88,87,89,90,88,86,96,89,85,91,86,87,90,88,90,89,93,92,92,95,102,91,92,89,92,90,100,97,90,96,90,90,91,94,95,89,93,85,86,86,91,86,92,89,92,84,85,96,105,98,91,100,103,90,92,74,81,97,88,79,84,87,86,89,85,83,87,86,86,82,86,82,79,81,77,79,82,85,82,83,85,87,81,85,82,86,81,82,82,82,75,76,73,71,72,88,89,90,77,79,94,95,100,72,91,97,81,93,94,93,89,97,96,94,92,89,89,98,91,87,88,93,96,95,96,75,80,75,78,79,71,71,69,74,71,92,93,91,90,97,98,96,95,95,96,93,84,91,94,90,89,87,92,83,83,87,89,86,88,82,88,94,93,84,93,94,93,88,85,89,89,88,89,89,93,93,93,92,88,88,90,NA,NA,NA,NA,NA,NA,NA,NA,NA,NA,NA,NA,NA,NA,NA,NA,NA,NA,NA,NA,NA,NA,NA,NA,NA,NA,NA,NA,NA,NA,NA,NA,NA,NA,NA,NA,NA,NA,NA,NA,NA,NA,NA,NA,NA,NA,NA,NA,NA,NA,NA,NA,NA,NA,NA,NA,NA,NA,NA,NA,NA,NA,NA,NA,NA,NA,NA,NA,NA,NA,NA,NA,NA,NA,NA,NA,NA,NA,NA,NA,NA,NA,NA,NA,NA,NA,NA,NA
NA,NA,NA,NA,NA,NA,NA,NA,NA,NA,NA,NA,NA,NA,NA,NA,NA,NA,NA,NA,NA,NA,NA,NA,NA,NA,NA,NA,NA,NA,NA,NA,NA,NA,NA,NA,NA,NA,NA,NA,NA,NA,NA,NA,NA,NA,NA,NA,NA,NA,NA,NA,NA,NA,NA,NA,NA,NA,NA,NA,NA,NA,NA,NA,NA,NA,NA,NA,NA,NA,NA,NA,NA,NA,NA,NA,NA,NA,NA,NA,NA,NA,85,86,105,85,88,85,96,96,94,87,92,85,81,80,88,94,95,84,84,85,84,84,91,95,93,93,91,83,84,87,89,91,85,85,79,97,81,87,90,84,86,86,79,94,95,84,91,90,93,83,93,91,91,93,87,100,85,87,83,88,88,89,87,90,86,82,91,90,97,91,88,94,90,90,93,91,93,94,91,90,89,90,85,90,92,89,85,82,89,93,93,91,93,91,93,93,94,96,87,96,93,103,78,78,83,74,86,75,86,86,92,87,82,90,88,86,78,84,88,69,87,91,81,78,86,79,81,79,85,77,87,86,87,73,73,87,85,71,77,79,74,76,75,89,77,81,78,82,79,79,93,93,94,72,100,82,96,98,94,90,91,92,95,94,89,94,96,91,91,92,93,77,94,77,71,79,77,74,76,74,75,72,72,76,71,93,92,89,89,85,95,98,95,96,96,93,92,90,88,95,91,85,92,89,90,84,91,90,89,93,87,94,90,91,93,90,86,90,91,94,91,87,88,92,92,93,93,90,90,93,96,NA,NA,NA,NA,NA,NA,NA,NA,NA,NA,NA,NA,NA,NA,NA,NA,NA,NA,NA,NA,NA,NA,NA,NA,NA,NA,NA,NA,NA,NA,NA,NA,NA,NA,NA,NA,NA,NA,NA,NA,NA,NA,NA,NA,NA,NA,NA,NA,NA,NA,NA,NA,NA,NA,NA,NA,NA,NA,NA,NA,NA,NA,NA,NA,NA,NA,NA,NA,NA,NA,NA,NA,NA,NA,NA,NA,NA,NA,NA,NA,NA,NA,NA,NA,NA,NA,NA
NA,NA,NA,NA,NA,NA,NA,NA,NA,NA,NA,NA,NA,NA,NA,NA,NA,NA,NA,NA,NA,NA,NA,NA,NA,NA,NA,NA,NA,NA,NA,NA,NA,NA,NA,NA,NA,NA,NA,NA,NA,NA,NA,NA,NA,NA,NA,NA,NA,NA,NA,NA,NA,NA,NA,NA,NA,NA,NA,NA,NA,NA,NA,NA,NA,NA,NA,NA,NA,NA,NA,NA,NA,NA,NA,NA,NA,NA,NA,NA,NA,NA,NA,NA,96,96,93,86,81,94,95,87,87,96,79,84,81,95,98,95,90,89,92,84,90,81,93,92,83,85,85,86,92,89,84,86,84,83,87,83,86,87,93,84,91,88,94,87,90,93,86,96,91,90,90,90,101,92,93,91,87,89,90,89,92,92,88,87,91,85,88,94,95,90,89,87,91,89,88,93,89,92,93,85,96,88,89,86,95,88,95,91,88,93,87,90,89,83,95,99,102,93,98,99,74,80,80,76,95,81,83,81,91,84,85,90,85,83,75,80,85,84,75,92,96,90,75,79,84,87,85,85,89,80,86,93,83,75,75,80,77,80,74,79,75,78,76,90,94,77,78,90,85,94,94,93,95,99,93,92,98,97,96,94,92,97,93,97,90,94,92,94,92,98,93,79,78,98,76,69,75,70,74,75,95,76,79,95,92,92,94,91,96,96,94,95,98,88,91,95,95,91,91,84,89,87,86,86,90,92,91,90,91,97,92,92,91,90,91,91,89,90,92,95,91,92,85,92,93,94,94,94,90,NA,NA,NA,NA,NA,NA,NA,NA,NA,NA,NA,NA,NA,NA,NA,NA,NA,NA,NA,NA,NA,NA,NA,NA,NA,NA,NA,NA,NA,NA,NA,NA,NA,NA,NA,NA,NA,NA,NA,NA,NA,NA,NA,NA,NA,NA,NA,NA,NA,NA,NA,NA,NA,NA,NA,NA,NA,NA,NA,NA,NA,NA,NA,NA,NA,NA,NA,NA,NA,NA,NA,NA,NA,NA,NA,NA,NA,NA,NA,NA,NA,NA,NA,NA,NA,NA,NA
NA,NA,NA,NA,NA,NA,NA,NA,NA,NA,NA,NA,NA,NA,NA,NA,NA,NA,NA,NA,NA,NA,NA,NA,NA,NA,NA,NA,NA,NA,NA,NA,NA,NA,NA,NA,NA,NA,NA,NA,NA,NA,NA,NA,NA,NA,NA,NA,NA,NA,NA,NA,NA,NA,NA,NA,NA,NA,NA,NA,NA,NA,NA,NA,NA,NA,NA,NA,NA,NA,NA,NA,NA,NA,NA,NA,NA,NA,NA,NA,NA,NA,NA,NA,95,88,95,94,96,85,94,86,89,84,87,87,85,94,86,80,90,97,97,85,91,89,86,86,90,86,91,92,93,84,83,82,93,86,93,86,85,85,85,89,86,95,89,93,89,91,95,93,92,93,95,93,88,90,85,83,86,90,92,85,93,92,98,96,86,94,93,90,91,89,91,85,91,94,95,89,92,90,93,86,90,94,90,92,95,91,94,91,89,88,94,86,85,97,89,95,95,83,99,97,77,76,86,81,96,91,80,88,86,76,86,90,82,88,81,84,83,70,77,87,81,80,81,96,79,87,78,80,85,81,78,86,75,83,85,80,78,79,77,80,74,75,73,84,79,91,73,74,97,95,92,96,95,97,92,96,94,93,94,89,93,91,94,96,93,94,91,92,92,76,76,79,93,97,76,72,70,73,75,78,75,76,76,92,90,74,84,73,96,91,93,93,97,96,94,97,94,94,93,89,93,84,91,86,83,87,87,88,90,92,91,90,95,92,94,90,93,92,92,91,96,90,89,85,94,93,94,94,NA,NA,NA,NA,NA,NA,NA,NA,NA,NA,NA,NA,NA,NA,NA,NA,NA,NA,NA,NA,NA,NA,NA,NA,NA,NA,NA,NA,NA,NA,NA,NA,NA,NA,NA,NA,NA,NA,NA,NA,NA,NA,NA,NA,NA,NA,NA,NA,NA,NA,NA,NA,NA,NA,NA,NA,NA,NA,NA,NA,NA,NA,NA,NA,NA,NA,NA,NA,NA,NA,NA,NA,NA,NA,NA,NA,NA,NA,NA,NA,NA,NA,NA,NA,NA,NA,NA,NA
NA,NA,NA,NA,NA,NA,NA,NA,NA,NA,NA,NA,NA,NA,NA,NA,NA,NA,NA,NA,NA,NA,NA,NA,NA,NA,NA,NA,NA,NA,NA,NA,NA,NA,NA,NA,NA,NA,NA,NA,NA,NA,NA,NA,NA,NA,NA,NA,NA,NA,NA,NA,NA,NA,NA,NA,NA,NA,NA,NA,NA,NA,NA,NA,NA,NA,NA,NA,NA,NA,NA,NA,NA,NA,NA,NA,NA,NA,NA,NA,NA,NA,NA,NA,88,NA,NA,NA,96,95,93,98,98,94,82,97,84,95,92,101,90,84,97,92,91,89,94,83,87,88,87,92,92,86,94,85,83,93,85,85,83,83,87,94,90,96,87,89,90,91,88,93,93,88,94,87,91,87,89,88,85,88,97,91,94,90,97,89,90,88,94,92,92,94,86,86,92,95,89,87,88,93,93,90,93,83,86,98,89,88,97,88,93,91,95,85,86,86,83,94,91,104,105,76,100,103,71,78,75,74,95,92,93,86,80,92,80,78,76,87,90,89,76,78,91,76,91,79,80,83,77,78,81,85,86,83,80,76,82,80,78,77,79,77,77,75,81,75,82,74,82,92,91,93,100,97,97,96,97,98,96,95,91,93,96,89,92,87,93,94,95,93,96,94,76,95,91,80,94,76,72,74,78,78,80,78,78,73,74,91,94,99,96,91,89,98,93,96,91,95,92,94,92,95,84,86,85,87,87,89,85,88,92,97,95,94,86,97,89,94,93,93,90,91,89,87,89,98,NA,NA,NA,NA,NA,NA,NA,NA,NA,NA,NA,NA,NA,NA,NA,NA,NA,NA,NA,NA,NA,NA,NA,NA,NA,NA,NA,NA,NA,NA,NA,NA,NA,NA,NA,NA,NA,NA,NA,NA,NA,NA,NA,NA,NA,NA,NA,NA,NA,NA,NA,NA,NA,NA,NA,NA,NA,NA,NA,NA,NA,NA,NA,NA,NA,NA,NA,NA,NA,NA,NA,NA,NA,NA,NA,NA,NA,NA,NA,NA,NA,NA,NA,NA,NA,NA,NA,NA,NA,NA,NA,NA
NA,NA,NA,NA,NA,NA,NA,NA,NA,NA,NA,NA,NA,NA,NA,NA,NA,NA,NA,NA,NA,NA,NA,NA,NA,NA,NA,NA,NA,NA,NA,NA,NA,NA,NA,NA,NA,NA,NA,NA,NA,NA,NA,NA,NA,NA,NA,NA,NA,NA,NA,NA,NA,NA,NA,NA,NA,NA,NA,NA,NA,NA,NA,NA,NA,NA,NA,NA,NA,NA,NA,NA,NA,NA,NA,NA,NA,NA,NA,NA,NA,NA,NA,NA,NA,NA,NA,NA,NA,92,98,83,96,84,86,85,96,96,82,102,87,93,92,91,90,91,84,92,87,88,90,91,91,85,92,100,84,95,85,83,84,86,94,92,86,90,98,101,96,94,91,91,91,91,92,87,92,94,89,86,90,93,89,90,100,85,90,87,93,92,91,92,85,88,91,90,91,97,88,92,89,92,92,87,92,93,97,90,98,87,83,98,93,97,87,92,89,86,92,103,101,92,88,81,79,103,75,82,92,97,86,87,91,87,90,92,81,84,75,84,83,85,85,74,89,86,83,85,77,76,76,86,83,77,83,87,81,83,82,79,77,71,74,72,79,72,91,80,82,82,87,78,90,91,75,93,96,100,98,101,98,93,92,93,98,92,90,91,86,90,95,95,96,78,94,96,95,79,96,98,93,69,96,78,78,94,78,86,95,95,92,94,95,91,97,94,95,79,91,97,87,88,93,92,92,84,89,84,85,92,85,87,91,93,93,88,92,92,91,89,91,90,95,96,92,97,97,98,NA,NA,NA,NA,NA,NA,NA,NA,NA,NA,NA,NA,NA,NA,NA,NA,NA,NA,NA,NA,NA,NA,NA,NA,NA,NA,NA,NA,NA,NA,NA,NA,NA,NA,NA,NA,NA,NA,NA,NA,NA,NA,NA,NA,NA,NA,NA,NA,NA,NA,NA,NA,NA,NA,NA,NA,NA,NA,NA,NA,NA,NA,NA,NA,NA,NA,NA,NA,NA,NA,NA,NA,NA,NA,NA,NA,NA,NA,NA,NA,NA,NA,NA,NA,NA,NA,NA,NA,NA,NA,NA,NA
NA,NA,NA,NA,NA,NA,NA,NA,NA,NA,NA,NA,NA,NA,NA,NA,NA,NA,NA,NA,NA,NA,NA,NA,NA,NA,NA,NA,NA,NA,NA,NA,NA,NA,NA,NA,NA,NA,NA,NA,NA,NA,NA,NA,NA,NA,NA,NA,NA,NA,NA,NA,NA,NA,NA,NA,NA,NA,NA,NA,NA,NA,NA,NA,NA,NA,NA,NA,NA,NA,NA,NA,NA,NA,NA,NA,NA,NA,NA,NA,NA,NA,NA,NA,NA,NA,NA,NA,94,NA,NA,96,96,88,84,86,95,95,86,99,93,84,86,90,92,88,96,88,87,93,85,90,92,85,81,88,84,91,91,84,96,84,89,92,86,95,94,90,93,92,87,93,94,90,91,93,95,94,92,87,91,93,97,103,100,96,101,96,98,95,97,94,94,94,92,95,92,91,97,94,89,93,90,91,93,97,103,90,96,89,85,96,89,88,93,88,90,90,92,91,92,79,74,75,78,78,77,76,78,95,92,92,86,89,87,90,88,83,86,88,87,80,78,75,85,78,97,76,79,82,75,89,86,91,75,76,77,81,82,81,79,85,82,79,78,75,70,78,74,88,80,76,97,73,99,97,94,102,95,95,94,96,93,93,95,96,96,97,90,94,98,96,95,74,95,96,97,79,78,95,94,72,93,69,79,78,74,74,97,90,93,90,82,93,94,99,97,100,86,96,96,92,92,92,95,89,89,84,94,85,84,92,91,95,94,94,91,91,92,92,93,89,90,88,96,89,97,95,96,NA,NA,NA,NA,NA,NA,NA,NA,NA,NA,NA,NA,NA,NA,NA,NA,NA,NA,NA,NA,NA,NA,NA,NA,NA,NA,NA,NA,NA,NA,NA,NA,NA,NA,NA,NA,NA,NA,NA,NA,NA,NA,NA,NA,NA,NA,NA,NA,NA,NA,NA,NA,NA,NA,NA,NA,NA,NA,NA,NA,NA,NA,NA,NA,NA,NA,NA,NA,NA,NA,NA,NA,NA,NA,NA,NA,NA,NA,NA,NA,NA,NA,NA,NA,NA,NA,NA,NA,NA,NA,NA
NA,NA,NA,NA,NA,NA,NA,NA,NA,NA,NA,NA,NA,NA,NA,NA,NA,NA,NA,NA,NA,NA,NA,NA,NA,NA,NA,NA,NA,NA,NA,NA,NA,NA,NA,NA,NA,NA,NA,NA,NA,NA,NA,NA,NA,NA,NA,NA,NA,NA,NA,NA,NA,NA,NA,NA,NA,NA,NA,NA,NA,NA,NA,NA,NA,NA,NA,NA,NA,NA,NA,NA,NA,NA,NA,NA,NA,NA,NA,NA,NA,NA,NA,NA,NA,NA,NA,NA,NA,NA,NA,NA,NA,84,NA,86,85,93,94,83,84,93,92,91,88,85,85,85,94,94,88,92,85,85,89,88,93,98,97,80,95,88,90,91,85,90,94,91,90,92,89,92,90,86,92,95,95,87,87,93,96,95,90,102,100,100,95,94,94,91,86,90,96,91,91,96,95,87,91,92,90,88,104,90,93,94,95,96,93,90,93,93,97,92,95,98,91,89,95,89,92,74,87,76,77,83,75,77,91,80,95,92,80,86,92,79,82,82,89,83,92,76,86,79,79,89,91,82,78,81,82,83,80,74,82,76,79,79,83,84,82,81,79,85,72,76,70,97,84,82,75,80,96,73,93,97,98,93,95,98,94,98,97,96,95,93,96,94,89,95,95,92,95,89,92,92,92,73,75,80,97,69,77,96,73,74,77,92,78,98,95,93,96,93,92,97,96,99,99,101,91,103,90,95,92,97,94,88,96,93,92,93,92,91,93,98,98,98,97,94,91,96,89,97,93,88,89,94,NA,NA,NA,NA,NA,NA,NA,NA,NA,NA,NA,NA,NA,NA,NA,NA,NA,NA,NA,NA,NA,NA,NA,NA,NA,NA,NA,NA,NA,NA,NA,NA,NA,NA,NA,NA,NA,NA,NA,NA,NA,NA,NA,NA,NA,NA,NA,NA,NA,NA,NA,NA,NA,NA,NA,NA,NA,NA,NA,NA,NA,NA,NA,NA,NA,NA,NA,NA,NA,NA,NA,NA,NA,NA,NA,NA,NA,NA,NA,NA,NA,NA,NA,NA,NA,NA,NA,NA,NA,NA,NA,NA
NA,NA,NA,NA,NA,NA,NA,NA,NA,NA,NA,NA,NA,NA,NA,NA,NA,NA,NA,NA,NA,NA,NA,NA,NA,NA,NA,NA,NA,NA,NA,NA,NA,NA,NA,NA,NA,NA,NA,NA,NA,NA,NA,NA,NA,NA,NA,NA,NA,NA,NA,NA,NA,NA,NA,NA,NA,NA,NA,NA,NA,NA,NA,NA,NA,NA,NA,NA,NA,NA,NA,NA,NA,NA,NA,NA,NA,NA,NA,NA,NA,NA,NA,NA,NA,NA,NA,NA,NA,NA,NA,NA,NA,NA,NA,86,NA,NA,95,94,87,84,89,92,92,89,96,92,82,86,88,92,88,88,88,93,84,97,92,86,94,82,82,93,94,90,90,93,92,88,90,92,91,91,95,98,99,87,93,93,87,98,94,98,98,90,90,92,94,100,98,93,89,90,88,86,90,85,95,94,97,89,91,100,98,98,97,93,86,83,95,90,96,84,88,87,88,88,92,91,97,95,103,76,76,75,79,74,76,81,94,96,90,85,87,90,87,79,90,89,86,78,85,75,74,76,79,78,92,82,81,81,78,74,79,85,84,84,84,82,79,82,81,84,81,76,82,78,83,81,89,80,92,92,98,105,95,93,98,97,98,98,99,98,92,94,90,96,93,98,95,97,93,97,98,95,91,77,96,98,93,95,93,73,77,72,70,71,79,79,74,76,93,96,94,93,100,97,98,97,104,90,89,92,98,92,96,89,88,86,91,87,93,92,97,93,97,96,98,95,94,94,88,90,95,NA,NA,NA,88,NA,NA,NA,NA,NA,NA,NA,NA,NA,NA,NA,NA,NA,NA,NA,NA,NA,NA,NA,NA,NA,NA,NA,NA,NA,NA,NA,NA,NA,NA,NA,NA,NA,NA,NA,NA,NA,NA,NA,NA,NA,NA,NA,NA,NA,NA,NA,NA,NA,NA,NA,NA,NA,NA,NA,NA,NA,NA,NA,NA,NA,NA,NA,NA,NA,NA,NA,NA,NA,NA,NA,NA,NA,NA,NA,NA,NA,NA,NA,NA,NA,NA,NA,NA,NA,NA,NA,NA,NA,NA,NA
NA,NA,NA,NA,NA,NA,NA,NA,NA,NA,NA,NA,NA,NA,NA,NA,NA,NA,NA,NA,NA,NA,NA,NA,NA,NA,NA,NA,NA,NA,NA,NA,NA,NA,NA,NA,NA,NA,NA,NA,NA,NA,NA,NA,NA,NA,NA,NA,NA,NA,NA,NA,NA,NA,NA,NA,NA,NA,NA,NA,NA,NA,NA,NA,NA,NA,NA,NA,NA,NA,NA,NA,NA,NA,NA,NA,NA,NA,NA,NA,NA,NA,NA,NA,NA,NA,NA,NA,NA,NA,NA,NA,NA,NA,NA,NA,NA,NA,88,93,88,94,95,93,92,91,90,87,93,86,92,92,82,85,88,88,83,80,91,92,94,92,92,87,89,93,93,94,91,92,88,90,86,93,96,88,88,89,96,86,100,90,89,100,95,93,92,92,91,90,96,91,90,95,89,90,85,92,89,93,99,92,90,88,94,98,97,96,95,89,95,90,90,94,97,91,90,84,87,85,88,102,105,106,105,79,76,80,95,95,76,93,89,82,92,85,87,79,94,90,80,78,75,90,79,81,84,78,93,83,87,86,88,92,89,80,80,80,85,86,81,78,79,84,83,75,78,80,96,79,92,74,87,84,104,96,99,104,97,95,97,94,95,97,96,96,97,98,95,89,97,94,95,95,95,97,96,76,96,96,75,94,94,79,94,71,75,77,81,78,96,76,76,73,96,98,97,94,91,102,99,106,99,90,87,87,98,94,88,89,93,92,89,92,99,98,98,90,92,92,93,89,96,96,97,86,NA,NA,NA,NA,NA,NA,NA,NA,NA,NA,NA,NA,NA,NA,NA,NA,NA,NA,NA,NA,NA,NA,NA,NA,NA,NA,NA,NA,NA,NA,NA,NA,NA,NA,NA,NA,NA,NA,NA,NA,NA,NA,NA,NA,NA,NA,NA,NA,NA,NA,NA,NA,NA,NA,NA,NA,NA,NA,NA,NA,NA,NA,NA,NA,NA,NA,NA,NA,NA,NA,NA,NA,NA,NA,NA,NA,NA,NA,NA,NA,NA,NA,NA,NA,NA,NA,NA,NA,NA,NA,NA,NA,NA,NA
NA,NA,NA,NA,NA,NA,NA,NA,NA,NA,NA,NA,NA,NA,NA,NA,NA,NA,NA,NA,NA,NA,NA,NA,NA,NA,NA,NA,NA,NA,NA,NA,NA,NA,NA,NA,NA,NA,NA,NA,NA,NA,NA,NA,NA,NA,NA,NA,NA,NA,NA,NA,NA,NA,NA,NA,NA,NA,NA,NA,NA,NA,NA,NA,NA,NA,NA,NA,NA,NA,NA,NA,NA,NA,NA,NA,NA,NA,NA,NA,NA,NA,NA,NA,NA,NA,NA,NA,NA,NA,NA,NA,NA,NA,NA,NA,NA,95,93,88,87,82,86,84,90,92,88,93,86,89,87,92,87,88,88,83,90,91,82,93,86,90,92,85,88,88,92,92,92,87,90,91,93,93,90,89,87,91,87,93,94,100,100,96,89,94,100,98,89,93,90,91,91,93,88,96,87,91,92,89,96,96,89,89,94,93,94,101,91,92,94,94,89,90,88,90,86,87,84,90,90,94,102,76,92,91,74,89,95,85,86,84,85,89,89,94,89,80,75,89,91,79,80,77,81,74,89,95,94,91,86,83,86,89,88,85,86,76,83,83,79,84,72,78,77,75,74,72,78,84,79,84,80,94,104,101,96,102,99,95,97,96,96,93,99,99,94,97,93,98,94,97,90,94,91,93,75,96,92,94,76,75,92,80,78,77,70,74,70,79,78,75,96,75,93,94,90,99,91,102,104,90,101,100,85,86,96,89,91,91,93,92,92,92,94,100,96,97,91,90,93,95,92,93,NA,NA,NA,NA,NA,NA,NA,NA,NA,NA,NA,NA,NA,NA,NA,NA,NA,NA,NA,NA,NA,NA,NA,NA,NA,NA,NA,NA,NA,NA,NA,NA,NA,NA,NA,NA,NA,NA,NA,NA,NA,NA,NA,NA,NA,NA,NA,NA,NA,NA,NA,NA,NA,NA,NA,NA,NA,NA,NA,NA,NA,NA,NA,NA,NA,NA,NA,NA,NA,NA,NA,NA,NA,NA,NA,NA,NA,NA,NA,NA,NA,NA,NA,NA,NA,NA,NA,NA,NA,NA,NA,NA,NA,NA,NA,NA
NA,NA,NA,NA,NA,NA,NA,NA,NA,NA,NA,NA,NA,NA,NA,NA,NA,NA,NA,NA,NA,NA,NA,NA,NA,NA,NA,NA,NA,NA,NA,NA,NA,NA,NA,NA,NA,NA,NA,NA,NA,NA,NA,NA,NA,NA,NA,NA,NA,NA,NA,NA,NA,NA,NA,NA,NA,NA,NA,NA,NA,NA,NA,NA,NA,NA,NA,NA,NA,NA,NA,NA,NA,NA,NA,NA,NA,NA,NA,NA,NA,NA,NA,NA,NA,NA,NA,NA,NA,NA,NA,NA,NA,NA,NA,NA,NA,94,NA,87,NA,84,92,89,90,87,84,93,81,89,89,90,90,92,83,90,91,92,85,86,87,89,86,84,95,93,94,88,90,89,88,92,94,92,87,92,91,95,92,99,93,102,101,97,88,101,94,86,94,93,95,97,91,92,96,90,93,89,89,96,87,96,92,91,98,95,97,94,90,95,95,94,95,102,92,86,92,87,91,92,89,93,79,80,79,87,88,87,92,93,90,91,85,92,86,86,80,77,83,90,93,78,79,79,79,81,87,93,86,81,86,94,92,84,92,85,86,83,76,75,87,79,79,79,76,79,78,80,78,78,95,80,84,89,84,94,102,96,95,100,101,103,93,94,99,95,98,91,92,90,97,90,95,92,93,99,98,93,97,93,99,92,70,76,80,94,79,74,70,78,78,78,91,101,95,91,98,102,102,102,102,99,104,87,89,102,103,87,89,85,90,94,87,91,100,93,99,91,93,90,92,98,98,NA,NA,NA,NA,NA,NA,NA,NA,NA,NA,NA,NA,NA,NA,NA,NA,NA,NA,NA,NA,NA,NA,NA,NA,NA,NA,NA,NA,NA,NA,NA,NA,NA,NA,NA,NA,NA,NA,NA,NA,NA,NA,NA,NA,NA,NA,NA,NA,NA,NA,NA,NA,NA,NA,NA,NA,NA,NA,NA,NA,NA,NA,NA,NA,NA,NA,NA,NA,NA,NA,NA,NA,NA,NA,NA,NA,NA,NA,NA,NA,NA,NA,NA,NA,NA,NA,NA,NA,NA,NA,NA,NA,NA,NA,NA,NA,NA
NA,NA,NA,NA,NA,NA,NA,NA,NA,NA,NA,NA,NA,NA,NA,NA,NA,NA,NA,NA,NA,NA,NA,NA,NA,NA,NA,NA,NA,NA,NA,NA,NA,NA,NA,NA,NA,NA,NA,NA,NA,NA,NA,NA,NA,NA,NA,NA,NA,NA,NA,NA,NA,NA,NA,NA,NA,NA,NA,NA,NA,NA,NA,NA,NA,NA,NA,NA,NA,NA,NA,NA,NA,NA,NA,NA,NA,NA,NA,NA,NA,NA,NA,NA,NA,NA,NA,NA,NA,NA,NA,NA,NA,NA,NA,NA,NA,NA,NA,NA,84,NA,88,88,83,93,85,86,86,86,88,90,86,93,84,92,84,92,85,88,89,89,87,88,80,90,93,94,89,91,88,95,95,92,90,89,92,92,102,98,84,93,101,99,92,93,97,91,95,89,93,95,98,95,92,98,96,97,92,93,97,97,96,91,92,93,96,91,96,100,89,92,94,99,88,92,92,88,93,97,82,94,81,81,106,81,91,82,94,87,88,92,86,91,87,92,94,92,78,86,88,75,78,91,82,92,94,90,78,84,85,90,84,83,83,87,87,80,77,87,82,77,78,76,81,77,81,77,78,97,96,78,72,96,80,74,101,98,102,100,100,96,94,98,95,98,95,97,93,91,95,98,99,97,96,98,96,95,93,95,98,100,94,75,79,76,73,78,92,74,96,83,97,99,98,97,98,95,102,102,103,100,87,103,102,102,101,103,87,90,88,94,92,84,99,93,98,97,91,92,NA,92,NA,NA,NA,NA,NA,NA,NA,NA,NA,NA,NA,NA,NA,NA,NA,NA,NA,NA,NA,NA,NA,NA,NA,NA,NA,NA,NA,NA,NA,NA,NA,NA,NA,NA,NA,NA,NA,NA,NA,NA,NA,NA,NA,NA,NA,NA,NA,NA,NA,NA,NA,NA,NA,NA,NA,NA,NA,NA,NA,NA,NA,NA,NA,NA,NA,NA,NA,NA,NA,NA,NA,NA,NA,NA,NA,NA,NA,NA,NA,NA,NA,NA,NA,NA,NA,NA,NA,NA,NA,NA,NA,NA,NA,NA,NA,NA,NA,NA
NA,NA,NA,NA,NA,NA,NA,NA,NA,NA,NA,NA,NA,NA,NA,NA,NA,NA,NA,NA,NA,NA,NA,NA,NA,NA,NA,NA,NA,NA,NA,NA,NA,NA,NA,NA,NA,NA,NA,NA,NA,NA,NA,NA,NA,NA,NA,NA,NA,NA,NA,NA,NA,NA,NA,NA,NA,NA,NA,NA,NA,NA,NA,NA,NA,NA,NA,NA,NA,NA,NA,NA,NA,NA,NA,NA,NA,NA,NA,NA,NA,NA,NA,NA,NA,NA,NA,NA,NA,NA,NA,NA,NA,NA,NA,NA,NA,NA,NA,NA,NA,NA,96,83,91,87,86,97,90,89,90,90,89,86,95,86,93,90,87,89,91,90,87,90,89,94,90,93,94,90,93,95,95,94,90,91,86,104,97,92,98,100,100,98,89,91,88,87,98,94,99,93,91,98,97,100,88,99,97,99,95,99,93,97,93,97,92,90,94,90,99,91,98,92,91,97,90,87,96,90,90,79,81,84,90,88,86,91,91,88,94,90,88,88,87,75,81,80,87,94,84,88,82,91,81,79,90,89,84,84,87,82,80,85,85,86,90,82,77,87,84,79,80,84,89,82,74,78,80,73,89,85,101,79,84,86,95,105,99,92,99,96,104,95,101,99,97,96,101,93,98,98,100,99,96,99,100,95,94,95,98,71,74,74,81,77,73,79,97,78,83,93,98,97,97,95,97,101,104,102,103,101,105,102,101,103,97,95,89,87,86,86,90,86,99,93,98,NA,NA,NA,NA,NA,NA,NA,NA,NA,NA,NA,NA,NA,NA,NA,NA,NA,NA,NA,NA,NA,NA,NA,NA,NA,NA,NA,NA,NA,NA,NA,NA,NA,NA,NA,NA,NA,NA,NA,NA,NA,NA,NA,NA,NA,NA,NA,NA,NA,NA,NA,NA,NA,NA,NA,NA,NA,NA,NA,NA,NA,NA,NA,NA,NA,NA,NA,NA,NA,NA,NA,NA,NA,NA,NA,NA,NA,NA,NA,NA,NA,NA,NA,NA,NA,NA,NA,NA,NA,NA,NA,NA,NA,NA,NA,NA,NA,NA,NA,NA,NA,NA,NA
NA,NA,NA,NA,NA,NA,NA,NA,NA,NA,NA,NA,NA,NA,NA,NA,NA,NA,NA,NA,NA,NA,NA,NA,NA,NA,NA,NA,NA,NA,NA,NA,NA,NA,NA,NA,NA,NA,NA,NA,NA,NA,NA,NA,NA,NA,NA,NA,NA,NA,NA,NA,NA,NA,NA,NA,NA,NA,NA,NA,NA,NA,NA,NA,NA,NA,NA,NA,NA,NA,NA,NA,NA,NA,NA,NA,NA,NA,NA,NA,NA,NA,NA,NA,NA,NA,NA,NA,NA,NA,NA,NA,NA,NA,NA,NA,NA,NA,NA,NA,NA,NA,96,98,87,83,87,87,88,86,96,88,86,93,94,91,92,89,88,90,91,84,87,94,89,90,93,92,92,91,95,95,93,95,91,89,98,97,100,100,102,99,100,98,91,90,96,85,90,98,100,94,91,92,89,97,92,95,92,96,91,93,95,93,89,95,92,98,95,93,95,95,98,86,100,96,82,96,94,78,92,79,91,83,76,87,96,74,93,86,85,86,87,84,75,84,83,85,83,93,78,89,93,90,74,84,92,86,90,89,88,84,87,85,84,77,82,84,83,76,82,85,82,86,85,80,76,79,78,74,76,74,98,83,71,101,94,94,99,98,88,97,94,93,96,97,98,96,98,91,95,99,97,96,100,99,96,97,97,95,99,99,72,68,74,75,74,82,78,79,76,93,99,100,97,94,100,97,106,107,102,100,103,98,106,101,87,95,91,87,88,90,85,91,93,NA,93,86,NA,NA,NA,NA,NA,NA,NA,NA,NA,NA,NA,NA,NA,NA,NA,NA,NA,NA,NA,NA,NA,NA,NA,NA,NA,NA,NA,NA,NA,NA,NA,NA,NA,NA,NA,NA,NA,NA,NA,NA,NA,NA,NA,NA,NA,NA,NA,NA,NA,NA,NA,NA,NA,NA,NA,NA,NA,NA,NA,NA,NA,NA,NA,NA,NA,NA,NA,NA,NA,NA,NA,NA,NA,NA,NA,NA,NA,NA,NA,NA,NA,NA,NA,NA,NA,NA,NA,NA,NA,NA,NA,NA,NA,NA,NA,NA,NA,NA,NA,NA,NA,NA
NA,NA,NA,NA,NA,NA,NA,NA,NA,NA,NA,NA,NA,NA,NA,NA,NA,NA,NA,NA,NA,NA,NA,NA,NA,NA,NA,NA,NA,NA,NA,NA,NA,NA,NA,NA,NA,NA,NA,NA,NA,NA,NA,NA,NA,NA,NA,NA,NA,NA,NA,NA,NA,NA,NA,NA,NA,NA,NA,NA,NA,NA,NA,NA,NA,NA,NA,NA,NA,NA,NA,NA,NA,NA,NA,NA,NA,NA,NA,NA,NA,NA,NA,NA,NA,NA,NA,NA,NA,NA,NA,NA,NA,NA,NA,NA,NA,NA,NA,NA,NA,NA,94,94,95,97,86,88,87,95,86,94,86,85,88,86,93,88,88,89,94,93,88,91,94,90,91,90,92,95,90,96,91,89,92,86,99,87,99,105,96,104,103,100,94,98,96,91,97,94,98,97,92,98,101,96,98,97,97,94,95,95,91,95,95,88,99,95,98,91,97,95,96,96,95,85,93,95,92,82,87,89,79,92,91,88,89,89,87,94,94,96,91,85,90,84,77,80,88,75,91,73,78,79,81,77,81,85,83,83,90,87,86,83,88,88,84,82,85,81,78,81,80,82,75,89,83,86,78,79,74,81,89,72,88,75,84,98,97,96,99,95,98,94,92,96,96,98,95,94,92,100,97,96,97,101,99,101,97,94,76,97,71,73,77,73,79,81,77,77,96,78,79,80,96,97,97,102,99,106,99,102,103,103,104,105,96,90,85,91,93,NA,91,88,87,NA,NA,NA,NA,NA,NA,NA,NA,NA,NA,NA,NA,NA,NA,NA,NA,NA,NA,NA,NA,NA,NA,NA,NA,NA,NA,NA,NA,NA,NA,NA,NA,NA,NA,NA,NA,NA,NA,NA,NA,NA,NA,NA,NA,NA,NA,NA,NA,NA,NA,NA,NA,NA,NA,NA,NA,NA,NA,NA,NA,NA,NA,NA,NA,NA,NA,NA,NA,NA,NA,NA,NA,NA,NA,NA,NA,NA,NA,NA,NA,NA,NA,NA,NA,NA,NA,NA,NA,NA,NA,NA,NA,NA,NA,NA,NA,NA,NA,NA,NA,NA,NA,NA,NA,NA
NA,NA,NA,NA,NA,NA,NA,NA,NA,NA,NA,NA,NA,NA,NA,NA,NA,NA,NA,NA,NA,NA,NA,NA,NA,NA,NA,NA,NA,NA,NA,NA,NA,NA,NA,NA,NA,NA,NA,NA,NA,NA,NA,NA,NA,NA,NA,NA,NA,NA,NA,NA,NA,NA,NA,NA,NA,NA,NA,NA,NA,NA,NA,NA,NA,NA,NA,NA,NA,NA,NA,NA,NA,NA,NA,NA,NA,NA,NA,NA,NA,NA,NA,NA,NA,NA,NA,NA,NA,NA,NA,NA,NA,NA,NA,NA,NA,NA,NA,NA,NA,96,NA,NA,95,96,87,98,96,82,95,87,85,91,87,88,88,90,88,90,94,90,92,90,88,93,91,91,98,93,89,89,93,92,101,101,85,99,101,100,101,87,102,100,98,88,92,95,93,94,97,98,91,104,100,101,99,99,101,95,93,95,91,94,89,98,96,93,101,98,89,86,93,91,92,96,98,97,86,93,80,98,92,87,93,89,81,91,86,89,92,87,89,80,86,82,74,88,89,90,92,90,84,83,90,88,89,80,91,87,92,86,88,83,88,82,85,78,85,86,82,79,78,85,70,93,82,74,76,84,77,85,95,98,74,94,103,98,96,95,94,93,100,94,94,96,98,96,95,94,98,92,103,99,97,92,92,94,101,100,74,94,72,74,93,75,80,76,76,97,76,96,98,98,80,88,98,101,99,104,106,100,105,103,103,104,105,93,90,90,87,86,90,NA,NA,NA,NA,NA,NA,NA,NA,NA,NA,NA,NA,NA,NA,NA,NA,NA,NA,NA,NA,NA,NA,NA,NA,NA,NA,NA,NA,NA,NA,NA,NA,NA,NA,NA,NA,NA,NA,NA,NA,NA,NA,NA,NA,NA,NA,NA,NA,NA,NA,NA,NA,NA,NA,NA,NA,NA,NA,NA,NA,NA,NA,NA,NA,NA,NA,NA,NA,NA,NA,NA,NA,NA,NA,NA,NA,NA,NA,NA,NA,NA,NA,NA,NA,NA,NA,NA,NA,NA,NA,NA,NA,NA,NA,NA,NA,NA,NA,NA,NA,NA,NA,NA,NA,NA,NA,NA
NA,NA,NA,NA,NA,NA,NA,NA,NA,NA,NA,NA,NA,NA,NA,NA,NA,NA,NA,NA,NA,NA,NA,NA,NA,NA,NA,NA,NA,NA,NA,NA,NA,NA,NA,NA,NA,NA,NA,NA,NA,NA,NA,NA,NA,NA,NA,NA,NA,NA,NA,NA,NA,NA,NA,NA,NA,NA,NA,NA,NA,NA,NA,NA,NA,NA,NA,NA,NA,NA,NA,NA,NA,NA,NA,NA,NA,NA,NA,NA,NA,NA,NA,NA,NA,NA,NA,NA,NA,NA,NA,NA,NA,NA,NA,NA,NA,NA,NA,NA,NA,NA,NA,NA,88,98,95,98,86,97,97,94,88,92,93,88,87,88,90,86,90,89,93,90,90,96,95,97,94,89,95,92,90,92,94,86,100,99,99,97,100,102,100,101,96,100,90,94,97,99,97,93,96,99,92,85,100,98,96,96,94,90,94,90,88,98,99,89,96,95,95,100,88,87,90,98,80,95,84,80,92,98,95,95,93,91,96,92,93,92,89,93,89,84,94,94,78,85,80,88,92,95,78,94,81,97,93,87,94,84,94,90,86,84,91,84,83,81,84,84,83,80,77,76,73,88,74,78,79,75,85,88,88,71,96,90,105,101,100,95,94,95,98,94,96,96,93,97,103,95,97,95,103,99,99,94,99,98,95,101,99,74,95,73,71,76,75,74,95,77,78,94,100,98,81,96,101,99,97,98,105,98,103,105,104,106,88,87,104,NA,85,NA,NA,NA,NA,NA,NA,NA,NA,NA,NA,NA,NA,NA,NA,NA,NA,NA,NA,NA,NA,NA,NA,NA,NA,NA,NA,NA,NA,NA,NA,NA,NA,NA,NA,NA,NA,NA,NA,NA,NA,NA,NA,NA,NA,NA,NA,NA,NA,NA,NA,NA,NA,NA,NA,NA,NA,NA,NA,NA,NA,NA,NA,NA,NA,NA,NA,NA,NA,NA,NA,NA,NA,NA,NA,NA,NA,NA,NA,NA,NA,NA,NA,NA,NA,NA,NA,NA,NA,NA,NA,NA,NA,NA,NA,NA,NA,NA,NA,NA,NA,NA,NA,NA,NA,NA,NA,NA,NA,NA
NA,NA,NA,NA,NA,NA,NA,NA,NA,NA,NA,NA,NA,NA,NA,NA,NA,NA,NA,NA,NA,NA,NA,NA,NA,NA,NA,NA,NA,NA,NA,NA,NA,NA,NA,NA,NA,NA,NA,NA,NA,NA,NA,NA,NA,NA,NA,NA,NA,NA,NA,NA,NA,NA,NA,NA,NA,NA,NA,NA,NA,NA,NA,NA,NA,NA,NA,NA,NA,NA,NA,NA,NA,NA,NA,NA,NA,NA,NA,NA,NA,NA,NA,NA,NA,NA,NA,NA,NA,NA,NA,NA,NA,NA,NA,NA,NA,NA,NA,NA,NA,NA,NA,NA,NA,NA,98,NA,86,85,87,87,85,91,94,85,90,88,93,89,93,93,91,95,90,96,97,97,87,96,85,88,86,97,94,102,102,100,101,99,102,94,97,99,98,99,98,96,92,97,94,94,96,102,97,97,100,95,97,95,97,92,88,88,94,92,99,91,98,91,98,97,96,90,89,92,79,88,90,84,86,90,97,97,98,76,92,79,87,94,88,76,83,91,93,80,81,78,87,94,88,80,94,91,78,89,91,93,89,86,92,93,88,83,91,86,86,84,85,82,78,80,79,75,79,88,76,74,83,80,82,86,73,86,85,98,77,76,101,93,95,92,93,99,96,96,98,95,105,97,102,100,94,99,92,95,92,93,98,99,99,94,94,75,75,75,76,76,75,74,81,80,94,82,94,98,99,93,101,100,101,105,102,99,102,101,106,106,104,104,NA,104,NA,NA,NA,NA,NA,NA,NA,NA,NA,NA,NA,NA,NA,NA,NA,NA,NA,NA,NA,NA,NA,NA,NA,NA,NA,NA,NA,NA,NA,NA,NA,NA,NA,NA,NA,NA,NA,NA,NA,NA,NA,NA,NA,NA,NA,NA,NA,NA,NA,NA,NA,NA,NA,NA,NA,NA,NA,NA,NA,NA,NA,NA,NA,NA,NA,NA,NA,NA,NA,NA,NA,NA,NA,NA,NA,NA,NA,NA,NA,NA,NA,NA,NA,NA,NA,NA,NA,NA,NA,NA,NA,NA,NA,NA,NA,NA,NA,NA,NA,NA,NA,NA,NA,NA,NA,NA,NA,NA
NA,NA,NA,NA,NA,NA,NA,NA,NA,NA,NA,NA,NA,NA,NA,NA,NA,NA,NA,NA,NA,NA,NA,NA,NA,NA,NA,NA,NA,NA,NA,NA,NA,NA,NA,NA,NA,NA,NA,NA,NA,NA,NA,NA,NA,NA,NA,NA,NA,NA,NA,NA,NA,NA,NA,NA,NA,NA,NA,NA,NA,NA,NA,NA,NA,NA,NA,NA,NA,NA,NA,NA,NA,NA,NA,NA,NA,NA,NA,NA,NA,NA,NA,NA,NA,NA,NA,NA,NA,NA,NA,NA,NA,NA,NA,NA,NA,NA,NA,NA,NA,NA,NA,NA,NA,NA,NA,NA,NA,87,89,85,91,87,86,90,94,89,91,91,93,93,95,96,91,93,97,96,94,93,93,93,97,97,101,99,100,99,96,101,99,97,96,100,100,98,97,94,92,101,98,94,99,95,101,94,94,98,91,93,94,100,95,88,87,95,92,98,96,94,96,87,103,101,93,91,94,98,89,88,100,96,94,93,90,94,93,91,97,89,79,81,92,92,89,90,85,85,83,98,89,94,92,91,81,90,81,79,89,85,90,86,92,83,90,85,81,84,83,86,77,82,77,80,74,75,81,87,80,86,87,90,81,79,88,102,77,97,95,94,95,93,99,99,93,94,94,94,104,99,94,102,94,98,94,100,95,97,100,102,99,99,74,94,100,74,73,77,77,78,81,74,93,99,81,92,94,101,94,100,103,103,105,104,104,104,106,NA,103,100,101,NA,NA,NA,NA,NA,NA,NA,NA,NA,NA,NA,NA,NA,NA,NA,NA,NA,NA,NA,NA,NA,NA,NA,NA,NA,NA,NA,NA,NA,NA,NA,NA,NA,NA,NA,NA,NA,NA,NA,NA,NA,NA,NA,NA,NA,NA,NA,NA,NA,NA,NA,NA,NA,NA,NA,NA,NA,NA,NA,NA,NA,NA,NA,NA,NA,NA,NA,NA,NA,NA,NA,NA,NA,NA,NA,NA,NA,NA,NA,NA,NA,NA,NA,NA,NA,NA,NA,NA,NA,NA,NA,NA,NA,NA,NA,NA,NA,NA,NA,NA,NA,NA,NA,NA,NA,NA,NA,NA,NA
NA,NA,NA,NA,NA,NA,NA,NA,NA,NA,NA,NA,NA,NA,NA,NA,NA,NA,NA,NA,NA,NA,NA,NA,NA,NA,NA,NA,NA,NA,NA,NA,NA,NA,NA,NA,NA,NA,NA,NA,NA,NA,NA,NA,NA,NA,NA,NA,NA,NA,NA,NA,NA,NA,NA,NA,NA,NA,NA,NA,NA,NA,NA,NA,NA,NA,NA,NA,NA,NA,NA,NA,NA,NA,NA,NA,NA,NA,NA,NA,NA,NA,NA,NA,NA,NA,NA,NA,NA,NA,NA,NA,NA,NA,NA,NA,NA,NA,NA,NA,NA,NA,NA,NA,NA,NA,NA,NA,NA,89,87,NA,NA,96,96,96,97,93,94,93,91,95,95,97,96,93,96,96,92,89,93,86,103,99,100,101,104,97,102,99,96,98,99,101,96,95,94,93,102,103,94,96,100,96,89,99,97,92,91,91,93,97,90,88,91,93,95,98,93,96,93,103,99,93,91,96,94,90,85,88,89,95,95,97,82,96,98,92,95,84,85,102,74,90,74,86,89,81,84,95,93,90,82,92,89,83,86,83,87,78,91,86,81,91,84,84,83,77,82,84,84,82,75,80,84,88,85,81,86,81,83,74,75,74,101,98,78,99,97,97,94,99,93,95,102,95,93,96,96,98,96,98,93,92,93,99,92,97,96,101,99,99,100,74,99,76,75,76,77,74,76,101,93,94,94,95,102,97,98,99,102,NA,102,101,102,NA,NA,NA,NA,NA,101,NA,NA,NA,NA,NA,NA,NA,NA,NA,NA,NA,NA,NA,NA,NA,NA,NA,NA,NA,NA,NA,NA,NA,NA,NA,NA,NA,NA,NA,NA,NA,NA,NA,NA,NA,NA,NA,NA,NA,NA,NA,NA,NA,NA,NA,NA,NA,NA,NA,NA,NA,NA,NA,NA,NA,NA,NA,NA,NA,NA,NA,NA,NA,NA,NA,NA,NA,NA,NA,NA,NA,NA,NA,NA,NA,NA,NA,NA,NA,NA,NA,NA,NA,NA,NA,NA,NA,NA,NA,NA,NA,NA,NA,NA,NA,NA,NA,NA,NA,NA,NA,NA,NA,NA,NA,NA,NA,NA,NA
NA,NA,NA,NA,NA,NA,NA,NA,NA,NA,NA,NA,NA,NA,NA,NA,NA,NA,NA,NA,NA,NA,NA,NA,NA,NA,NA,NA,NA,NA,NA,NA,NA,NA,NA,NA,NA,NA,NA,NA,NA,NA,NA,NA,NA,NA,NA,NA,NA,NA,NA,NA,NA,NA,NA,NA,NA,NA,NA,NA,NA,NA,NA,NA,NA,NA,NA,NA,NA,NA,NA,NA,NA,NA,NA,NA,NA,NA,NA,NA,NA,NA,NA,NA,NA,NA,NA,NA,NA,NA,NA,NA,NA,NA,NA,NA,NA,NA,NA,NA,NA,NA,NA,NA,NA,NA,NA,NA,NA,88,NA,NA,NA,NA,87,97,NA,NA,88,92,95,96,95,95,95,97,93,92,94,94,91,90,95,104,93,103,102,92,97,99,98,101,99,99,99,101,91,97,98,99,99,99,101,99,100,96,87,95,96,97,96,92,88,89,92,94,94,95,99,96,98,98,91,96,96,94,91,94,86,91,95,93,95,94,97,100,94,95,95,98,89,85,92,73,78,88,89,81,94,92,94,88,94,82,90,90,83,86,84,89,90,82,94,83,88,88,84,85,80,83,82,80,75,73,78,78,78,80,81,79,77,80,82,81,75,74,98,92,92,91,93,95,99,94,98,95,97,94,97,94,103,97,98,95,92,93,95,96,94,94,95,95,100,101,75,77,74,76,75,77,77,96,96,96,83,94,93,93,101,100,99,102,97,107,106,103,NA,NA,NA,NA,NA,NA,NA,NA,NA,NA,NA,NA,NA,NA,NA,NA,NA,NA,NA,NA,NA,NA,NA,NA,NA,NA,NA,NA,NA,NA,NA,NA,NA,NA,NA,NA,NA,NA,NA,NA,NA,NA,NA,NA,NA,NA,NA,NA,NA,NA,NA,NA,NA,NA,NA,NA,NA,NA,NA,NA,NA,NA,NA,NA,NA,NA,NA,NA,NA,NA,NA,NA,NA,NA,NA,NA,NA,NA,NA,NA,NA,NA,NA,NA,NA,NA,NA,NA,NA,NA,NA,NA,NA,NA,NA,NA,NA,NA,NA,NA,NA,NA,NA,NA,NA,NA,NA,NA,NA,NA,NA,NA,NA,NA
NA,NA,NA,NA,NA,NA,NA,NA,NA,NA,NA,NA,NA,NA,NA,NA,NA,NA,NA,NA,NA,NA,NA,NA,NA,NA,NA,NA,NA,NA,NA,NA,NA,NA,NA,NA,NA,NA,NA,NA,NA,NA,NA,NA,NA,NA,NA,NA,NA,NA,NA,NA,NA,NA,NA,NA,NA,NA,NA,NA,NA,NA,NA,NA,NA,NA,NA,NA,NA,NA,NA,NA,NA,NA,NA,NA,NA,NA,NA,NA,NA,NA,NA,NA,NA,NA,NA,NA,NA,NA,NA,NA,NA,NA,NA,NA,NA,NA,NA,NA,NA,NA,NA,NA,NA,NA,NA,NA,NA,NA,NA,NA,NA,NA,NA,NA,NA,93,89,92,87,90,97,96,94,94,98,94,94,94,96,104,104,105,100,102,93,101,97,97,99,100,100,97,98,103,93,101,99,97,98,96,98,98,98,99,93,101,93,95,97,96,91,92,95,93,92,92,98,95,94,95,96,102,101,87,96,96,93,96,95,94,79,96,93,97,99,96,93,84,91,85,78,92,77,91,89,79,93,95,88,89,92,95,93,82,80,77,91,85,93,84,84,85,82,83,83,83,78,79,83,76,83,78,78,79,81,83,75,80,81,78,87,80,74,101,95,98,96,94,100,96,95,97,103,95,98,93,102,94,103,96,100,100,98,94,98,94,93,103,97,104,104,99,72,77,78,75,78,75,94,101,101,80,83,96,94,95,NA,100,NA,NA,NA,107,NA,NA,NA,NA,NA,NA,NA,NA,NA,NA,NA,NA,NA,NA,NA,NA,NA,NA,NA,NA,NA,NA,NA,NA,NA,NA,NA,NA,NA,NA,NA,NA,NA,NA,NA,NA,NA,NA,NA,NA,NA,NA,NA,NA,NA,NA,NA,NA,NA,NA,NA,NA,NA,NA,NA,NA,NA,NA,NA,NA,NA,NA,NA,NA,NA,NA,NA,NA,NA,NA,NA,NA,NA,NA,NA,NA,NA,NA,NA,NA,NA,NA,NA,NA,NA,NA,NA,NA,NA,NA,NA,NA,NA,NA,NA,NA,NA,NA,NA,NA,NA,NA,NA,NA,NA,NA,NA,NA,NA,NA,NA,NA,NA,NA,NA,NA
NA,NA,NA,NA,NA,NA,NA,NA,NA,NA,NA,NA,NA,NA,NA,NA,NA,NA,NA,NA,NA,NA,NA,NA,NA,NA,NA,NA,NA,NA,NA,NA,NA,NA,NA,NA,NA,NA,NA,NA,NA,NA,NA,NA,NA,NA,NA,NA,NA,NA,NA,NA,NA,NA,NA,NA,NA,NA,NA,NA,NA,NA,NA,NA,NA,NA,NA,NA,NA,NA,NA,NA,NA,NA,NA,NA,NA,NA,NA,NA,NA,NA,NA,NA,NA,NA,NA,NA,NA,NA,NA,NA,NA,NA,NA,NA,NA,NA,NA,NA,NA,NA,NA,NA,NA,NA,NA,NA,NA,NA,NA,NA,NA,NA,NA,NA,91,91,91,92,91,91,92,94,94,92,90,94,100,94,99,95,100,107,102,93,103,103,95,95,95,100,91,98,98,99,100,99,100,98,97,99,98,97,100,100,94,95,93,97,96,90,92,94,98,94,94,94,97,95,95,94,90,94,91,87,94,95,94,92,93,96,92,93,96,99,93,86,98,93,95,85,76,77,85,77,88,85,89,97,89,93,95,94,92,94,81,89,90,89,83,88,84,82,82,84,86,83,78,83,78,85,81,81,79,80,78,80,74,76,82,81,79,84,81,91,94,96,96,101,96,95,95,96,99,102,93,94,102,105,101,101,101,98,94,94,96,97,104,97,93,71,98,74,98,76,77,77,76,102,94,96,99,95,NA,99,NA,95,101,NA,NA,NA,NA,NA,NA,NA,NA,NA,NA,NA,NA,NA,NA,NA,NA,NA,NA,NA,NA,NA,NA,NA,NA,NA,NA,NA,NA,NA,NA,NA,NA,NA,NA,NA,NA,NA,NA,NA,NA,NA,NA,NA,NA,NA,NA,NA,NA,NA,NA,NA,NA,NA,NA,NA,NA,NA,NA,NA,NA,NA,NA,NA,NA,NA,NA,NA,NA,NA,NA,NA,NA,NA,NA,NA,NA,NA,NA,NA,NA,NA,NA,NA,NA,NA,NA,NA,NA,NA,NA,NA,NA,NA,NA,NA,NA,NA,NA,NA,NA,NA,NA,NA,NA,NA,NA,NA,NA,NA,NA,NA,NA,NA,NA,NA,NA,NA,NA,NA,NA,NA
NA,NA,NA,NA,NA,NA,NA,NA,NA,NA,NA,NA,NA,NA,NA,NA,NA,NA,NA,NA,NA,NA,NA,NA,NA,NA,NA,NA,NA,NA,NA,NA,NA,NA,NA,NA,NA,NA,NA,NA,NA,NA,NA,NA,NA,NA,NA,NA,NA,NA,NA,NA,NA,NA,NA,NA,NA,NA,NA,NA,NA,NA,NA,NA,NA,NA,NA,NA,NA,NA,NA,NA,NA,NA,NA,NA,NA,NA,NA,NA,NA,NA,NA,NA,NA,NA,NA,NA,NA,NA,NA,NA,NA,NA,NA,NA,NA,NA,NA,NA,NA,NA,NA,NA,NA,NA,NA,NA,NA,NA,NA,NA,NA,NA,NA,NA,NA,NA,91,92,92,93,95,97,94,97,98,92,91,89,95,104,104,101,99,106,98,100,102,94,93,99,100,100,96,103,98,100,99,97,98,98,101,100,103,103,101,93,95,92,95,92,97,96,97,93,96,95,95,91,95,95,97,94,98,92,98,92,94,98,95,94,93,92,96,95,93,86,92,96,85,95,83,77,86,90,90,87,96,93,93,86,91,94,80,93,90,91,82,92,83,87,84,83,87,82,83,76,85,87,83,82,78,80,80,76,78,80,77,83,73,83,81,85,79,108,104,105,90,103,97,99,101,101,95,97,93,101,99,99,105,98,97,97,95,96,96,97,104,96,97,96,74,96,99,100,76,78,78,77,103,101,NA,96,NA,NA,NA,NA,NA,NA,NA,NA,NA,NA,NA,NA,NA,NA,NA,NA,NA,NA,NA,NA,NA,NA,NA,NA,NA,NA,NA,NA,NA,NA,NA,NA,NA,NA,NA,NA,NA,NA,NA,NA,NA,NA,NA,NA,NA,NA,NA,NA,NA,NA,NA,NA,NA,NA,NA,NA,NA,NA,NA,NA,NA,NA,NA,NA,NA,NA,NA,NA,NA,NA,NA,NA,NA,NA,NA,NA,NA,NA,NA,NA,NA,NA,NA,NA,NA,NA,NA,NA,NA,NA,NA,NA,NA,NA,NA,NA,NA,NA,NA,NA,NA,NA,NA,NA,NA,NA,NA,NA,NA,NA,NA,NA,NA,NA,NA,NA,NA,NA,NA,NA,NA,NA,NA,NA,NA,NA
NA,NA,NA,NA,NA,NA,NA,NA,NA,NA,NA,NA,NA,NA,NA,NA,NA,NA,NA,NA,NA,NA,NA,NA,NA,NA,NA,NA,NA,NA,NA,NA,NA,NA,NA,NA,NA,NA,NA,NA,NA,NA,NA,NA,NA,NA,NA,NA,NA,NA,NA,NA,NA,NA,NA,NA,NA,NA,NA,NA,NA,NA,NA,NA,NA,NA,NA,NA,NA,NA,NA,NA,NA,NA,NA,NA,NA,NA,NA,NA,NA,NA,NA,NA,NA,NA,NA,NA,NA,NA,NA,NA,NA,NA,NA,NA,NA,NA,NA,NA,NA,NA,NA,NA,NA,NA,NA,NA,NA,NA,NA,NA,NA,NA,NA,NA,NA,NA,96,NA,NA,NA,NA,95,94,99,98,99,95,99,106,104,98,99,102,104,106,100,96,98,99,100,100,97,99,99,97,98,96,102,98,96,96,101,103,103,96,100,95,95,96,96,96,97,98,92,96,94,95,97,97,101,93,95,88,95,97,95,92,95,99,93,100,97,94,93,92,100,97,102,85,92,85,76,81,89,89,86,94,93,94,87,92,95,94,90,94,91,85,91,97,83,85,89,84,88,83,91,87,83,83,75,78,75,77,77,77,79,79,83,87,85,84,84,87,82,108,94,105,103,97,100,96,97,95,99,97,102,97,98,105,98,100,99,96,99,95,96,97,99,94,96,96,101,100,102,74,78,76,NA,78,103,97,NA,NA,NA,NA,NA,NA,NA,NA,NA,NA,NA,NA,NA,NA,NA,NA,NA,NA,NA,NA,NA,NA,NA,NA,NA,NA,NA,NA,NA,NA,NA,NA,NA,NA,NA,NA,NA,NA,NA,NA,NA,NA,NA,NA,NA,NA,NA,NA,NA,NA,NA,NA,NA,NA,NA,NA,NA,NA,NA,NA,NA,NA,NA,NA,NA,NA,NA,NA,NA,NA,NA,NA,NA,NA,NA,NA,NA,NA,NA,NA,NA,NA,NA,NA,NA,NA,NA,NA,NA,NA,NA,NA,NA,NA,NA,NA,NA,NA,NA,NA,NA,NA,NA,NA,NA,NA,NA,NA,NA,NA,NA,NA,NA,NA,NA,NA,NA,NA,NA,NA,NA,NA,NA,NA,NA,NA,NA
NA,NA,NA,NA,NA,NA,NA,NA,NA,NA,NA,NA,NA,NA,NA,NA,NA,NA,NA,NA,NA,NA,NA,NA,NA,NA,NA,NA,NA,NA,NA,NA,NA,NA,NA,NA,NA,NA,NA,NA,NA,NA,NA,NA,NA,NA,NA,NA,NA,NA,NA,NA,NA,NA,NA,NA,NA,NA,NA,NA,NA,NA,NA,NA,NA,NA,NA,NA,NA,NA,NA,NA,NA,NA,NA,NA,NA,NA,NA,NA,NA,NA,NA,NA,NA,NA,NA,NA,NA,NA,NA,NA,NA,NA,NA,NA,NA,NA,NA,NA,NA,NA,NA,NA,NA,NA,NA,NA,NA,NA,NA,NA,NA,NA,NA,NA,NA,NA,NA,NA,NA,NA,NA,NA,NA,NA,100,103,92,102,105,105,105,95,103,100,105,103,97,99,97,97,96,96,102,99,99,99,102,97,99,104,102,100,88,98,96,95,97,98,94,93,100,96,96,95,100,98,95,97,96,100,94,95,99,97,95,98,94,97,99,96,99,99,99,98,90,89,99,95,87,86,83,83,81,84,89,88,79,96,92,88,94,88,90,90,93,90,82,88,84,96,86,85,92,89,92,90,84,82,76,81,79,77,77,77,75,82,77,81,82,83,87,85,79,103,102,102,108,94,102,97,94,103,94,96,100,101,92,98,101,96,96,92,97,97,98,97,101,98,99,97,74,101,102,102,NA,NA,77,NA,NA,97,NA,NA,NA,NA,NA,NA,NA,NA,NA,NA,NA,NA,NA,NA,NA,NA,NA,NA,NA,NA,NA,NA,NA,NA,NA,NA,NA,NA,NA,NA,NA,NA,NA,NA,NA,NA,NA,NA,NA,NA,NA,NA,NA,NA,NA,NA,NA,NA,NA,NA,NA,NA,NA,NA,NA,NA,NA,NA,NA,NA,NA,NA,NA,NA,NA,NA,NA,NA,NA,NA,NA,NA,NA,NA,NA,NA,NA,NA,NA,NA,NA,NA,NA,NA,NA,NA,NA,NA,NA,NA,NA,NA,NA,NA,NA,NA,NA,NA,NA,NA,NA,NA,NA,NA,NA,NA,NA,NA,NA,NA,NA,NA,NA,NA,NA,NA,NA,NA,NA,NA,NA,NA,NA,NA,NA,NA,NA,NA
NA,NA,NA,NA,NA,NA,NA,NA,NA,NA,NA,NA,NA,NA,NA,NA,NA,NA,NA,NA,NA,NA,NA,NA,NA,NA,NA,NA,NA,NA,NA,NA,NA,NA,NA,NA,NA,NA,NA,NA,NA,NA,NA,NA,NA,NA,NA,NA,NA,NA,NA,NA,NA,NA,NA,NA,NA,NA,NA,NA,NA,NA,NA,NA,NA,NA,NA,NA,NA,NA,NA,NA,NA,NA,NA,NA,NA,NA,NA,NA,NA,NA,NA,NA,NA,NA,NA,NA,NA,NA,NA,NA,NA,NA,NA,NA,NA,NA,NA,NA,NA,NA,NA,NA,NA,NA,NA,NA,NA,NA,NA,NA,NA,NA,NA,NA,NA,NA,NA,NA,NA,NA,NA,NA,NA,NA,106,106,92,104,100,99,106,100,102,97,97,98,99,101,100,99,97,98,101,102,98,103,100,98,98,103,99,97,100,99,97,100,98,96,96,100,100,93,95,96,101,94,98,97,97,102,95,96,93,95,95,97,97,96,95,100,101,98,99,98,89,96,95,99,95,93,75,90,85,85,87,91,94,92,84,95,92,94,88,95,93,85,79,93,84,85,89,86,94,88,92,87,84,83,84,79,80,79,77,77,85,80,84,80,82,85,82,84,81,81,105,107,101,103,99,97,94,96,94,97,100,102,97,97,95,96,98,95,100,97,99,98,95,95,101,96,95,NA,NA,102,NA,NA,78,NA,NA,NA,NA,NA,NA,NA,NA,NA,NA,NA,NA,NA,NA,NA,NA,NA,NA,NA,NA,NA,NA,NA,NA,NA,NA,NA,NA,NA,NA,NA,NA,NA,NA,NA,NA,NA,NA,NA,NA,NA,NA,NA,NA,NA,NA,NA,NA,NA,NA,NA,NA,NA,NA,NA,NA,NA,NA,NA,NA,NA,NA,NA,NA,NA,NA,NA,NA,NA,NA,NA,NA,NA,NA,NA,NA,NA,NA,NA,NA,NA,NA,NA,NA,NA,NA,NA,NA,NA,NA,NA,NA,NA,NA,NA,NA,NA,NA,NA,NA,NA,NA,NA,NA,NA,NA,NA,NA,NA,NA,NA,NA,NA,NA,NA,NA,NA,NA,NA,NA,NA,NA,NA,NA,NA,NA,NA,NA,NA,NA,NA
NA,NA,NA,NA,NA,NA,NA,NA,NA,NA,NA,NA,NA,NA,NA,NA,NA,NA,NA,NA,NA,NA,NA,NA,NA,NA,NA,NA,NA,NA,NA,NA,NA,NA,NA,NA,NA,NA,NA,NA,NA,NA,NA,NA,NA,NA,NA,NA,NA,NA,NA,NA,NA,NA,NA,NA,NA,NA,NA,NA,NA,NA,NA,NA,NA,NA,NA,NA,NA,NA,NA,NA,NA,NA,NA,NA,NA,NA,NA,NA,NA,NA,NA,NA,NA,NA,NA,NA,NA,NA,NA,NA,NA,NA,NA,NA,NA,NA,NA,NA,NA,NA,NA,NA,NA,NA,NA,NA,NA,NA,NA,NA,NA,NA,NA,NA,NA,NA,NA,NA,NA,NA,NA,NA,NA,NA,100,NA,101,100,97,100,99,106,100,100,99,98,101,93,100,99,100,102,103,100,102,101,98,103,99,101,99,98,100,104,107,99,98,97,97,99,99,95,98,98,97,96,96,96,98,97,95,95,93,95,99,97,96,94,95,95,92,95,92,97,97,98,84,99,98,99,94,88,85,88,87,86,84,84,96,88,86,93,97,97,92,94,86,92,93,93,84,85,94,84,85,90,83,79,83,79,76,80,79,83,85,80,82,82,74,81,82,80,79,84,97,105,101,92,92,94,100,94,97,99,97,95,97,97,101,98,95,93,98,99,99,98,98,101,96,95,96,NA,NA,NA,NA,78,NA,NA,NA,NA,NA,NA,NA,NA,NA,NA,NA,NA,NA,NA,NA,NA,NA,NA,NA,NA,NA,NA,NA,NA,NA,NA,NA,NA,NA,NA,NA,NA,NA,NA,NA,NA,NA,NA,NA,NA,NA,NA,NA,NA,NA,NA,NA,NA,NA,NA,NA,NA,NA,NA,NA,NA,NA,NA,NA,NA,NA,NA,NA,NA,NA,NA,NA,NA,NA,NA,NA,NA,NA,NA,NA,NA,NA,NA,NA,NA,NA,NA,NA,NA,NA,NA,NA,NA,NA,NA,NA,NA,NA,NA,NA,NA,NA,NA,NA,NA,NA,NA,NA,NA,NA,NA,NA,NA,NA,NA,NA,NA,NA,NA,NA,NA,NA,NA,NA,NA,NA,NA,NA,NA,NA,NA,NA,NA,NA,NA,NA,NA
NA,NA,NA,NA,NA,NA,NA,NA,NA,NA,NA,NA,NA,NA,NA,NA,NA,NA,NA,NA,NA,NA,NA,NA,NA,NA,NA,NA,NA,NA,NA,NA,NA,NA,NA,NA,NA,NA,NA,NA,NA,NA,NA,NA,NA,NA,NA,NA,NA,NA,NA,NA,NA,NA,NA,NA,NA,NA,NA,NA,NA,NA,NA,NA,NA,NA,NA,NA,NA,NA,NA,NA,NA,NA,NA,NA,NA,NA,NA,NA,NA,NA,NA,NA,NA,NA,NA,NA,NA,NA,NA,NA,NA,NA,NA,NA,NA,NA,NA,NA,NA,NA,NA,NA,NA,NA,NA,NA,NA,NA,NA,NA,NA,NA,NA,NA,NA,NA,NA,NA,NA,NA,NA,NA,NA,96,NA,95,103,104,102,102,97,102,99,100,98,101,99,92,100,102,98,104,102,99,103,98,103,104,103,99,99,100,100,94,99,105,96,97,96,98,99,101,98,96,98,96,98,97,98,94,98,98,100,89,97,93,96,96,95,108,91,95,94,95,101,98,98,88,97,98,80,100,97,85,85,84,88,92,84,88,86,90,99,97,98,94,94,93,83,93,85,94,89,88,88,79,82,77,73,80,86,81,78,82,86,73,81,81,82,83,84,81,81,98,107,73,109,100,91,94,99,104,101,95,97,98,98,100,101,96,99,98,100,99,97,93,97,98,NA,NA,NA,NA,NA,NA,NA,NA,NA,NA,NA,NA,NA,NA,NA,NA,NA,NA,NA,NA,NA,NA,NA,NA,NA,NA,NA,NA,NA,NA,NA,NA,NA,NA,NA,NA,NA,NA,NA,NA,NA,NA,NA,NA,NA,NA,NA,NA,NA,NA,NA,NA,NA,NA,NA,NA,NA,NA,NA,NA,NA,NA,NA,NA,NA,NA,NA,NA,NA,NA,NA,NA,NA,NA,NA,NA,NA,NA,NA,NA,NA,NA,NA,NA,NA,NA,NA,NA,NA,NA,NA,NA,NA,NA,NA,NA,NA,NA,NA,NA,NA,NA,NA,NA,NA,NA,NA,NA,NA,NA,NA,NA,NA,NA,NA,NA,NA,NA,NA,NA,NA,NA,NA,NA,NA,NA,NA,NA,NA,NA,NA,NA,NA,NA,NA,NA,NA,NA,NA,NA
NA,NA,NA,NA,NA,NA,NA,NA,NA,NA,NA,NA,NA,NA,NA,NA,NA,NA,NA,NA,NA,NA,NA,NA,NA,NA,NA,NA,NA,NA,NA,NA,NA,NA,NA,NA,NA,NA,NA,NA,NA,NA,NA,NA,NA,NA,NA,NA,NA,NA,NA,NA,NA,NA,NA,NA,NA,NA,NA,NA,NA,NA,NA,NA,NA,NA,NA,NA,NA,NA,NA,NA,NA,NA,NA,NA,NA,NA,NA,NA,NA,NA,NA,NA,NA,NA,NA,NA,NA,NA,NA,NA,NA,NA,NA,NA,NA,NA,NA,NA,NA,NA,NA,NA,NA,NA,NA,NA,NA,NA,NA,NA,NA,NA,NA,NA,NA,NA,NA,NA,NA,NA,NA,NA,NA,NA,NA,102,103,101,102,102,105,105,100,96,99,101,101,101,96,97,98,96,95,103,104,106,102,104,100,100,102,94,97,104,97,98,98,97,96,98,100,100,92,95,98,97,99,94,97,100,94,99,96,99,99,96,99,96,95,107,93,97,96,103,104,97,97,98,100,100,97,101,88,86,85,85,85,86,84,88,89,98,92,92,98,96,94,92,82,82,90,96,85,93,89,79,85,83,83,80,80,78,76,79,74,84,83,75,84,87,84,83,83,81,81,108,109,72,94,100,104,93,104,102,99,97,100,100,97,99,95,99,95,97,98,99,NA,NA,NA,NA,NA,NA,NA,NA,NA,NA,NA,NA,NA,NA,NA,NA,NA,NA,NA,NA,NA,NA,NA,NA,NA,NA,NA,NA,NA,NA,NA,NA,NA,NA,NA,NA,NA,NA,NA,NA,NA,NA,NA,NA,NA,NA,NA,NA,NA,NA,NA,NA,NA,NA,NA,NA,NA,NA,NA,NA,NA,NA,NA,NA,NA,NA,NA,NA,NA,NA,NA,NA,NA,NA,NA,NA,NA,NA,NA,NA,NA,NA,NA,NA,NA,NA,NA,NA,NA,NA,NA,NA,NA,NA,NA,NA,NA,NA,NA,NA,NA,NA,NA,NA,NA,NA,NA,NA,NA,NA,NA,NA,NA,NA,NA,NA,NA,NA,NA,NA,NA,NA,NA,NA,NA,NA,NA,NA,NA,NA,NA,NA,NA,NA,NA,NA,NA,NA,NA,NA,NA,NA
NA,NA,NA,NA,NA,NA,NA,NA,NA,NA,NA,NA,NA,NA,NA,NA,NA,NA,NA,NA,NA,NA,NA,NA,NA,NA,NA,NA,NA,NA,NA,NA,NA,NA,NA,NA,NA,NA,NA,NA,NA,NA,NA,NA,NA,NA,NA,NA,NA,NA,NA,NA,NA,NA,NA,NA,NA,NA,NA,NA,NA,NA,NA,NA,NA,NA,NA,NA,NA,NA,NA,NA,NA,NA,NA,NA,NA,NA,NA,NA,NA,NA,NA,NA,NA,NA,NA,NA,NA,NA,NA,NA,NA,NA,NA,NA,NA,NA,NA,NA,NA,NA,NA,NA,NA,NA,NA,NA,NA,NA,NA,NA,NA,NA,NA,NA,NA,NA,NA,NA,NA,NA,NA,NA,NA,NA,NA,NA,NA,102,98,103,104,105,101,106,107,105,99,100,98,100,101,101,102,101,101,103,103,101,104,98,99,100,97,97,101,101,97,100,101,96,96,95,100,97,93,95,99,98,100,92,101,94,88,99,98,99,96,95,106,100,99,96,97,101,98,96,90,98,98,90,86,84,85,87,83,87,87,84,84,89,91,93,93,93,93,95,95,94,94,89,89,92,85,90,87,93,92,80,84,77,88,77,76,80,80,77,79,82,75,84,83,82,84,81,82,105,80,73,95,99,94,104,93,98,103,99,103,101,99,99,92,97,92,93,95,99,NA,NA,NA,NA,NA,NA,NA,NA,NA,NA,NA,NA,NA,NA,NA,NA,NA,NA,NA,NA,NA,NA,NA,NA,NA,NA,NA,NA,NA,NA,NA,NA,NA,NA,NA,NA,NA,NA,NA,NA,NA,NA,NA,NA,NA,NA,NA,NA,NA,NA,NA,NA,NA,NA,NA,NA,NA,NA,NA,NA,NA,NA,NA,NA,NA,NA,NA,NA,NA,NA,NA,NA,NA,NA,NA,NA,NA,NA,NA,NA,NA,NA,NA,NA,NA,NA,NA,NA,NA,NA,NA,NA,NA,NA,NA,NA,NA,NA,NA,NA,NA,NA,NA,NA,NA,NA,NA,NA,NA,NA,NA,NA,NA,NA,NA,NA,NA,NA,NA,NA,NA,NA,NA,NA,NA,NA,NA,NA,NA,NA,NA,NA,NA,NA,NA,NA,NA,NA,NA,NA,NA,NA
NA,NA,NA,NA,NA,NA,NA,NA,NA,NA,NA,NA,NA,NA,NA,NA,NA,NA,NA,NA,NA,NA,NA,NA,NA,NA,NA,NA,NA,NA,NA,NA,NA,NA,NA,NA,NA,NA,NA,NA,NA,NA,NA,NA,NA,NA,NA,NA,NA,NA,NA,NA,NA,NA,NA,NA,NA,NA,NA,NA,NA,NA,NA,NA,NA,NA,NA,NA,NA,NA,NA,NA,NA,NA,NA,NA,NA,NA,NA,NA,NA,NA,NA,NA,NA,NA,NA,NA,NA,NA,NA,NA,NA,NA,NA,NA,NA,NA,NA,NA,NA,NA,NA,NA,NA,NA,NA,NA,NA,NA,NA,NA,NA,NA,NA,NA,NA,NA,NA,NA,NA,NA,NA,NA,NA,NA,NA,NA,NA,101,98,97,97,104,105,106,104,103,99,101,101,101,98,97,103,103,103,101,102,104,104,102,104,98,97,97,104,98,98,95,96,93,98,95,97,98,96,97,95,96,94,97,99,95,98,97,98,92,91,96,96,101,87,97,96,99,94,98,95,97,90,86,100,99,88,87,82,90,84,92,88,85,93,93,92,93,94,96,95,85,90,91,89,87,85,87,84,92,79,91,81,78,81,79,80,80,79,79,77,77,84,82,85,82,82,96,79,97,100,94,94,99,97,99,98,102,102,102,100,101,96,96,95,NA,NA,NA,NA,96,96,NA,NA,NA,NA,NA,NA,NA,NA,NA,NA,NA,NA,NA,NA,NA,NA,NA,NA,NA,NA,NA,NA,NA,NA,NA,NA,NA,NA,NA,NA,NA,NA,NA,NA,NA,NA,NA,NA,NA,NA,NA,NA,NA,NA,NA,NA,NA,NA,NA,NA,NA,NA,NA,NA,NA,NA,NA,NA,NA,NA,NA,NA,NA,NA,NA,NA,NA,NA,NA,NA,NA,NA,NA,NA,NA,NA,NA,NA,NA,NA,NA,NA,NA,NA,NA,NA,NA,NA,NA,NA,NA,NA,NA,NA,NA,NA,NA,NA,NA,NA,NA,NA,NA,NA,NA,NA,NA,NA,NA,NA,NA,NA,NA,NA,NA,NA,NA,NA,NA,NA,NA,NA,NA,NA,NA,NA,NA,NA,NA,NA,NA,NA,NA,NA,NA,NA,NA,NA,NA,NA,NA
NA,NA,NA,NA,NA,NA,NA,NA,NA,NA,NA,NA,NA,NA,NA,NA,NA,NA,NA,NA,NA,NA,NA,NA,NA,NA,NA,NA,NA,NA,NA,NA,NA,NA,NA,NA,NA,NA,NA,NA,NA,NA,NA,NA,NA,NA,NA,NA,NA,NA,NA,NA,NA,NA,NA,NA,NA,NA,NA,NA,NA,NA,NA,NA,NA,NA,NA,NA,NA,NA,NA,NA,NA,NA,NA,NA,NA,NA,NA,NA,NA,NA,NA,NA,NA,NA,NA,NA,NA,NA,NA,NA,NA,NA,NA,NA,NA,NA,NA,NA,NA,NA,NA,NA,NA,NA,NA,NA,NA,NA,NA,NA,NA,NA,NA,NA,NA,NA,NA,NA,NA,NA,NA,NA,NA,NA,NA,NA,NA,NA,101,NA,104,106,104,107,105,98,99,98,104,98,97,103,101,103,103,98,101,103,96,104,103,95,95,94,103,98,98,100,96,97,98,100,99,96,93,92,97,98,96,99,100,99,99,99,95,100,101,98,98,101,94,98,97,103,95,96,97,100,99,97,97,97,87,85,87,86,86,91,86,84,88,92,93,91,93,94,84,94,81,87,87,85,85,86,87,79,87,84,90,92,80,81,76,80,83,80,77,85,75,85,83,84,84,80,80,82,99,79,105,95,98,97,98,99,NA,102,101,97,98,96,NA,NA,NA,NA,NA,NA,NA,NA,NA,NA,NA,NA,NA,NA,NA,NA,NA,NA,NA,NA,NA,NA,NA,NA,NA,NA,NA,NA,NA,NA,NA,NA,NA,NA,NA,NA,NA,NA,NA,NA,NA,NA,NA,NA,NA,NA,NA,NA,NA,NA,NA,NA,NA,NA,NA,NA,NA,NA,NA,NA,NA,NA,NA,NA,NA,NA,NA,NA,NA,NA,NA,NA,NA,NA,NA,NA,NA,NA,NA,NA,NA,NA,NA,NA,NA,NA,NA,NA,NA,NA,NA,NA,NA,NA,NA,NA,NA,NA,NA,NA,NA,NA,NA,NA,NA,NA,NA,NA,NA,NA,NA,NA,NA,NA,NA,NA,NA,NA,NA,NA,NA,NA,NA,NA,NA,NA,NA,NA,NA,NA,NA,NA,NA,NA,NA,NA,NA,NA,NA,NA,NA,NA,NA,NA,NA,NA,NA,NA
NA,NA,NA,NA,NA,NA,NA,NA,NA,NA,NA,NA,NA,NA,NA,NA,NA,NA,NA,NA,NA,NA,NA,NA,NA,NA,NA,NA,NA,NA,NA,NA,NA,NA,NA,NA,NA,NA,NA,NA,NA,NA,NA,NA,NA,NA,NA,NA,NA,NA,NA,NA,NA,NA,NA,NA,NA,NA,NA,NA,NA,NA,NA,NA,NA,NA,NA,NA,NA,NA,NA,NA,NA,NA,NA,NA,NA,NA,NA,NA,NA,NA,NA,NA,NA,NA,NA,NA,NA,NA,NA,NA,NA,NA,NA,NA,NA,NA,NA,NA,NA,NA,NA,NA,NA,NA,NA,NA,NA,NA,NA,NA,NA,NA,NA,NA,NA,NA,NA,NA,NA,NA,NA,NA,NA,NA,NA,NA,NA,NA,NA,NA,NA,104,107,100,103,99,100,104,104,102,99,100,104,101,102,105,104,105,104,103,100,103,94,103,101,98,103,100,97,98,97,91,91,95,92,96,95,98,97,97,98,96,99,101,95,98,100,104,96,96,94,98,95,99,102,97,101,97,101,97,90,86,102,96,88,96,88,98,87,92,89,89,92,94,92,89,92,93,92,93,81,83,83,88,90,89,82,87,79,78,76,78,80,79,82,85,80,81,80,85,80,82,81,84,82,83,104,102,95,99,96,98,NA,100,99,NA,101,98,99,NA,NA,NA,NA,NA,NA,NA,NA,NA,NA,NA,NA,NA,NA,NA,NA,NA,NA,NA,NA,NA,NA,NA,NA,NA,NA,NA,NA,NA,NA,NA,NA,NA,NA,NA,NA,NA,NA,NA,NA,NA,NA,NA,NA,NA,NA,NA,NA,NA,NA,NA,NA,NA,NA,NA,NA,NA,NA,NA,NA,NA,NA,NA,NA,NA,NA,NA,NA,NA,NA,NA,NA,NA,NA,NA,NA,NA,NA,NA,NA,NA,NA,NA,NA,NA,NA,NA,NA,NA,NA,NA,NA,NA,NA,NA,NA,NA,NA,NA,NA,NA,NA,NA,NA,NA,NA,NA,NA,NA,NA,NA,NA,NA,NA,NA,NA,NA,NA,NA,NA,NA,NA,NA,NA,NA,NA,NA,NA,NA,NA,NA,NA,NA,NA,NA,NA,NA,NA,NA,NA,NA,NA,NA,NA,NA,NA,NA,NA,NA
NA,NA,NA,NA,NA,NA,NA,NA,NA,NA,NA,NA,NA,NA,NA,NA,NA,NA,NA,NA,NA,NA,NA,NA,NA,NA,NA,NA,NA,NA,NA,NA,NA,NA,NA,NA,NA,NA,NA,NA,NA,NA,NA,NA,NA,NA,NA,NA,NA,NA,NA,NA,NA,NA,NA,NA,NA,NA,NA,NA,NA,NA,NA,NA,NA,NA,NA,NA,NA,NA,NA,NA,NA,NA,NA,NA,NA,NA,NA,NA,NA,NA,NA,NA,NA,NA,NA,NA,NA,NA,NA,NA,NA,NA,NA,NA,NA,NA,NA,NA,NA,NA,NA,NA,NA,NA,NA,NA,NA,NA,NA,NA,NA,NA,NA,NA,NA,NA,NA,NA,NA,NA,NA,NA,NA,NA,NA,NA,NA,NA,NA,NA,NA,NA,NA,105,NA,104,104,104,102,102,NA,100,NA,104,NA,NA,105,105,105,106,104,103,96,102,102,99,105,100,98,94,98,94,93,92,92,99,96,96,97,97,101,100,101,100,98,98,101,97,97,100,89,98,98,96,97,97,94,97,99,85,87,91,90,86,86,88,100,87,88,90,88,91,92,94,94,93,93,91,93,93,89,86,92,82,88,88,82,91,86,78,79,81,80,81,80,80,79,84,80,74,81,79,97,83,97,97,80,96,98,98,100,96,100,NA,NA,104,NA,105,105,98,NA,NA,NA,NA,NA,NA,NA,NA,NA,NA,NA,NA,NA,NA,NA,NA,NA,NA,NA,NA,NA,NA,NA,NA,NA,NA,NA,NA,NA,NA,NA,NA,NA,NA,NA,NA,NA,NA,NA,NA,NA,NA,NA,NA,NA,NA,NA,NA,NA,NA,NA,NA,NA,NA,NA,NA,NA,NA,NA,NA,NA,NA,NA,NA,NA,NA,NA,NA,NA,NA,NA,NA,NA,NA,NA,NA,NA,NA,NA,NA,NA,NA,NA,NA,NA,NA,NA,NA,NA,NA,NA,NA,NA,NA,NA,NA,NA,NA,NA,NA,NA,NA,NA,NA,NA,NA,NA,NA,NA,NA,NA,NA,NA,NA,NA,NA,NA,NA,NA,NA,NA,NA,NA,NA,NA,NA,NA,NA,NA,NA,NA,NA,NA,NA,NA,NA,NA,NA,NA,NA,NA,NA,NA,NA,NA,NA,NA,NA
NA,NA,NA,NA,NA,NA,NA,NA,NA,NA,NA,NA,NA,NA,NA,NA,NA,NA,NA,NA,NA,NA,NA,NA,NA,NA,NA,NA,NA,NA,NA,NA,NA,NA,NA,NA,NA,NA,NA,NA,NA,NA,NA,NA,NA,NA,NA,NA,NA,NA,NA,NA,NA,NA,NA,NA,NA,NA,NA,NA,NA,NA,NA,NA,NA,NA,NA,NA,NA,NA,NA,NA,NA,NA,NA,NA,NA,NA,NA,NA,NA,NA,NA,NA,NA,NA,NA,NA,NA,NA,NA,NA,NA,NA,NA,NA,NA,NA,NA,NA,NA,NA,NA,NA,NA,NA,NA,NA,NA,NA,NA,NA,NA,NA,NA,NA,NA,NA,NA,NA,NA,NA,NA,NA,NA,NA,NA,NA,NA,NA,NA,NA,NA,NA,105,102,NA,NA,NA,NA,NA,98,NA,NA,99,NA,NA,NA,NA,104,105,103,98,104,101,103,102,102,106,101,100,100,97,94,97,98,97,100,99,97,99,102,103,101,102,102,101,101,97,100,97,89,103,100,98,96,97,103,102,99,84,85,99,88,87,99,86,84,86,86,87,92,88,92,93,94,98,85,94,93,93,92,86,95,83,89,87,87,94,93,86,77,78,79,80,84,84,80,80,NA,81,82,82,83,82,83,83,97,101,101,102,99,100,NA,99,NA,NA,NA,NA,NA,NA,NA,NA,NA,NA,NA,NA,NA,NA,NA,NA,NA,NA,NA,NA,NA,NA,NA,NA,NA,NA,NA,NA,NA,NA,NA,NA,NA,NA,NA,NA,NA,NA,NA,NA,NA,NA,NA,NA,NA,NA,NA,NA,NA,NA,NA,NA,NA,NA,NA,NA,NA,NA,NA,NA,NA,NA,NA,NA,NA,NA,NA,NA,NA,NA,NA,NA,NA,NA,NA,NA,NA,NA,NA,NA,NA,NA,NA,NA,NA,NA,NA,NA,NA,NA,NA,NA,NA,NA,NA,NA,NA,NA,NA,NA,NA,NA,NA,NA,NA,NA,NA,NA,NA,NA,NA,NA,NA,NA,NA,NA,NA,NA,NA,NA,NA,NA,NA,NA,NA,NA,NA,NA,NA,NA,NA,NA,NA,NA,NA,NA,NA,NA,NA,NA,NA,NA,NA,NA,NA,NA,NA,NA,NA,NA,NA,NA,NA,NA,NA
NA,NA,NA,NA,NA,NA,NA,NA,NA,NA,NA,NA,NA,NA,NA,NA,NA,NA,NA,NA,NA,NA,NA,NA,NA,NA,NA,NA,NA,NA,NA,NA,NA,NA,NA,NA,NA,NA,NA,NA,NA,NA,NA,NA,NA,NA,NA,NA,NA,NA,NA,NA,NA,NA,NA,NA,NA,NA,NA,NA,NA,NA,NA,NA,NA,NA,NA,NA,NA,NA,NA,NA,NA,NA,NA,NA,NA,NA,NA,NA,NA,NA,NA,NA,NA,NA,NA,NA,NA,NA,NA,NA,NA,NA,NA,NA,NA,NA,NA,NA,NA,NA,NA,NA,NA,NA,NA,NA,NA,NA,NA,NA,NA,NA,NA,NA,NA,NA,NA,NA,NA,NA,NA,NA,NA,NA,NA,NA,NA,NA,NA,NA,NA,NA,NA,NA,NA,NA,NA,NA,NA,NA,NA,NA,NA,NA,NA,NA,NA,103,NA,107,104,105,102,102,102,100,103,106,100,101,100,96,97,NA,98,100,NA,NA,97,102,100,98,NA,101,99,101,101,94,104,99,103,92,89,99,97,100,96,101,95,89,90,92,NA,88,97,90,90,88,89,91,85,89,95,96,93,98,84,92,91,94,95,95,83,86,83,87,87,88,92,79,78,78,81,79,85,NA,79,80,80,NA,NA,84,85,82,NA,NA,NA,96,100,NA,NA,NA,NA,NA,NA,NA,NA,NA,NA,NA,NA,NA,NA,NA,NA,NA,NA,NA,NA,NA,NA,NA,NA,NA,NA,NA,NA,NA,NA,NA,NA,NA,NA,NA,NA,NA,NA,NA,NA,NA,NA,NA,NA,NA,NA,NA,NA,NA,NA,NA,NA,NA,NA,NA,NA,NA,NA,NA,NA,NA,NA,NA,NA,NA,NA,NA,NA,NA,NA,NA,NA,NA,NA,NA,NA,NA,NA,NA,NA,NA,NA,NA,NA,NA,NA,NA,NA,NA,NA,NA,NA,NA,NA,NA,NA,NA,NA,NA,NA,NA,NA,NA,NA,NA,NA,NA,NA,NA,NA,NA,NA,NA,NA,NA,NA,NA,NA,NA,NA,NA,NA,NA,NA,NA,NA,NA,NA,NA,NA,NA,NA,NA,NA,NA,NA,NA,NA,NA,NA,NA,NA,NA,NA,NA,NA,NA,NA,NA,NA,NA,NA,NA,NA,NA,NA,NA,NA,NA
NA,NA,NA,NA,NA,NA,NA,NA,NA,NA,NA,NA,NA,NA,NA,NA,NA,NA,NA,NA,NA,NA,NA,NA,NA,NA,NA,NA,NA,NA,NA,NA,NA,NA,NA,NA,NA,NA,NA,NA,NA,NA,NA,NA,NA,NA,NA,NA,NA,NA,NA,NA,NA,NA,NA,NA,NA,NA,NA,NA,NA,NA,NA,NA,NA,NA,NA,NA,NA,NA,NA,NA,NA,NA,NA,NA,NA,NA,NA,NA,NA,NA,NA,NA,NA,NA,NA,NA,NA,NA,NA,NA,NA,NA,NA,NA,NA,NA,NA,NA,NA,NA,NA,NA,NA,NA,NA,NA,NA,NA,NA,NA,NA,NA,NA,NA,NA,NA,NA,NA,NA,NA,NA,NA,NA,NA,NA,NA,NA,NA,NA,NA,NA,NA,NA,NA,NA,NA,NA,NA,NA,NA,NA,NA,NA,NA,NA,NA,NA,NA,NA,104,107,106,106,97,107,101,NA,NA,97,98,98,95,96,NA,NA,NA,NA,NA,NA,103,103,NA,101,99,NA,100,100,100,97,104,92,100,102,101,101,103,100,98,101,101,101,101,92,87,86,91,87,90,89,87,89,89,94,95,94,95,91,97,92,92,82,85,92,83,96,89,86,76,78,79,79,81,NA,NA,86,86,NA,NA,NA,NA,NA,NA,85,NA,NA,NA,NA,96,102,102,NA,NA,NA,NA,NA,NA,NA,NA,NA,NA,NA,NA,NA,NA,NA,NA,NA,NA,NA,NA,NA,NA,NA,NA,NA,NA,NA,NA,NA,NA,NA,NA,NA,NA,NA,NA,NA,NA,NA,NA,NA,NA,NA,NA,NA,NA,NA,NA,NA,NA,NA,NA,NA,NA,NA,NA,NA,NA,NA,NA,NA,NA,NA,NA,NA,NA,NA,NA,NA,NA,NA,NA,NA,NA,NA,NA,NA,NA,NA,NA,NA,NA,NA,NA,NA,NA,NA,NA,NA,NA,NA,NA,NA,NA,NA,NA,NA,NA,NA,NA,NA,NA,NA,NA,NA,NA,NA,NA,NA,NA,NA,NA,NA,NA,NA,NA,NA,NA,NA,NA,NA,NA,NA,NA,NA,NA,NA,NA,NA,NA,NA,NA,NA,NA,NA,NA,NA,NA,NA,NA,NA,NA,NA,NA,NA,NA,NA,NA,NA,NA,NA,NA,NA,NA,NA,NA,NA,NA
NA,NA,NA,NA,NA,NA,NA,NA,NA,NA,NA,NA,NA,NA,NA,NA,NA,NA,NA,NA,NA,NA,NA,NA,NA,NA,NA,NA,NA,NA,NA,NA,NA,NA,NA,NA,NA,NA,NA,NA,NA,NA,NA,NA,NA,NA,NA,NA,NA,NA,NA,NA,NA,NA,NA,NA,NA,NA,NA,NA,NA,NA,NA,NA,NA,NA,NA,NA,NA,NA,NA,NA,NA,NA,NA,NA,NA,NA,NA,NA,NA,NA,NA,NA,NA,NA,NA,NA,NA,NA,NA,NA,NA,NA,NA,NA,NA,NA,NA,NA,NA,NA,NA,NA,NA,NA,NA,NA,NA,NA,NA,NA,NA,NA,NA,NA,NA,NA,NA,NA,NA,NA,NA,NA,NA,NA,NA,NA,NA,NA,NA,NA,NA,NA,NA,NA,NA,NA,NA,NA,NA,NA,NA,NA,NA,NA,NA,NA,NA,NA,NA,NA,NA,NA,97,NA,NA,107,NA,NA,NA,NA,95,NA,NA,NA,NA,NA,NA,NA,NA,NA,NA,NA,NA,NA,NA,NA,99,97,NA,101,103,102,102,100,103,100,100,101,89,NA,NA,101,87,88,NA,93,91,93,91,92,92,93,95,NA,93,95,95,84,95,95,95,96,95,93,87,89,88,87,87,77,NA,NA,NA,NA,NA,NA,NA,NA,NA,NA,NA,NA,NA,NA,NA,NA,NA,NA,102,NA,102,NA,NA,NA,NA,NA,NA,NA,NA,NA,NA,NA,NA,NA,NA,NA,NA,NA,NA,NA,NA,NA,NA,NA,NA,NA,NA,NA,NA,NA,NA,NA,NA,NA,NA,NA,NA,NA,NA,NA,NA,NA,NA,NA,NA,NA,NA,NA,NA,NA,NA,NA,NA,NA,NA,NA,NA,NA,NA,NA,NA,NA,NA,NA,NA,NA,NA,NA,NA,NA,NA,NA,NA,NA,NA,NA,NA,NA,NA,NA,NA,NA,NA,NA,NA,NA,NA,NA,NA,NA,NA,NA,NA,NA,NA,NA,NA,NA,NA,NA,NA,NA,NA,NA,NA,NA,NA,NA,NA,NA,NA,NA,NA,NA,NA,NA,NA,NA,NA,NA,NA,NA,NA,NA,NA,NA,NA,NA,NA,NA,NA,NA,NA,NA,NA,NA,NA,NA,NA,NA,NA,NA,NA,NA,NA,NA,NA,NA,NA,NA,NA,NA,NA,NA,NA,NA,NA,NA
NA,NA,NA,NA,NA,NA,NA,NA,NA,NA,NA,NA,NA,NA,NA,NA,NA,NA,NA,NA,NA,NA,NA,NA,NA,NA,NA,NA,NA,NA,NA,NA,NA,NA,NA,NA,NA,NA,NA,NA,NA,NA,NA,NA,NA,NA,NA,NA,NA,NA,NA,NA,NA,NA,NA,NA,NA,NA,NA,NA,NA,NA,NA,NA,NA,NA,NA,NA,NA,NA,NA,NA,NA,NA,NA,NA,NA,NA,NA,NA,NA,NA,NA,NA,NA,NA,NA,NA,NA,NA,NA,NA,NA,NA,NA,NA,NA,NA,NA,NA,NA,NA,NA,NA,NA,NA,NA,NA,NA,NA,NA,NA,NA,NA,NA,NA,NA,NA,NA,NA,NA,NA,NA,NA,NA,NA,NA,NA,NA,NA,NA,NA,NA,NA,NA,NA,NA,NA,NA,NA,NA,NA,NA,NA,NA,NA,NA,NA,NA,NA,NA,NA,NA,NA,NA,NA,NA,NA,NA,NA,NA,NA,NA,NA,NA,NA,NA,NA,NA,NA,NA,NA,NA,NA,NA,NA,NA,NA,94,NA,NA,102,103,102,96,90,97,100,99,NA,NA,NA,NA,NA,NA,NA,92,NA,NA,NA,92,93,88,94,NA,NA,92,97,92,98,92,90,93,96,93,91,90,87,87,NA,NA,78,NA,NA,NA,NA,NA,NA,NA,NA,NA,NA,NA,NA,NA,NA,NA,NA,NA,NA,NA,NA,NA,NA,NA,NA,NA,NA,NA,NA,NA,NA,NA,NA,NA,NA,NA,NA,NA,NA,NA,NA,NA,NA,NA,NA,NA,NA,NA,NA,NA,NA,NA,NA,NA,NA,NA,NA,NA,NA,NA,NA,NA,NA,NA,NA,NA,NA,NA,NA,NA,NA,NA,NA,NA,NA,NA,NA,NA,NA,NA,NA,NA,NA,NA,NA,NA,NA,NA,NA,NA,NA,NA,NA,NA,NA,NA,NA,NA,NA,NA,NA,NA,NA,NA,NA,NA,NA,NA,NA,NA,NA,NA,NA,NA,NA,NA,NA,NA,NA,NA,NA,NA,NA,NA,NA,NA,NA,NA,NA,NA,NA,NA,NA,NA,NA,NA,NA,NA,NA,NA,NA,NA,NA,NA,NA,NA,NA,NA,NA,NA,NA,NA,NA,NA,NA,NA,NA,NA,NA,NA,NA,NA,NA,NA,NA,NA,NA,NA,NA,NA,NA,NA,NA,NA,NA,NA,NA,NA,NA
NA,NA,NA,NA,NA,NA,NA,NA,NA,NA,NA,NA,NA,NA,NA,NA,NA,NA,NA,NA,NA,NA,NA,NA,NA,NA,NA,NA,NA,NA,NA,NA,NA,NA,NA,NA,NA,NA,NA,NA,NA,NA,NA,NA,NA,NA,NA,NA,NA,NA,NA,NA,NA,NA,NA,NA,NA,NA,NA,NA,NA,NA,NA,NA,NA,NA,NA,NA,NA,NA,NA,NA,NA,NA,NA,NA,NA,NA,NA,NA,NA,NA,NA,NA,NA,NA,NA,NA,NA,NA,NA,NA,NA,NA,NA,NA,NA,NA,NA,NA,NA,NA,NA,NA,NA,NA,NA,NA,NA,NA,NA,NA,NA,NA,NA,NA,NA,NA,NA,NA,NA,NA,NA,NA,NA,NA,NA,NA,NA,NA,NA,NA,NA,NA,NA,NA,NA,NA,NA,NA,NA,NA,NA,NA,NA,NA,NA,NA,NA,NA,NA,NA,NA,NA,NA,NA,NA,NA,NA,NA,NA,NA,NA,NA,NA,NA,NA,NA,NA,NA,NA,NA,NA,NA,NA,NA,NA,NA,NA,NA,NA,NA,NA,103,100,NA,NA,99,NA,NA,NA,NA,NA,NA,NA,NA,NA,NA,NA,NA,NA,92,93,89,89,NA,95,93,96,94,94,95,93,96,92,NA,87,90,87,98,NA,NA,NA,NA,NA,NA,NA,NA,NA,NA,NA,NA,NA,NA,NA,NA,NA,NA,NA,NA,NA,NA,NA,NA,NA,NA,NA,NA,NA,NA,NA,NA,NA,NA,NA,NA,NA,NA,NA,NA,NA,NA,NA,NA,NA,NA,NA,NA,NA,NA,NA,NA,NA,NA,NA,NA,NA,NA,NA,NA,NA,NA,NA,NA,NA,NA,NA,NA,NA,NA,NA,NA,NA,NA,NA,NA,NA,NA,NA,NA,NA,NA,NA,NA,NA,NA,NA,NA,NA,NA,NA,NA,NA,NA,NA,NA,NA,NA,NA,NA,NA,NA,NA,NA,NA,NA,NA,NA,NA,NA,NA,NA,NA,NA,NA,NA,NA,NA,NA,NA,NA,NA,NA,NA,NA,NA,NA,NA,NA,NA,NA,NA,NA,NA,NA,NA,NA,NA,NA,NA,NA,NA,NA,NA,NA,NA,NA,NA,NA,NA,NA,NA,NA,NA,NA,NA,NA,NA,NA,NA,NA,NA,NA,NA,NA,NA,NA,NA,NA,NA,NA,NA,NA,NA,NA,NA,NA,NA,NA,NA
NA,NA,NA,NA,NA,NA,NA,NA,NA,NA,NA,NA,NA,NA,NA,NA,NA,NA,NA,NA,NA,NA,NA,NA,NA,NA,NA,NA,NA,NA,NA,NA,NA,NA,NA,NA,NA,NA,NA,NA,NA,NA,NA,NA,NA,NA,NA,NA,NA,NA,NA,NA,NA,NA,NA,NA,NA,NA,NA,NA,NA,NA,NA,NA,NA,NA,NA,NA,NA,NA,NA,NA,NA,NA,NA,NA,NA,NA,NA,NA,NA,NA,NA,NA,NA,NA,NA,NA,NA,NA,NA,NA,NA,NA,NA,NA,NA,NA,NA,NA,NA,NA,NA,NA,NA,NA,NA,NA,NA,NA,NA,NA,NA,NA,NA,NA,NA,NA,NA,NA,NA,NA,NA,NA,NA,NA,NA,NA,NA,NA,NA,NA,NA,NA,NA,NA,NA,NA,NA,NA,NA,NA,NA,NA,NA,NA,NA,NA,NA,NA,NA,NA,NA,NA,NA,NA,NA,NA,NA,NA,NA,NA,NA,NA,NA,NA,NA,NA,NA,NA,NA,NA,NA,NA,NA,NA,NA,NA,NA,NA,NA,NA,NA,NA,NA,NA,NA,NA,NA,NA,NA,NA,NA,NA,NA,NA,NA,NA,NA,NA,NA,NA,NA,93,NA,NA,NA,94,94,NA,NA,94,NA,NA,NA,NA,98,97,NA,90,90,NA,NA,NA,NA,NA,NA,NA,NA,NA,NA,NA,NA,NA,NA,NA,NA,NA,NA,NA,NA,NA,NA,NA,NA,NA,NA,NA,NA,NA,NA,NA,NA,NA,NA,NA,NA,NA,NA,NA,NA,NA,NA,NA,NA,NA,NA,NA,NA,NA,NA,NA,NA,NA,NA,NA,NA,NA,NA,NA,NA,NA,NA,NA,NA,NA,NA,NA,NA,NA,NA,NA,NA,NA,NA,NA,NA,NA,NA,NA,NA,NA,NA,NA,NA,NA,NA,NA,NA,NA,NA,NA,NA,NA,NA,NA,NA,NA,NA,NA,NA,NA,NA,NA,NA,NA,NA,NA,NA,NA,NA,NA,NA,NA,NA,NA,NA,NA,NA,NA,NA,NA,NA,NA,NA,NA,NA,NA,NA,NA,NA,NA,NA,NA,NA,NA,NA,NA,NA,NA,NA,NA,NA,NA,NA,NA,NA,NA,NA,NA,NA,NA,NA,NA,NA,NA,NA,NA,NA,NA,NA,NA,NA,NA,NA,NA,NA,NA,NA,NA,NA,NA,NA,NA,NA,NA,NA,NA,NA,NA
NA,NA,NA,NA,NA,NA,NA,NA,NA,NA,NA,NA,NA,NA,NA,NA,NA,NA,NA,NA,NA,NA,NA,NA,NA,NA,NA,NA,NA,NA,NA,NA,NA,NA,NA,NA,NA,NA,NA,NA,NA,NA,NA,NA,NA,NA,NA,NA,NA,NA,NA,NA,NA,NA,NA,NA,NA,NA,NA,NA,NA,NA,NA,NA,NA,NA,NA,NA,NA,NA,NA,NA,NA,NA,NA,NA,NA,NA,NA,NA,NA,NA,NA,NA,NA,NA,NA,NA,NA,NA,NA,NA,NA,NA,NA,NA,NA,NA,NA,NA,NA,NA,NA,NA,NA,NA,NA,NA,NA,NA,NA,NA,NA,NA,NA,NA,NA,NA,NA,NA,NA,NA,NA,NA,NA,NA,NA,NA,NA,NA,NA,NA,NA,NA,NA,NA,NA,NA,NA,NA,NA,NA,NA,NA,NA,NA,NA,NA,NA,NA,NA,NA,NA,NA,NA,NA,NA,NA,NA,NA,NA,NA,NA,NA,NA,NA,NA,NA,NA,NA,NA,NA,NA,NA,NA,NA,NA,NA,NA,NA,NA,NA,NA,NA,NA,NA,NA,NA,NA,NA,NA,NA,NA,NA,NA,NA,NA,NA,NA,NA,NA,NA,NA,NA,NA,NA,NA,NA,NA,NA,NA,NA,94,NA,NA,NA,NA,NA,NA,NA,NA,NA,NA,NA,NA,NA,NA,NA,NA,NA,NA,NA,NA,NA,NA,NA,NA,NA,NA,NA,NA,NA,NA,NA,NA,NA,NA,NA,NA,NA,NA,NA,NA,NA,NA,NA,NA,NA,NA,NA,NA,NA,NA,NA,NA,NA,NA,NA,NA,NA,NA,NA,NA,NA,NA,NA,NA,NA,NA,NA,NA,NA,NA,NA,NA,NA,NA,NA,NA,NA,NA,NA,NA,NA,NA,NA,NA,NA,NA,NA,NA,NA,NA,NA,NA,NA,NA,NA,NA,NA,NA,NA,NA,NA,NA,NA,NA,NA,NA,NA,NA,NA,NA,NA,NA,NA,NA,NA,NA,NA,NA,NA,NA,NA,NA,NA,NA,NA,NA,NA,NA,NA,NA,NA,NA,NA,NA,NA,NA,NA,NA,NA,NA,NA,NA,NA,NA,NA,NA,NA,NA,NA,NA,NA,NA,NA,NA,NA,NA,NA,NA,NA,NA,NA,NA,NA,NA,NA,NA,NA,NA,NA,NA,NA,NA,NA,NA,NA,NA,NA,NA,NA,NA,NA,NA,NA,NA,NA,NA,NA
NA,NA,NA,NA,NA,NA,NA,NA,NA,NA,NA,NA,NA,NA,NA,NA,NA,NA,NA,NA,NA,NA,NA,NA,NA,NA,NA,NA,NA,NA,NA,NA,NA,NA,NA,NA,NA,NA,NA,NA,NA,NA,NA,NA,NA,NA,NA,NA,NA,NA,NA,NA,NA,NA,NA,NA,NA,NA,NA,NA,NA,NA,NA,NA,NA,NA,NA,NA,NA,NA,NA,NA,NA,NA,NA,NA,NA,NA,NA,NA,NA,NA,NA,NA,NA,NA,NA,NA,NA,NA,NA,NA,NA,NA,NA,NA,NA,NA,NA,NA,NA,NA,NA,NA,NA,NA,NA,NA,NA,NA,NA,NA,NA,NA,NA,NA,NA,NA,NA,NA,NA,NA,NA,NA,NA,NA,NA,NA,NA,NA,NA,NA,NA,NA,NA,NA,NA,NA,NA,NA,NA,NA,NA,NA,NA,NA,NA,NA,NA,NA,NA,NA,NA,NA,NA,NA,NA,NA,NA,NA,NA,NA,NA,NA,NA,NA,NA,NA,NA,NA,NA,NA,NA,NA,NA,NA,NA,NA,NA,NA,NA,NA,NA,NA,NA,NA,NA,NA,NA,NA,NA,NA,NA,NA,NA,NA,NA,NA,NA,NA,NA,NA,NA,NA,NA,NA,NA,NA,NA,NA,NA,NA,NA,NA,NA,NA,NA,NA,NA,NA,NA,NA,NA,NA,NA,NA,NA,NA,NA,NA,NA,NA,NA,NA,NA,NA,NA,NA,NA,NA,NA,NA,NA,NA,NA,NA,NA,NA,NA,NA,NA,NA,NA,NA,NA,NA,NA,NA,NA,NA,NA,NA,NA,NA,NA,NA,NA,NA,NA,NA,NA,NA,NA,NA,NA,NA,NA,NA,NA,NA,NA,NA,NA,NA,NA,NA,NA,NA,NA,NA,NA,NA,NA,NA,NA,NA,NA,NA,NA,NA,NA,NA,NA,NA,NA,NA,NA,NA,NA,NA,NA,NA,NA,NA,NA,NA,NA,NA,NA,NA,NA,NA,NA,NA,NA,NA,NA,NA,NA,NA,NA,NA,NA,NA,NA,NA,NA,NA,NA,NA,NA,NA,NA,NA,NA,NA,NA,NA,NA,NA,NA,NA,NA,NA,NA,NA,NA,NA,NA,NA,NA,NA,NA,NA,NA,NA,NA,NA,NA,NA,NA,NA,NA,NA,NA,NA,NA,NA,NA,NA,NA,NA,NA,NA,NA,NA,NA,NA,NA,NA,NA,NA,NA,NA,NA,NA,NA,NA,NA,NA
NA,NA,NA,NA,NA,NA,NA,NA,NA,NA,NA,NA,NA,NA,NA,NA,NA,NA,NA,NA,NA,NA,NA,NA,NA,NA,NA,NA,NA,NA,NA,NA,NA,NA,NA,NA,NA,NA,NA,NA,NA,NA,NA,NA,NA,NA,NA,NA,NA,NA,NA,NA,NA,NA,NA,NA,NA,NA,NA,NA,NA,NA,NA,NA,NA,NA,NA,NA,NA,NA,NA,NA,NA,NA,NA,NA,NA,NA,NA,NA,NA,NA,NA,NA,NA,NA,NA,NA,NA,NA,NA,NA,NA,NA,NA,NA,NA,NA,NA,NA,NA,NA,NA,NA,NA,NA,NA,NA,NA,NA,NA,NA,NA,NA,NA,NA,NA,NA,NA,NA,NA,NA,NA,NA,NA,NA,NA,NA,NA,NA,NA,NA,NA,NA,NA,NA,NA,NA,NA,NA,NA,NA,NA,NA,NA,NA,NA,NA,NA,NA,NA,NA,NA,NA,NA,NA,NA,NA,NA,NA,NA,NA,NA,NA,NA,NA,NA,NA,NA,NA,NA,NA,NA,NA,NA,NA,NA,NA,NA,NA,NA,NA,NA,NA,NA,NA,NA,NA,NA,NA,NA,NA,NA,NA,NA,NA,NA,NA,NA,NA,NA,NA,NA,NA,NA,NA,NA,NA,NA,NA,NA,NA,NA,NA,NA,NA,NA,NA,NA,NA,NA,NA,NA,NA,NA,NA,NA,NA,NA,NA,NA,NA,NA,NA,NA,NA,NA,NA,NA,NA,NA,NA,NA,NA,NA,NA,NA,NA,NA,NA,NA,NA,NA,NA,NA,NA,NA,NA,NA,NA,NA,NA,NA,NA,NA,NA,NA,NA,NA,NA,NA,NA,NA,NA,NA,NA,NA,NA,NA,NA,NA,NA,NA,NA,NA,NA,NA,NA,NA,NA,NA,NA,NA,NA,NA,NA,NA,NA,NA,NA,NA,NA,NA,NA,NA,NA,NA,NA,NA,NA,NA,NA,NA,NA,NA,NA,NA,NA,NA,NA,NA,NA,NA,NA,NA,NA,NA,NA,NA,NA,NA,NA,NA,NA,NA,NA,NA,NA,NA,NA,NA,NA,NA,NA,NA,NA,NA,NA,NA,NA,NA,NA,NA,NA,NA,NA,NA,NA,NA,NA,NA,NA,NA,NA,NA,NA,NA,NA,NA,NA,NA,NA,NA,NA,NA,NA,NA,NA,NA,NA,NA,NA,NA,NA,NA,NA,NA,NA,NA,NA,NA,NA,NA,NA,NA,NA,NA,NA,NA,NA
NA,NA,NA,NA,NA,NA,NA,NA,NA,NA,NA,NA,NA,NA,NA,NA,NA,NA,NA,NA,NA,NA,NA,NA,NA,NA,NA,NA,NA,NA,NA,NA,NA,NA,NA,NA,NA,NA,NA,NA,NA,NA,NA,NA,NA,NA,NA,NA,NA,NA,NA,NA,NA,NA,NA,NA,NA,NA,NA,NA,NA,NA,NA,NA,NA,NA,NA,NA,NA,NA,NA,NA,NA,NA,NA,NA,NA,NA,NA,NA,NA,NA,NA,NA,NA,NA,NA,NA,NA,NA,NA,NA,NA,NA,NA,NA,NA,NA,NA,NA,NA,NA,NA,NA,NA,NA,NA,NA,NA,NA,NA,NA,NA,NA,NA,NA,NA,NA,NA,NA,NA,NA,NA,NA,NA,NA,NA,NA,NA,NA,NA,NA,NA,NA,NA,NA,NA,NA,NA,NA,NA,NA,NA,NA,NA,NA,NA,NA,NA,NA,NA,NA,NA,NA,NA,NA,NA,NA,NA,NA,NA,NA,NA,NA,NA,NA,NA,NA,NA,NA,NA,NA,NA,NA,NA,NA,NA,NA,NA,NA,NA,NA,NA,NA,NA,NA,NA,NA,NA,NA,NA,NA,NA,NA,NA,NA,NA,NA,NA,NA,NA,NA,NA,NA,NA,NA,NA,NA,NA,NA,NA,NA,NA,NA,NA,NA,NA,NA,NA,NA,NA,NA,NA,NA,NA,NA,NA,NA,NA,NA,NA,NA,NA,NA,NA,NA,NA,NA,NA,NA,NA,NA,NA,NA,NA,NA,NA,NA,NA,NA,NA,NA,NA,NA,NA,NA,NA,NA,NA,NA,NA,NA,NA,NA,NA,NA,NA,NA,NA,NA,NA,NA,NA,NA,NA,NA,NA,NA,NA,NA,NA,NA,NA,NA,NA,NA,NA,NA,NA,NA,NA,NA,NA,NA,NA,NA,NA,NA,NA,NA,NA,NA,NA,NA,NA,NA,NA,NA,NA,NA,NA,NA,NA,NA,NA,NA,NA,NA,NA,NA,NA,NA,NA,NA,NA,NA,NA,NA,NA,NA,NA,NA,NA,NA,NA,NA,NA,NA,NA,NA,NA,NA,NA,NA,NA,NA,NA,NA,NA,NA,NA,NA,NA,NA,NA,NA,NA,NA,NA,NA,NA,NA,NA,NA,NA,NA,NA,NA,NA,NA,NA,NA,NA,NA,NA,NA,NA,NA,NA,NA,NA,NA,NA,NA,NA,NA,NA,NA,NA,NA,NA,NA,NA,NA,NA,NA,NA,NA,NA,NA
NA,NA,NA,NA,NA,NA,NA,NA,NA,NA,NA,NA,NA,NA,NA,NA,NA,NA,NA,NA,NA,NA,NA,NA,NA,NA,NA,NA,NA,NA,NA,NA,NA,NA,NA,NA,NA,NA,NA,NA,NA,NA,NA,NA,NA,NA,NA,NA,NA,NA,NA,NA,NA,NA,NA,NA,NA,NA,NA,NA,NA,NA,NA,NA,NA,NA,NA,NA,NA,NA,NA,NA,NA,NA,NA,NA,NA,NA,NA,NA,NA,NA,NA,NA,NA,NA,NA,NA,NA,NA,NA,NA,NA,NA,NA,NA,NA,NA,NA,NA,NA,NA,NA,NA,NA,NA,NA,NA,NA,NA,NA,NA,NA,NA,NA,NA,NA,NA,NA,NA,NA,NA,NA,NA,NA,NA,NA,NA,NA,NA,NA,NA,NA,NA,NA,NA,NA,NA,NA,NA,NA,NA,NA,NA,NA,NA,NA,NA,NA,NA,NA,NA,NA,NA,NA,NA,NA,NA,NA,NA,NA,NA,NA,NA,NA,NA,NA,NA,NA,NA,NA,NA,NA,NA,NA,NA,NA,NA,NA,NA,NA,NA,NA,NA,NA,NA,NA,NA,NA,NA,NA,NA,NA,NA,NA,NA,NA,NA,NA,NA,NA,NA,NA,NA,NA,NA,NA,NA,NA,NA,NA,NA,NA,NA,NA,NA,NA,NA,NA,NA,NA,NA,NA,NA,NA,NA,NA,NA,NA,NA,NA,NA,NA,NA,NA,NA,NA,NA,NA,NA,NA,NA,NA,NA,NA,NA,NA,NA,NA,NA,NA,NA,NA,NA,NA,NA,NA,NA,NA,NA,NA,NA,NA,NA,NA,NA,NA,NA,NA,NA,NA,NA,NA,NA,NA,NA,NA,NA,NA,NA,NA,NA,NA,NA,NA,NA,NA,NA,NA,NA,NA,NA,NA,NA,NA,NA,NA,NA,NA,NA,NA,NA,NA,NA,NA,NA,NA,NA,NA,NA,NA,NA,NA,NA,NA,NA,NA,NA,NA,NA,NA,NA,NA,NA,NA,NA,NA,NA,NA,NA,NA,NA,NA,NA,NA,NA,NA,NA,NA,NA,NA,NA,NA,NA,NA,NA,NA,NA,NA,NA,NA,NA,NA,NA,NA,NA,NA,NA,NA,NA,NA,NA,NA,NA,NA,NA,NA,NA,NA,NA,NA,NA,NA,NA,NA,NA,NA,NA,NA,NA,NA,NA,NA,NA,NA,NA,NA,NA,NA,NA,NA,NA,NA,NA,NA,NA,NA,NA,NA,NA
NA,NA,NA,NA,NA,NA,NA,NA,NA,NA,NA,NA,NA,NA,NA,NA,NA,NA,NA,NA,NA,NA,NA,NA,NA,NA,NA,NA,NA,NA,NA,NA,NA,NA,NA,NA,NA,NA,NA,NA,NA,NA,NA,NA,NA,NA,NA,NA,NA,NA,NA,NA,NA,NA,NA,NA,NA,NA,NA,NA,NA,NA,NA,NA,NA,NA,NA,NA,NA,NA,NA,NA,NA,NA,NA,NA,NA,NA,NA,NA,NA,NA,NA,NA,NA,NA,NA,NA,NA,NA,NA,NA,NA,NA,NA,NA,NA,NA,NA,NA,NA,NA,NA,NA,NA,NA,NA,NA,NA,NA,NA,NA,NA,NA,NA,NA,NA,NA,NA,NA,NA,NA,NA,NA,NA,NA,NA,NA,NA,NA,NA,NA,NA,NA,NA,NA,NA,NA,NA,NA,NA,NA,NA,NA,NA,NA,NA,NA,NA,NA,NA,NA,NA,NA,NA,NA,NA,NA,NA,NA,NA,NA,NA,NA,NA,NA,NA,NA,NA,NA,NA,NA,NA,NA,NA,NA,NA,NA,NA,NA,NA,NA,NA,NA,NA,NA,NA,NA,NA,NA,NA,NA,NA,NA,NA,NA,NA,NA,NA,NA,NA,NA,NA,NA,NA,NA,NA,NA,NA,NA,NA,NA,NA,NA,NA,NA,NA,NA,NA,NA,NA,NA,NA,NA,NA,NA,NA,NA,NA,NA,NA,NA,NA,NA,NA,NA,NA,NA,NA,NA,NA,NA,NA,NA,NA,NA,NA,NA,NA,NA,NA,NA,NA,NA,NA,NA,NA,NA,NA,NA,NA,NA,NA,NA,NA,NA,NA,NA,NA,NA,NA,NA,NA,NA,NA,NA,NA,NA,NA,NA,NA,NA,NA,NA,NA,NA,NA,NA,NA,NA,NA,NA,NA,NA,NA,NA,NA,NA,NA,NA,NA,NA,NA,NA,NA,NA,NA,NA,NA,NA,NA,NA,NA,NA,NA,NA,NA,NA,NA,NA,NA,NA,NA,NA,NA,NA,NA,NA,NA,NA,NA,NA,NA,NA,NA,NA,NA,NA,NA,NA,NA,NA,NA,NA,NA,NA,NA,NA,NA,NA,NA,NA,NA,NA,NA,NA,NA,NA,NA,NA,NA,NA,NA,NA,NA,NA,NA,NA,NA,NA,NA,NA,NA,NA,NA,NA,NA,NA,NA,NA,NA,NA,NA,NA,NA,NA,NA,NA,NA,NA,NA,NA,NA,NA,NA,NA,NA,NA,NA,NA
NA,NA,NA,NA,NA,NA,NA,NA,NA,NA,NA,NA,NA,NA,NA,NA,NA,NA,NA,NA,NA,NA,NA,NA,NA,NA,NA,NA,NA,NA,NA,NA,NA,NA,NA,NA,NA,NA,NA,NA,NA,NA,NA,NA,NA,NA,NA,NA,NA,NA,NA,NA,NA,NA,NA,NA,NA,NA,NA,NA,NA,NA,NA,NA,NA,NA,NA,NA,NA,NA,NA,NA,NA,NA,NA,NA,NA,NA,NA,NA,NA,NA,NA,NA,NA,NA,NA,NA,NA,NA,NA,NA,NA,NA,NA,NA,NA,NA,NA,NA,NA,NA,NA,NA,NA,NA,NA,NA,NA,NA,NA,NA,NA,NA,NA,NA,NA,NA,NA,NA,NA,NA,NA,NA,NA,NA,NA,NA,NA,NA,NA,NA,NA,NA,NA,NA,NA,NA,NA,NA,NA,NA,NA,NA,NA,NA,NA,NA,NA,NA,NA,NA,NA,NA,NA,NA,NA,NA,NA,NA,NA,NA,NA,NA,NA,NA,NA,NA,NA,NA,NA,NA,NA,NA,NA,NA,NA,NA,NA,NA,NA,NA,NA,NA,NA,NA,NA,NA,NA,NA,NA,NA,NA,NA,NA,NA,NA,NA,NA,NA,NA,NA,NA,NA,NA,NA,NA,NA,NA,NA,NA,NA,NA,NA,NA,NA,NA,NA,NA,NA,NA,NA,NA,NA,NA,NA,NA,NA,NA,NA,NA,NA,NA,NA,NA,NA,NA,NA,NA,NA,NA,NA,NA,NA,NA,NA,NA,NA,NA,NA,NA,NA,NA,NA,NA,NA,NA,NA,NA,NA,NA,NA,NA,NA,NA,NA,NA,NA,NA,NA,NA,NA,NA,NA,NA,NA,NA,NA,NA,NA,NA,NA,NA,NA,NA,NA,NA,NA,NA,NA,NA,NA,NA,NA,NA,NA,NA,NA,NA,NA,NA,NA,NA,NA,NA,NA,NA,NA,NA,NA,NA,NA,NA,NA,NA,NA,NA,NA,NA,NA,NA,NA,NA,NA,NA,NA,NA,NA,NA,NA,NA,NA,NA,NA,NA,NA,NA,NA,NA,NA,NA,NA,NA,NA,NA,NA,NA,NA,NA,NA,NA,NA,NA,NA,NA,NA,NA,NA,NA,NA,NA,NA,NA,NA,NA,NA,NA,NA,NA,NA,NA,NA,NA,NA,NA,NA,NA,NA,NA,NA,NA,NA,NA,NA,NA,NA,NA,NA,NA,NA,NA,NA,NA,NA,NA,NA,NA,NA,NA,NA
NA,NA,NA,NA,NA,NA,NA,NA,NA,NA,NA,NA,NA,NA,NA,NA,NA,NA,NA,NA,NA,NA,NA,NA,NA,NA,NA,NA,NA,NA,NA,NA,NA,NA,NA,NA,NA,NA,NA,NA,NA,NA,NA,NA,NA,NA,NA,NA,NA,NA,NA,NA,NA,NA,NA,NA,NA,NA,NA,NA,NA,NA,NA,NA,NA,NA,NA,NA,NA,NA,NA,NA,NA,NA,NA,NA,NA,NA,NA,NA,NA,NA,NA,NA,NA,NA,NA,NA,NA,NA,NA,NA,NA,NA,NA,NA,NA,NA,NA,NA,NA,NA,NA,NA,NA,NA,NA,NA,NA,NA,NA,NA,NA,NA,NA,NA,NA,NA,NA,NA,NA,NA,NA,NA,NA,NA,NA,NA,NA,NA,NA,NA,NA,NA,NA,NA,NA,NA,NA,NA,NA,NA,NA,NA,NA,NA,NA,NA,NA,NA,NA,NA,NA,NA,NA,NA,NA,NA,NA,NA,NA,NA,NA,NA,NA,NA,NA,NA,NA,NA,NA,NA,NA,NA,NA,NA,NA,NA,NA,NA,NA,NA,NA,NA,NA,NA,NA,NA,NA,NA,NA,NA,NA,NA,NA,NA,NA,NA,NA,NA,NA,NA,NA,NA,NA,NA,NA,NA,NA,NA,NA,NA,NA,NA,NA,NA,NA,NA,NA,NA,NA,NA,NA,NA,NA,NA,NA,NA,NA,NA,NA,NA,NA,NA,NA,NA,NA,NA,NA,NA,NA,NA,NA,NA,NA,NA,NA,NA,NA,NA,NA,NA,NA,NA,NA,NA,NA,NA,NA,NA,NA,NA,NA,NA,NA,NA,NA,NA,NA,NA,NA,NA,NA,NA,NA,NA,NA,NA,NA,NA,NA,NA,NA,NA,NA,NA,NA,NA,NA,NA,NA,NA,NA,NA,NA,NA,NA,NA,NA,NA,NA,NA,NA,NA,NA,NA,NA,NA,NA,NA,NA,NA,NA,NA,NA,NA,NA,NA,NA,NA,NA,NA,NA,NA,NA,NA,NA,NA,NA,NA,NA,NA,NA,NA,NA,NA,NA,NA,NA,NA,NA,NA,NA,NA,NA,NA,NA,NA,NA,NA,NA,NA,NA,NA,NA,NA,NA,NA,NA,NA,NA,NA,NA,NA,NA,NA,NA,NA,NA,NA,NA,NA,NA,NA,NA,NA,NA,NA,NA,NA,NA,NA,NA,NA,NA,NA,NA,NA,NA,NA,NA,NA,NA,NA,NA,NA,NA,NA,NA,NA
NA,NA,NA,NA,NA,NA,NA,NA,NA,NA,NA,NA,NA,NA,NA,NA,NA,NA,NA,NA,NA,NA,NA,NA,NA,NA,NA,NA,NA,NA,NA,NA,NA,NA,NA,NA,NA,NA,NA,NA,NA,NA,NA,NA,NA,NA,NA,NA,NA,NA,NA,NA,NA,NA,NA,NA,NA,NA,NA,NA,NA,NA,NA,NA,NA,NA,NA,NA,NA,NA,NA,NA,NA,NA,NA,NA,NA,NA,NA,NA,NA,NA,NA,NA,NA,NA,NA,NA,NA,NA,NA,NA,NA,NA,NA,NA,NA,NA,NA,NA,NA,NA,NA,NA,NA,NA,NA,NA,NA,NA,NA,NA,NA,NA,NA,NA,NA,NA,NA,NA,NA,NA,NA,NA,NA,NA,NA,NA,NA,NA,NA,NA,NA,NA,NA,NA,NA,NA,NA,NA,NA,NA,NA,NA,NA,NA,NA,NA,NA,NA,NA,NA,NA,NA,NA,NA,NA,NA,NA,NA,NA,NA,NA,NA,NA,NA,NA,NA,NA,NA,NA,NA,NA,NA,NA,NA,NA,NA,NA,NA,NA,NA,NA,NA,NA,NA,NA,NA,NA,NA,NA,NA,NA,NA,NA,NA,NA,NA,NA,NA,NA,NA,NA,NA,NA,NA,NA,NA,NA,NA,NA,NA,NA,NA,NA,NA,NA,NA,NA,NA,NA,NA,NA,NA,NA,NA,NA,NA,NA,NA,NA,NA,NA,NA,NA,NA,NA,NA,NA,NA,NA,NA,NA,NA,NA,NA,NA,NA,NA,NA,NA,NA,NA,NA,NA,NA,NA,NA,NA,NA,NA,NA,NA,NA,NA,NA,NA,NA,NA,NA,NA,NA,NA,NA,NA,NA,NA,NA,NA,NA,NA,NA,NA,NA,NA,NA,NA,NA,NA,NA,NA,NA,NA,NA,NA,NA,NA,NA,NA,NA,NA,NA,NA,NA,NA,NA,NA,NA,NA,NA,NA,NA,NA,NA,NA,NA,NA,NA,NA,NA,NA,NA,NA,NA,NA,NA,NA,NA,NA,NA,NA,NA,NA,NA,NA,NA,NA,NA,NA,NA,NA,NA,NA,NA,NA,NA,NA,NA,NA,NA,NA,NA,NA,NA,NA,NA,NA,NA,NA,NA,NA,NA,NA,NA,NA,NA,NA,NA,NA,NA,NA,NA,NA,NA,NA,NA,NA,NA,NA,NA,NA,NA,NA,NA,NA,NA,NA,NA,NA,NA,NA,NA,NA,NA,NA,NA,NA,NA,NA,NA
