NA,NA,NA,NA,NA,NA,NA,NA,NA,NA,NA,NA,NA,NA,NA,NA,NA,NA,NA,NA,NA,NA,NA,NA,NA,NA,NA,NA,NA,NA,NA,NA,NA,NA,NA,NA,NA,NA,NA,NA,NA,NA,NA,NA,NA,NA,NA,NA,NA,NA,NA,NA,NA,NA,NA,NA,NA,NA,NA,NA,NA,NA,NA,NA,NA,NA,NA,NA,NA,NA,NA,NA,NA,NA,NA,NA,NA,NA,NA,NA,NA,NA,NA,NA,NA,NA,NA,NA,NA,NA,NA,NA,NA,NA,NA,NA,NA,NA,NA,NA,NA,NA,NA,NA,NA,NA,NA,NA,NA,NA,NA,NA,NA,NA,NA,NA,NA,NA,NA,NA,NA,NA,NA,NA,NA,NA,NA,NA,NA,NA,NA,NA,NA,NA,NA,NA,NA,NA,NA,NA,NA,NA,NA,NA,NA,NA,NA,NA,NA,NA,NA,NA,NA,NA,NA,NA,NA,NA,NA,NA,NA,NA,NA,NA,NA,NA,NA,NA,NA,NA,NA,NA,NA,NA,NA,NA,NA,NA,NA,NA,NA,NA,NA,NA,NA,NA,NA,NA,NA,NA,NA,NA,NA,NA,NA,NA,NA,NA,NA,NA
NA,NA,NA,NA,NA,NA,NA,NA,NA,NA,NA,NA,NA,NA,NA,NA,NA,NA,NA,NA,NA,NA,NA,NA,NA,NA,NA,NA,NA,NA,NA,NA,NA,NA,NA,NA,NA,NA,NA,NA,NA,NA,NA,NA,NA,NA,NA,NA,NA,NA,NA,NA,NA,NA,NA,NA,NA,NA,NA,NA,NA,NA,NA,NA,NA,NA,NA,NA,NA,NA,NA,NA,NA,NA,NA,NA,NA,NA,NA,NA,NA,NA,NA,NA,NA,NA,NA,NA,NA,NA,NA,NA,NA,NA,NA,NA,NA,NA,NA,NA,NA,NA,NA,NA,NA,NA,NA,NA,NA,NA,NA,NA,NA,NA,NA,NA,NA,NA,NA,NA,NA,NA,NA,NA,NA,NA,NA,NA,NA,NA,NA,NA,NA,NA,NA,NA,NA,NA,NA,NA,NA,NA,NA,NA,NA,NA,NA,NA,NA,NA,NA,NA,NA,NA,NA,NA,NA,NA,NA,NA,NA,NA,NA,NA,NA,NA,NA,NA,NA,NA,NA,NA,NA,NA,NA,NA,NA,NA,NA,NA,NA,NA,NA,NA,NA,NA,NA,NA,NA,NA,NA,NA,NA,NA,NA,NA,NA,NA,NA,NA
NA,NA,NA,NA,NA,NA,NA,NA,NA,NA,NA,NA,NA,NA,NA,NA,NA,NA,NA,NA,NA,NA,NA,NA,NA,NA,NA,NA,NA,NA,NA,NA,NA,NA,NA,NA,NA,NA,NA,NA,NA,NA,NA,NA,NA,NA,NA,NA,NA,NA,NA,NA,NA,NA,NA,NA,NA,NA,NA,NA,NA,NA,NA,NA,NA,NA,NA,NA,NA,NA,NA,NA,NA,NA,NA,NA,NA,NA,NA,NA,NA,NA,NA,NA,NA,NA,NA,NA,NA,NA,NA,NA,NA,NA,NA,NA,NA,NA,NA,NA,NA,NA,NA,NA,NA,NA,NA,NA,NA,NA,NA,NA,NA,NA,NA,NA,NA,NA,NA,NA,NA,NA,NA,NA,NA,NA,NA,NA,NA,NA,NA,NA,NA,NA,NA,NA,NA,NA,NA,NA,NA,NA,NA,NA,NA,NA,NA,NA,NA,NA,NA,NA,NA,NA,NA,NA,NA,NA,NA,NA,NA,NA,NA,NA,NA,NA,NA,NA,NA,NA,NA,NA,NA,NA,NA,NA,NA,NA,NA,NA,NA,NA,NA,NA,NA,NA,NA,NA,NA,NA,NA,NA,NA,NA,NA,NA,NA,NA,NA,NA
NA,NA,NA,NA,NA,NA,NA,NA,NA,NA,NA,NA,NA,NA,NA,NA,NA,NA,NA,NA,NA,NA,NA,NA,NA,NA,NA,NA,NA,NA,NA,NA,NA,NA,NA,NA,NA,NA,NA,NA,NA,NA,NA,NA,NA,NA,NA,NA,NA,NA,NA,NA,NA,NA,NA,NA,NA,NA,NA,NA,NA,NA,NA,NA,NA,NA,NA,NA,NA,NA,NA,NA,NA,NA,NA,NA,NA,NA,NA,NA,NA,NA,NA,NA,NA,NA,NA,NA,NA,NA,NA,NA,NA,NA,NA,NA,NA,NA,NA,NA,NA,NA,NA,NA,NA,NA,NA,NA,NA,NA,NA,NA,NA,NA,NA,NA,NA,NA,NA,NA,NA,NA,NA,NA,NA,NA,NA,NA,NA,NA,NA,NA,NA,NA,NA,NA,NA,NA,NA,NA,NA,NA,NA,NA,NA,NA,NA,NA,NA,NA,NA,NA,NA,NA,NA,NA,NA,NA,NA,NA,NA,NA,NA,NA,NA,NA,NA,NA,NA,NA,NA,NA,NA,NA,NA,NA,NA,NA,NA,NA,NA,NA,NA,NA,NA,NA,NA,NA,NA,NA,NA,NA,NA,NA,NA,NA,NA,NA,NA,NA
NA,NA,NA,NA,NA,NA,NA,NA,NA,NA,NA,NA,NA,NA,NA,NA,NA,NA,NA,NA,NA,NA,NA,NA,NA,NA,NA,NA,NA,NA,NA,NA,NA,NA,NA,NA,NA,NA,NA,NA,NA,NA,NA,NA,NA,NA,NA,NA,NA,NA,NA,NA,NA,NA,NA,NA,NA,NA,NA,NA,NA,NA,NA,NA,NA,NA,NA,NA,NA,NA,NA,NA,NA,NA,NA,NA,NA,NA,NA,NA,NA,NA,NA,NA,NA,NA,NA,NA,NA,NA,NA,NA,NA,NA,NA,NA,NA,NA,NA,NA,NA,NA,NA,NA,NA,NA,NA,NA,NA,NA,NA,NA,NA,NA,NA,NA,NA,NA,NA,NA,NA,NA,NA,NA,NA,NA,NA,NA,NA,NA,NA,NA,NA,NA,NA,NA,NA,NA,NA,NA,NA,NA,NA,NA,NA,NA,NA,NA,NA,NA,NA,NA,NA,NA,NA,NA,NA,NA,NA,NA,NA,NA,NA,NA,NA,NA,NA,NA,NA,NA,NA,NA,NA,NA,NA,NA,NA,NA,NA,NA,NA,NA,NA,NA,NA,NA,NA,NA,NA,NA,NA,NA,NA,NA,NA,NA,NA,NA,NA,NA
NA,NA,NA,NA,NA,NA,NA,NA,NA,NA,NA,NA,NA,NA,NA,NA,NA,NA,NA,NA,NA,NA,NA,NA,NA,NA,NA,NA,NA,NA,NA,NA,NA,NA,NA,NA,NA,NA,NA,NA,NA,NA,NA,NA,NA,NA,NA,NA,NA,NA,NA,NA,NA,NA,NA,NA,NA,NA,NA,NA,NA,NA,NA,NA,NA,NA,NA,NA,NA,NA,NA,NA,NA,NA,NA,NA,NA,NA,NA,NA,NA,NA,NA,NA,NA,NA,NA,NA,NA,NA,NA,NA,NA,NA,NA,NA,NA,NA,NA,NA,NA,NA,NA,NA,NA,NA,NA,NA,NA,NA,NA,NA,NA,NA,NA,NA,NA,NA,NA,NA,NA,NA,NA,NA,NA,NA,NA,NA,NA,NA,NA,NA,NA,NA,NA,NA,NA,NA,NA,NA,NA,NA,NA,NA,NA,NA,NA,NA,NA,NA,NA,NA,NA,NA,NA,NA,NA,NA,NA,NA,NA,NA,NA,NA,NA,NA,NA,NA,NA,NA,NA,NA,NA,NA,NA,NA,NA,NA,NA,NA,NA,NA,NA,NA,NA,NA,NA,NA,NA,NA,NA,NA,NA,NA,NA,NA,NA,NA,NA,NA
NA,NA,NA,NA,NA,NA,NA,NA,NA,NA,NA,NA,NA,NA,NA,NA,NA,NA,NA,NA,NA,NA,NA,NA,NA,NA,NA,NA,NA,NA,NA,NA,NA,NA,NA,NA,NA,NA,NA,NA,NA,NA,NA,NA,NA,NA,NA,NA,NA,NA,NA,NA,NA,NA,NA,NA,NA,NA,NA,NA,NA,NA,NA,NA,NA,NA,NA,NA,NA,NA,NA,NA,NA,NA,NA,NA,NA,NA,NA,NA,NA,NA,NA,NA,NA,NA,NA,NA,NA,NA,NA,NA,NA,NA,NA,NA,NA,NA,NA,NA,NA,NA,NA,NA,NA,NA,NA,NA,NA,NA,NA,NA,NA,NA,NA,NA,NA,NA,NA,NA,NA,NA,NA,NA,NA,NA,NA,NA,NA,NA,NA,NA,NA,NA,NA,NA,NA,NA,NA,NA,NA,NA,NA,NA,NA,NA,NA,NA,NA,NA,NA,NA,NA,NA,NA,NA,NA,NA,NA,NA,NA,NA,NA,NA,NA,NA,NA,NA,NA,NA,NA,NA,NA,NA,NA,NA,NA,NA,NA,NA,NA,NA,NA,NA,NA,NA,NA,NA,NA,NA,NA,NA,NA,NA,NA,NA,NA,NA,NA,NA
NA,NA,NA,NA,NA,NA,NA,NA,NA,NA,NA,NA,NA,NA,NA,NA,NA,NA,NA,NA,NA,NA,NA,NA,NA,NA,NA,NA,NA,NA,NA,NA,NA,NA,NA,NA,NA,NA,NA,NA,NA,NA,NA,NA,NA,NA,NA,NA,NA,NA,NA,NA,NA,NA,NA,NA,NA,NA,NA,NA,NA,NA,NA,NA,NA,NA,NA,NA,NA,NA,NA,NA,NA,NA,NA,NA,NA,NA,NA,NA,NA,NA,NA,NA,NA,NA,NA,NA,NA,NA,NA,NA,NA,NA,NA,NA,NA,NA,NA,NA,NA,NA,NA,NA,NA,NA,NA,NA,NA,NA,NA,NA,NA,NA,NA,NA,NA,NA,NA,NA,NA,NA,NA,NA,NA,NA,NA,NA,NA,NA,NA,NA,NA,NA,NA,NA,NA,NA,NA,NA,NA,NA,NA,NA,NA,NA,NA,NA,NA,NA,NA,NA,NA,NA,NA,NA,NA,NA,NA,NA,NA,NA,NA,NA,NA,NA,NA,NA,NA,NA,NA,NA,NA,NA,NA,NA,NA,NA,NA,NA,NA,NA,NA,NA,NA,NA,NA,NA,NA,NA,NA,NA,NA,NA,NA,NA,NA,NA,NA,NA
NA,NA,NA,NA,NA,NA,NA,NA,NA,NA,NA,NA,NA,NA,NA,NA,NA,NA,NA,NA,NA,NA,NA,NA,NA,NA,NA,NA,NA,NA,NA,NA,NA,NA,NA,NA,NA,NA,NA,NA,NA,NA,NA,NA,NA,NA,NA,NA,NA,NA,NA,NA,NA,NA,NA,NA,NA,NA,NA,NA,NA,NA,NA,NA,NA,NA,NA,NA,NA,NA,NA,NA,NA,NA,NA,NA,NA,NA,NA,NA,NA,NA,NA,NA,NA,NA,NA,NA,NA,NA,NA,NA,NA,NA,NA,NA,NA,NA,NA,NA,NA,NA,NA,NA,NA,NA,NA,NA,NA,NA,NA,NA,NA,NA,NA,NA,NA,NA,NA,NA,NA,NA,NA,NA,NA,NA,NA,NA,NA,NA,NA,NA,NA,NA,NA,NA,NA,NA,NA,NA,NA,NA,NA,NA,NA,NA,NA,NA,NA,NA,NA,NA,NA,NA,NA,NA,NA,NA,NA,NA,NA,NA,NA,NA,NA,NA,NA,NA,NA,NA,NA,NA,NA,NA,NA,NA,NA,NA,NA,NA,NA,NA,NA,NA,NA,NA,NA,NA,NA,NA,NA,NA,NA,NA,NA,NA,NA,NA,NA,NA
NA,NA,NA,NA,NA,NA,NA,NA,NA,NA,NA,NA,NA,NA,NA,NA,NA,NA,NA,NA,NA,NA,NA,NA,NA,NA,NA,NA,NA,NA,NA,NA,NA,NA,NA,NA,NA,NA,NA,NA,NA,NA,NA,NA,NA,NA,NA,NA,NA,NA,NA,NA,NA,NA,NA,NA,NA,NA,NA,NA,NA,NA,NA,NA,NA,NA,NA,NA,NA,NA,NA,NA,NA,NA,NA,NA,NA,NA,NA,NA,NA,NA,NA,NA,NA,NA,NA,NA,NA,NA,NA,NA,NA,NA,NA,NA,NA,NA,NA,NA,NA,NA,NA,NA,NA,NA,NA,NA,NA,NA,NA,NA,NA,NA,NA,NA,NA,NA,NA,NA,NA,NA,NA,NA,NA,NA,NA,NA,NA,NA,NA,NA,NA,NA,NA,NA,NA,NA,NA,NA,NA,NA,NA,NA,NA,NA,NA,NA,NA,NA,NA,NA,NA,NA,NA,NA,NA,NA,NA,NA,NA,NA,NA,NA,NA,NA,NA,NA,NA,NA,NA,NA,NA,NA,NA,NA,NA,NA,NA,NA,NA,NA,NA,NA,NA,NA,NA,NA,NA,NA,NA,NA,NA,NA,NA,NA,NA,NA,NA,NA
NA,NA,NA,NA,NA,NA,NA,NA,NA,NA,NA,NA,NA,NA,NA,NA,NA,NA,NA,NA,NA,NA,NA,NA,NA,NA,NA,NA,NA,NA,NA,NA,NA,NA,NA,NA,NA,NA,NA,NA,NA,NA,NA,NA,NA,NA,NA,NA,NA,NA,NA,NA,NA,NA,NA,NA,NA,NA,NA,NA,NA,NA,NA,NA,NA,NA,NA,NA,NA,NA,NA,NA,NA,NA,NA,NA,NA,NA,NA,NA,NA,NA,NA,NA,NA,NA,NA,NA,NA,NA,NA,NA,NA,NA,NA,NA,NA,NA,NA,NA,NA,NA,NA,NA,NA,NA,NA,NA,NA,NA,NA,NA,NA,NA,NA,NA,NA,NA,NA,NA,NA,NA,NA,NA,NA,NA,NA,NA,NA,NA,NA,NA,NA,NA,NA,NA,NA,NA,NA,NA,NA,NA,NA,NA,NA,NA,NA,NA,NA,NA,NA,NA,NA,NA,NA,NA,NA,NA,NA,NA,NA,NA,NA,NA,NA,NA,NA,NA,NA,NA,NA,NA,NA,NA,NA,NA,NA,NA,NA,NA,NA,NA,NA,NA,NA,NA,NA,NA,NA,NA,NA,NA,NA,NA,NA,NA,NA,NA,NA,NA
NA,NA,NA,NA,NA,NA,NA,NA,NA,NA,NA,NA,NA,NA,NA,NA,NA,NA,NA,NA,NA,NA,NA,NA,NA,NA,NA,NA,NA,NA,NA,NA,NA,NA,NA,NA,NA,NA,NA,NA,NA,NA,NA,NA,NA,NA,NA,NA,NA,NA,NA,NA,NA,NA,NA,NA,NA,NA,NA,NA,NA,NA,NA,NA,NA,NA,NA,NA,NA,NA,NA,NA,NA,NA,NA,NA,NA,NA,NA,NA,NA,NA,NA,NA,NA,NA,NA,NA,NA,NA,NA,NA,NA,NA,NA,NA,NA,NA,NA,NA,NA,NA,NA,NA,NA,NA,NA,NA,NA,NA,NA,NA,NA,NA,NA,NA,NA,NA,NA,NA,NA,NA,NA,NA,NA,NA,NA,NA,NA,NA,NA,NA,NA,NA,NA,NA,NA,NA,NA,NA,NA,NA,NA,NA,NA,NA,NA,NA,NA,NA,NA,NA,NA,NA,NA,NA,NA,NA,NA,NA,NA,NA,NA,NA,NA,NA,NA,NA,NA,NA,NA,NA,NA,NA,NA,NA,NA,NA,NA,NA,NA,NA,NA,NA,NA,NA,NA,NA,NA,NA,NA,NA,NA,NA,NA,NA,NA,NA,NA,NA
NA,NA,NA,NA,NA,NA,NA,NA,NA,NA,NA,NA,NA,NA,NA,NA,NA,NA,NA,NA,NA,NA,NA,NA,NA,NA,NA,NA,NA,NA,NA,NA,NA,NA,NA,NA,NA,NA,NA,NA,NA,NA,NA,NA,NA,NA,NA,NA,NA,NA,NA,NA,NA,NA,NA,NA,NA,NA,NA,NA,NA,NA,NA,NA,NA,NA,NA,NA,NA,NA,NA,NA,NA,NA,NA,NA,NA,NA,NA,NA,NA,NA,NA,NA,NA,NA,NA,NA,NA,NA,NA,NA,NA,NA,NA,NA,NA,NA,NA,NA,NA,NA,NA,NA,NA,NA,NA,NA,NA,NA,NA,NA,NA,NA,NA,NA,NA,NA,NA,NA,NA,NA,NA,NA,NA,NA,NA,NA,NA,NA,NA,NA,NA,NA,NA,NA,NA,NA,NA,NA,NA,NA,NA,NA,NA,NA,NA,NA,NA,NA,NA,NA,NA,NA,NA,NA,NA,NA,NA,NA,NA,NA,NA,NA,NA,NA,NA,NA,NA,NA,NA,NA,NA,NA,NA,NA,NA,NA,NA,NA,NA,NA,NA,NA,NA,NA,NA,NA,NA,NA,NA,NA,NA,NA,NA,NA,NA,NA,NA,NA
NA,NA,NA,NA,NA,NA,NA,NA,NA,NA,NA,NA,NA,NA,NA,NA,NA,NA,NA,NA,NA,NA,NA,NA,NA,NA,NA,NA,NA,NA,NA,NA,NA,NA,NA,NA,NA,NA,NA,NA,NA,NA,NA,NA,NA,NA,NA,NA,NA,NA,NA,NA,NA,NA,NA,NA,NA,NA,NA,NA,NA,NA,NA,NA,NA,NA,NA,NA,NA,NA,NA,NA,NA,NA,NA,NA,NA,NA,NA,NA,NA,NA,NA,NA,NA,NA,NA,NA,NA,NA,NA,NA,NA,NA,NA,NA,NA,51,52,79,NA,NA,NA,60,NA,NA,NA,NA,NA,NA,NA,NA,NA,NA,NA,NA,NA,71,NA,NA,NA,NA,NA,NA,NA,NA,NA,NA,NA,NA,NA,NA,NA,NA,NA,NA,NA,NA,NA,NA,NA,NA,NA,NA,NA,NA,NA,NA,NA,NA,NA,NA,NA,NA,NA,NA,NA,NA,NA,NA,NA,NA,NA,NA,NA,NA,NA,NA,NA,NA,NA,NA,NA,NA,NA,NA,NA,NA,NA,NA,NA,NA,NA,NA,NA,NA,NA,NA,NA,NA,NA,NA,NA,NA,NA,NA,NA,NA,NA,NA
NA,NA,NA,NA,NA,NA,NA,NA,NA,NA,NA,NA,NA,NA,NA,NA,NA,NA,NA,NA,NA,NA,NA,NA,NA,NA,NA,NA,NA,NA,NA,NA,NA,NA,NA,NA,NA,NA,NA,NA,NA,NA,NA,NA,NA,NA,NA,NA,NA,NA,NA,NA,NA,NA,NA,NA,NA,NA,NA,NA,NA,NA,NA,NA,NA,NA,NA,NA,NA,NA,NA,NA,NA,NA,NA,NA,NA,NA,NA,NA,NA,NA,NA,NA,NA,NA,NA,NA,NA,NA,NA,NA,NA,NA,58,51,NA,79,65,65,66,72,NA,63,NA,64,53,NA,NA,NA,NA,NA,NA,NA,NA,NA,NA,75,NA,NA,NA,NA,NA,NA,NA,NA,NA,NA,NA,NA,NA,NA,NA,NA,NA,NA,NA,NA,NA,NA,NA,NA,NA,NA,NA,NA,NA,NA,NA,NA,NA,NA,NA,NA,NA,NA,NA,NA,NA,NA,NA,NA,NA,NA,NA,NA,NA,NA,NA,NA,NA,NA,NA,NA,NA,NA,NA,NA,NA,NA,NA,NA,NA,NA,NA,NA,NA,NA,NA,NA,NA,NA,NA,NA,NA,NA,NA,NA,NA,NA
NA,NA,NA,NA,NA,NA,NA,NA,NA,NA,NA,NA,NA,NA,NA,NA,NA,NA,NA,NA,NA,NA,NA,NA,NA,NA,NA,NA,NA,NA,NA,NA,NA,NA,NA,NA,NA,NA,NA,NA,NA,NA,NA,NA,NA,NA,NA,NA,NA,NA,NA,NA,NA,NA,NA,NA,NA,NA,NA,NA,NA,NA,NA,NA,NA,NA,NA,NA,NA,NA,NA,NA,NA,NA,NA,NA,NA,NA,NA,NA,NA,NA,NA,NA,NA,NA,75,88,78,78,51,NA,NA,58,65,51,NA,52,65,83,51,50,72,65,NA,65,NA,67,NA,NA,63,62,NA,NA,NA,NA,90,89,87,NA,NA,NA,NA,NA,NA,NA,NA,NA,NA,NA,NA,NA,NA,NA,NA,NA,NA,NA,NA,NA,NA,NA,NA,NA,NA,NA,NA,NA,NA,NA,NA,NA,NA,NA,NA,NA,NA,NA,NA,NA,NA,NA,NA,NA,NA,NA,NA,NA,NA,NA,NA,NA,NA,NA,NA,NA,NA,NA,NA,NA,NA,NA,NA,NA,NA,NA,NA,NA,NA,NA,NA,NA,NA,NA,NA,NA,NA,NA,NA,NA
NA,NA,NA,NA,NA,NA,NA,NA,NA,NA,NA,NA,NA,NA,NA,NA,NA,NA,NA,NA,NA,NA,NA,NA,NA,NA,NA,NA,NA,NA,NA,NA,NA,NA,NA,NA,NA,NA,NA,NA,NA,NA,NA,NA,NA,NA,NA,NA,NA,NA,NA,NA,NA,NA,NA,NA,NA,NA,NA,NA,NA,NA,NA,NA,NA,NA,NA,NA,NA,NA,NA,NA,NA,NA,NA,NA,NA,NA,NA,NA,90,NA,NA,NA,80,77,89,NA,58,58,74,NA,59,57,65,80,52,80,65,64,60,67,64,91,NA,49,50,74,63,63,62,72,NA,NA,62,73,89,NA,76,NA,NA,NA,NA,NA,NA,NA,NA,NA,NA,NA,NA,NA,NA,NA,NA,NA,NA,NA,NA,NA,NA,NA,NA,NA,NA,NA,NA,NA,NA,NA,NA,NA,NA,NA,NA,NA,NA,NA,NA,NA,NA,NA,NA,NA,NA,NA,NA,NA,NA,NA,NA,NA,NA,NA,NA,NA,NA,NA,NA,NA,NA,NA,NA,NA,NA,NA,NA,NA,NA,NA,NA,NA,NA,NA,NA,NA,NA,NA,NA,NA
NA,NA,NA,NA,NA,NA,NA,NA,NA,NA,NA,NA,NA,NA,NA,NA,NA,NA,NA,NA,NA,NA,NA,NA,NA,NA,NA,NA,NA,NA,NA,NA,NA,NA,NA,NA,NA,NA,NA,NA,NA,NA,NA,NA,NA,NA,NA,NA,NA,NA,NA,NA,NA,NA,NA,NA,NA,NA,NA,NA,NA,NA,NA,NA,NA,NA,NA,NA,NA,NA,NA,NA,NA,NA,NA,NA,NA,NA,NA,NA,90,NA,NA,NA,89,80,56,56,82,57,84,81,81,78,58,86,NA,65,80,80,65,80,50,90,50,73,53,88,78,NA,NA,77,73,NA,71,85,79,52,74,NA,NA,NA,NA,NA,65,73,NA,NA,NA,NA,NA,NA,80,80,NA,NA,NA,NA,NA,NA,NA,NA,NA,NA,NA,NA,NA,NA,NA,NA,NA,NA,NA,NA,NA,NA,NA,NA,NA,NA,NA,NA,NA,NA,NA,NA,NA,NA,NA,NA,NA,NA,NA,NA,NA,NA,NA,NA,NA,NA,NA,NA,NA,NA,NA,NA,NA,NA,NA,NA,NA,NA,NA,NA,NA,NA,NA,NA,NA,NA
NA,NA,NA,NA,NA,NA,NA,NA,NA,NA,NA,NA,NA,NA,NA,NA,NA,NA,NA,NA,NA,NA,NA,NA,NA,NA,NA,NA,NA,NA,NA,NA,NA,NA,NA,NA,NA,NA,NA,NA,NA,NA,NA,NA,NA,NA,NA,NA,NA,NA,NA,NA,NA,NA,NA,NA,NA,NA,NA,NA,NA,NA,NA,NA,NA,NA,NA,NA,NA,NA,NA,NA,NA,NA,NA,NA,NA,NA,NA,NA,NA,88,NA,63,60,NA,55,64,58,89,80,79,76,66,57,69,50,50,68,68,61,90,87,60,89,NA,80,80,69,NA,NA,82,86,73,73,78,75,75,83,69,NA,NA,NA,NA,NA,73,NA,NA,NA,NA,NA,74,91,69,NA,NA,NA,NA,NA,NA,NA,NA,NA,NA,NA,NA,NA,NA,NA,NA,NA,NA,NA,NA,NA,NA,NA,NA,NA,NA,NA,NA,NA,NA,NA,NA,NA,NA,NA,NA,NA,NA,NA,NA,NA,NA,NA,NA,NA,NA,NA,NA,NA,NA,NA,NA,NA,NA,NA,NA,NA,NA,NA,NA,NA,NA,NA,NA,NA,NA
NA,NA,NA,NA,NA,NA,NA,NA,NA,NA,NA,NA,NA,NA,NA,NA,NA,NA,NA,NA,NA,NA,NA,NA,NA,NA,NA,NA,NA,NA,NA,NA,NA,NA,NA,NA,NA,NA,NA,NA,NA,NA,NA,NA,NA,NA,NA,NA,NA,NA,NA,NA,NA,NA,NA,NA,NA,NA,NA,NA,NA,NA,NA,NA,NA,NA,NA,NA,NA,NA,NA,NA,NA,NA,84,NA,67,56,NA,NA,NA,89,NA,77,77,60,53,59,89,57,74,76,53,79,58,81,81,80,82,51,71,65,66,94,87,70,72,50,78,75,78,71,61,89,61,75,74,78,51,58,61,89,77,NA,75,75,NA,75,90,NA,NA,NA,83,70,65,NA,84,NA,NA,NA,NA,NA,NA,NA,NA,NA,NA,NA,NA,NA,NA,NA,NA,NA,NA,NA,NA,NA,NA,NA,NA,NA,NA,NA,NA,NA,NA,NA,NA,NA,NA,NA,NA,NA,NA,NA,NA,NA,NA,NA,NA,NA,NA,NA,NA,NA,NA,NA,NA,NA,NA,NA,NA,NA,NA,NA,NA,NA,NA,NA
NA,NA,NA,NA,NA,NA,NA,NA,NA,NA,NA,NA,NA,NA,NA,NA,NA,NA,NA,NA,NA,NA,NA,NA,NA,NA,NA,NA,NA,NA,NA,NA,NA,NA,NA,NA,NA,NA,NA,NA,NA,NA,NA,NA,NA,NA,NA,NA,NA,NA,NA,NA,NA,NA,NA,NA,NA,NA,NA,NA,NA,NA,NA,NA,NA,NA,NA,NA,NA,NA,NA,NA,NA,NA,87,67,68,55,NA,87,86,88,57,78,80,79,75,88,69,84,70,83,53,56,65,75,86,93,65,65,68,82,78,82,50,92,89,72,77,71,76,65,66,66,61,61,91,90,90,81,61,91,77,NA,87,76,73,70,NA,66,72,90,72,91,84,53,NA,84,NA,NA,NA,NA,NA,NA,NA,NA,NA,NA,NA,NA,NA,NA,NA,NA,NA,NA,NA,NA,NA,NA,NA,NA,NA,NA,NA,NA,NA,NA,NA,NA,NA,NA,NA,NA,NA,NA,NA,NA,NA,NA,NA,NA,NA,NA,NA,NA,NA,NA,NA,NA,NA,NA,NA,NA,NA,NA,NA,NA,NA,NA
NA,NA,NA,NA,NA,NA,NA,NA,NA,NA,NA,NA,NA,NA,NA,NA,NA,NA,NA,NA,NA,NA,NA,NA,NA,NA,NA,NA,NA,NA,NA,NA,NA,NA,NA,NA,NA,NA,NA,NA,NA,NA,NA,NA,NA,NA,NA,NA,NA,NA,NA,NA,NA,NA,NA,NA,NA,NA,NA,NA,NA,NA,NA,NA,NA,NA,NA,NA,NA,NA,NA,NA,NA,NA,NA,68,66,85,67,80,57,57,57,89,58,81,NA,81,82,58,81,82,56,80,86,94,89,69,64,69,68,94,50,85,57,81,91,59,60,NA,76,85,63,73,61,84,75,71,95,90,77,54,NA,91,79,90,74,74,86,66,NA,83,91,65,74,NA,72,NA,80,84,NA,NA,NA,NA,NA,NA,NA,NA,NA,NA,NA,NA,NA,NA,NA,NA,NA,NA,NA,NA,NA,NA,NA,NA,NA,NA,NA,NA,NA,NA,NA,NA,NA,NA,NA,NA,NA,NA,NA,NA,NA,NA,NA,NA,NA,NA,NA,NA,NA,NA,NA,NA,NA,NA,NA,NA,NA,NA,NA,NA
NA,NA,NA,NA,NA,NA,NA,NA,NA,NA,NA,NA,NA,NA,NA,NA,NA,NA,NA,NA,NA,NA,NA,NA,NA,NA,NA,NA,NA,NA,NA,NA,NA,NA,NA,NA,NA,NA,NA,NA,NA,NA,NA,NA,NA,NA,NA,NA,NA,NA,NA,NA,NA,NA,NA,92,NA,NA,NA,NA,NA,NA,NA,NA,NA,NA,NA,NA,NA,NA,NA,NA,NA,70,81,66,65,86,86,80,66,89,83,89,75,85,65,75,69,88,85,68,55,NA,56,53,57,99,93,89,58,91,84,87,65,94,81,76,56,72,59,91,71,73,53,72,90,73,53,78,78,75,77,77,92,74,85,76,72,71,65,84,64,70,70,77,71,76,88,NA,NA,NA,66,NA,NA,NA,NA,NA,NA,NA,NA,NA,NA,NA,NA,NA,NA,NA,NA,NA,NA,NA,NA,NA,NA,NA,NA,NA,NA,NA,NA,NA,NA,NA,NA,NA,NA,NA,NA,NA,NA,NA,NA,NA,NA,NA,NA,NA,NA,NA,NA,NA,NA,NA,NA,NA,NA,NA,NA,NA
NA,NA,NA,NA,NA,NA,NA,NA,NA,NA,NA,NA,NA,NA,NA,NA,NA,NA,NA,NA,NA,NA,NA,NA,NA,NA,NA,NA,NA,NA,NA,NA,NA,NA,NA,NA,NA,NA,NA,NA,NA,NA,NA,NA,NA,NA,NA,NA,NA,NA,NA,NA,NA,NA,NA,NA,91,NA,NA,NA,NA,NA,71,NA,NA,91,NA,81,NA,NA,NA,70,93,88,65,67,66,86,83,68,79,83,67,NA,67,65,65,68,65,84,58,72,73,91,90,53,78,58,63,67,78,65,99,87,70,91,55,81,78,79,NA,95,71,82,65,84,58,85,75,83,52,91,75,69,83,53,55,86,86,72,72,57,86,71,76,90,69,84,89,NA,NA,74,NA,NA,84,81,NA,NA,NA,NA,NA,NA,NA,NA,NA,NA,NA,NA,NA,NA,NA,NA,NA,NA,NA,NA,NA,NA,NA,NA,NA,NA,NA,NA,NA,NA,NA,NA,NA,NA,NA,NA,NA,NA,NA,NA,NA,NA,NA,NA,NA,NA,NA,NA,NA,NA,NA,NA,NA,NA
NA,NA,NA,NA,NA,NA,NA,NA,NA,NA,NA,NA,NA,NA,NA,NA,NA,NA,NA,NA,NA,NA,NA,NA,NA,NA,NA,NA,NA,NA,NA,NA,NA,NA,NA,NA,NA,NA,NA,NA,NA,NA,NA,NA,NA,NA,NA,NA,NA,NA,NA,NA,NA,NA,NA,NA,NA,72,NA,NA,91,81,98,92,71,99,81,71,NA,NA,NA,NA,82,68,91,68,61,62,73,61,79,87,79,58,64,65,55,67,89,74,81,57,91,67,90,90,81,80,63,72,63,79,89,58,58,80,NA,63,74,82,93,69,58,72,68,69,84,71,66,89,69,54,78,84,90,70,92,67,86,76,82,84,64,76,80,90,67,92,73,62,83,74,83,74,79,73,59,NA,NA,NA,NA,NA,NA,NA,NA,NA,NA,NA,NA,NA,NA,NA,NA,NA,NA,NA,NA,NA,NA,NA,NA,NA,NA,NA,NA,NA,NA,NA,NA,NA,NA,NA,NA,NA,NA,NA,NA,NA,NA,NA,NA,NA,NA,NA,NA,NA,NA,NA,NA,NA
NA,NA,NA,NA,NA,NA,NA,NA,NA,NA,NA,NA,NA,NA,NA,NA,NA,NA,NA,NA,NA,NA,NA,NA,NA,NA,NA,NA,NA,NA,NA,NA,NA,NA,NA,NA,NA,NA,NA,NA,NA,NA,NA,NA,NA,NA,NA,NA,NA,NA,NA,NA,NA,NA,NA,NA,72,72,NA,71,NA,70,NA,94,89,93,70,80,81,81,82,NA,67,82,91,69,89,87,76,85,67,80,67,58,76,83,65,77,59,88,64,84,80,81,NA,68,80,58,63,63,63,91,55,77,55,64,70,57,72,79,76,95,90,96,89,53,68,74,77,76,55,79,NA,61,53,71,55,71,53,74,71,73,57,73,66,74,83,67,70,85,76,80,84,82,78,84,85,85,84,NA,NA,NA,NA,NA,NA,NA,NA,NA,NA,NA,NA,NA,NA,NA,NA,NA,NA,NA,NA,NA,NA,NA,NA,NA,NA,NA,NA,NA,NA,NA,NA,NA,NA,NA,NA,NA,NA,NA,NA,NA,NA,NA,NA,NA,NA,NA,NA,NA,NA,NA
NA,NA,NA,NA,NA,NA,NA,NA,NA,NA,NA,NA,NA,NA,NA,NA,NA,NA,NA,NA,NA,NA,NA,NA,NA,NA,NA,NA,NA,NA,NA,NA,NA,NA,NA,NA,NA,NA,NA,NA,NA,NA,NA,NA,NA,NA,NA,NA,NA,NA,NA,NA,NA,NA,NA,NA,NA,92,98,98,72,80,77,71,80,92,91,82,62,92,88,80,62,80,66,87,61,62,67,87,85,49,57,89,80,76,84,52,87,68,57,NA,56,60,59,59,79,53,93,62,93,88,54,56,67,55,67,64,68,72,89,85,72,69,82,89,78,76,77,56,82,54,90,85,NA,72,67,77,83,83,83,77,71,62,65,73,70,77,76,70,79,76,80,NA,70,80,80,64,NA,NA,NA,NA,NA,NA,NA,NA,NA,NA,NA,NA,NA,NA,NA,NA,NA,NA,NA,NA,NA,NA,NA,NA,NA,NA,NA,NA,NA,NA,NA,NA,NA,NA,NA,NA,NA,NA,NA,NA,NA,NA,NA,NA,NA,NA,NA,NA,NA,NA,NA,NA
NA,NA,NA,NA,NA,NA,NA,NA,NA,NA,NA,NA,NA,NA,NA,NA,NA,NA,NA,NA,NA,NA,NA,NA,NA,NA,NA,NA,NA,NA,NA,NA,NA,NA,NA,NA,NA,NA,NA,NA,NA,NA,NA,NA,NA,NA,NA,NA,NA,NA,NA,NA,NA,NA,NA,NA,72,72,71,77,99,80,77,65,60,67,82,92,67,92,85,76,66,77,63,82,NA,66,78,79,65,83,78,76,70,90,62,84,51,87,87,87,82,57,61,88,78,64,63,81,67,68,80,86,93,66,59,83,74,94,73,68,70,71,84,74,83,73,66,77,74,84,75,92,72,72,86,67,65,92,92,84,72,79,83,90,67,NA,70,65,81,69,71,80,82,77,60,NA,NA,NA,87,NA,89,NA,NA,NA,NA,NA,NA,NA,NA,NA,NA,NA,NA,NA,NA,NA,NA,NA,NA,NA,NA,NA,NA,NA,NA,NA,NA,NA,NA,NA,NA,NA,NA,NA,NA,NA,NA,NA,NA,NA,NA,NA,NA,NA,NA,NA,NA,NA
NA,NA,NA,NA,NA,NA,NA,NA,NA,NA,NA,NA,NA,NA,NA,NA,NA,NA,NA,NA,NA,NA,NA,NA,NA,NA,NA,NA,NA,NA,NA,NA,NA,NA,NA,NA,NA,NA,NA,NA,NA,NA,NA,NA,NA,NA,NA,NA,NA,NA,NA,NA,NA,NA,93,96,72,77,94,71,95,91,94,89,80,67,80,66,80,71,76,85,82,77,70,65,62,77,86,64,76,83,82,77,80,NA,63,56,NA,55,77,85,80,86,79,77,69,62,93,77,62,74,72,62,88,86,68,92,67,68,85,64,76,70,95,90,58,77,83,76,74,65,83,84,78,86,87,78,74,68,87,72,79,93,90,77,64,66,89,NA,81,88,71,76,83,84,77,69,70,83,88,89,72,80,NA,NA,98,NA,NA,NA,NA,NA,NA,NA,NA,NA,NA,NA,NA,NA,NA,NA,NA,NA,NA,NA,NA,NA,NA,NA,NA,NA,NA,NA,NA,NA,NA,NA,NA,NA,NA,NA,NA,NA,NA,NA,NA,NA,NA,NA
NA,NA,NA,NA,NA,NA,NA,NA,NA,NA,NA,NA,NA,NA,NA,NA,NA,NA,NA,NA,NA,NA,NA,NA,NA,NA,NA,NA,NA,NA,NA,NA,NA,NA,NA,NA,NA,NA,NA,NA,NA,NA,NA,NA,NA,NA,NA,NA,NA,NA,NA,NA,NA,NA,75,60,77,73,94,72,69,73,65,77,78,80,95,64,68,75,84,83,NA,NA,79,69,85,81,76,84,77,73,85,86,90,80,69,59,80,80,85,65,82,81,86,63,81,93,64,68,92,75,69,88,86,90,73,68,92,84,64,58,82,90,88,80,96,83,86,76,73,53,83,87,81,79,85,71,61,66,71,65,90,70,87,70,88,72,74,61,66,78,73,79,76,82,66,83,89,78,87,60,68,86,NA,NA,99,NA,NA,NA,NA,NA,NA,NA,NA,NA,NA,NA,NA,NA,NA,NA,NA,NA,NA,NA,NA,NA,NA,NA,NA,NA,NA,NA,NA,NA,NA,NA,NA,NA,NA,NA,NA,NA,NA,NA,NA,NA,NA,NA
NA,NA,NA,NA,NA,NA,NA,NA,NA,NA,NA,NA,NA,NA,NA,NA,NA,NA,NA,NA,NA,NA,NA,NA,NA,NA,NA,NA,NA,NA,NA,NA,NA,NA,NA,NA,NA,NA,NA,NA,NA,NA,NA,NA,NA,NA,NA,NA,NA,NA,NA,NA,NA,80,NA,95,79,76,80,84,65,73,63,76,75,76,62,66,67,64,77,92,79,82,81,85,57,58,87,73,66,67,67,NA,67,80,65,66,62,86,57,69,70,64,85,87,63,66,63,60,87,77,72,73,82,73,90,98,88,59,68,56,85,83,82,80,96,76,84,86,94,53,83,67,79,84,78,66,90,67,71,73,90,66,90,73,90,62,86,89,61,67,86,66,NA,88,88,81,83,91,63,63,68,78,80,72,98,99,NA,NA,NA,NA,NA,NA,NA,NA,NA,NA,NA,NA,NA,NA,NA,NA,NA,NA,NA,NA,NA,NA,NA,NA,NA,NA,NA,NA,NA,NA,NA,NA,NA,NA,NA,NA,NA,NA,NA,NA,NA,NA
NA,NA,NA,NA,NA,NA,NA,NA,NA,NA,NA,NA,NA,NA,NA,NA,NA,NA,NA,NA,NA,NA,NA,NA,NA,NA,NA,NA,NA,NA,NA,NA,NA,NA,NA,NA,NA,NA,NA,NA,NA,NA,NA,NA,NA,NA,NA,NA,NA,NA,NA,NA,NA,NA,75,77,95,71,81,94,95,83,73,81,93,96,77,71,75,71,77,75,83,82,86,86,76,88,66,61,69,57,89,65,85,78,70,60,60,65,74,76,74,63,82,NA,91,94,81,53,77,65,63,95,80,93,55,90,81,52,66,95,78,58,95,78,83,85,83,86,95,86,75,75,84,76,61,91,65,76,89,71,83,86,90,90,87,88,89,86,87,85,70,69,80,62,89,88,72,88,NA,77,77,64,66,81,80,71,71,NA,NA,71,NA,NA,NA,NA,NA,NA,NA,NA,NA,NA,NA,NA,NA,NA,NA,NA,NA,NA,NA,NA,NA,NA,NA,NA,NA,NA,NA,NA,NA,NA,NA,NA,NA,NA,NA,NA,NA,NA
NA,NA,NA,NA,NA,NA,NA,NA,NA,NA,NA,NA,NA,NA,NA,NA,NA,NA,NA,NA,NA,NA,NA,NA,NA,NA,NA,NA,NA,NA,NA,NA,NA,NA,NA,NA,NA,NA,NA,NA,NA,NA,NA,NA,NA,NA,NA,NA,NA,NA,NA,NA,NA,NA,70,74,80,79,84,94,76,76,96,65,75,81,81,80,87,NA,63,97,77,70,85,67,58,82,57,90,90,88,79,85,79,77,70,89,67,88,88,86,76,65,79,70,82,88,60,56,85,60,86,101,73,67,68,93,59,84,55,85,61,84,81,83,58,83,85,80,76,86,83,82,82,90,81,90,84,54,54,67,84,80,89,87,87,87,74,72,88,89,67,78,82,92,87,87,87,88,87,87,85,81,99,67,71,90,71,NA,80,NA,84,NA,NA,NA,NA,NA,NA,NA,NA,NA,NA,NA,NA,NA,NA,NA,NA,NA,NA,NA,NA,NA,NA,NA,NA,NA,NA,NA,NA,NA,NA,NA,NA,NA,NA,NA,NA,NA
NA,NA,NA,NA,NA,NA,NA,NA,NA,NA,NA,NA,NA,NA,NA,NA,NA,NA,NA,NA,NA,NA,NA,NA,NA,NA,NA,NA,NA,NA,NA,NA,NA,NA,NA,NA,NA,NA,NA,NA,NA,NA,NA,NA,NA,NA,NA,NA,NA,NA,NA,84,NA,NA,NA,80,73,94,79,94,82,69,79,75,86,92,81,77,69,84,70,66,73,67,94,66,76,80,79,80,75,77,61,75,75,67,61,66,79,51,63,84,76,81,73,92,76,59,104,80,67,66,NA,105,70,101,82,60,58,88,90,92,NA,74,79,85,76,78,75,86,90,84,104,90,80,86,83,89,61,62,NA,53,80,84,95,87,86,72,88,68,78,81,86,56,87,92,74,75,88,59,87,87,70,80,99,90,90,97,91,90,83,NA,89,NA,NA,NA,NA,NA,NA,NA,NA,NA,NA,NA,NA,NA,NA,NA,NA,NA,NA,NA,NA,NA,NA,NA,NA,NA,NA,NA,NA,NA,NA,NA,NA,NA,NA,NA,NA,NA
NA,NA,NA,NA,NA,NA,NA,NA,NA,NA,NA,NA,NA,NA,NA,NA,NA,NA,NA,NA,NA,NA,NA,NA,NA,NA,NA,NA,NA,NA,NA,NA,NA,NA,NA,NA,NA,NA,NA,NA,NA,NA,NA,NA,NA,NA,NA,NA,NA,NA,NA,79,93,71,98,85,78,95,70,91,70,81,70,67,60,66,74,69,65,93,81,84,81,85,66,84,66,82,83,86,77,65,74,75,82,78,66,63,81,70,71,83,53,63,88,61,80,71,80,85,61,98,56,89,57,70,55,62,90,92,77,93,92,76,89,90,76,75,58,89,87,85,87,85,83,83,75,85,91,84,71,89,90,71,94,86,67,89,67,57,72,67,64,73,79,79,89,63,63,87,56,66,86,96,71,69,69,90,60,72,77,70,73,NA,NA,NA,NA,NA,NA,NA,NA,NA,NA,NA,NA,NA,NA,NA,NA,NA,NA,NA,NA,NA,NA,NA,NA,NA,NA,NA,NA,NA,NA,NA,NA,NA,NA,NA,NA,NA
NA,NA,NA,NA,NA,NA,NA,NA,NA,NA,NA,NA,NA,NA,NA,NA,NA,NA,NA,NA,NA,NA,NA,NA,NA,NA,NA,NA,NA,NA,NA,NA,NA,NA,NA,NA,NA,NA,NA,NA,NA,NA,NA,NA,NA,NA,87,NA,NA,NA,77,NA,75,85,93,96,93,80,82,68,80,86,69,69,67,92,81,60,76,73,80,95,95,81,75,87,73,68,76,79,43,76,64,76,76,83,73,61,82,NA,62,66,70,66,86,88,103,56,62,59,59,84,NA,70,89,84,80,73,56,96,93,93,76,86,90,92,77,102,85,84,63,103,87,91,87,83,72,61,82,76,64,86,82,85,67,87,85,67,73,94,65,65,68,70,88,60,66,87,87,86,73,83,56,90,82,80,81,91,60,87,72,77,59,84,84,84,NA,NA,NA,NA,NA,NA,NA,NA,NA,NA,NA,NA,NA,NA,NA,NA,NA,NA,NA,NA,NA,NA,NA,NA,NA,NA,NA,NA,NA,NA,NA,NA,NA,NA
NA,NA,NA,NA,NA,NA,NA,NA,NA,NA,NA,NA,NA,NA,NA,NA,NA,NA,NA,NA,NA,NA,NA,NA,NA,NA,NA,NA,NA,NA,NA,NA,NA,NA,NA,NA,NA,NA,NA,NA,NA,NA,NA,87,NA,86,85,NA,86,87,NA,77,88,89,83,80,94,59,71,81,70,95,63,62,74,73,73,73,75,64,76,77,85,66,69,85,76,81,65,65,73,79,84,66,81,68,67,94,73,80,79,82,67,74,70,78,85,69,85,100,101,74,71,55,83,70,101,77,69,83,99,98,97,92,52,66,87,84,103,89,67,73,90,63,91,72,84,70,86,84,NA,76,70,81,70,86,NA,84,85,73,73,83,86,69,88,66,87,89,58,80,87,88,88,69,72,80,96,64,77,72,77,66,71,73,72,83,NA,NA,NA,NA,NA,NA,NA,NA,NA,NA,NA,NA,NA,NA,NA,NA,NA,NA,NA,NA,NA,NA,NA,NA,NA,NA,NA,NA,NA,NA,NA,NA,NA,NA
NA,NA,NA,NA,NA,NA,NA,NA,NA,NA,NA,NA,NA,NA,NA,NA,NA,NA,NA,NA,NA,NA,NA,NA,NA,NA,NA,NA,NA,NA,NA,NA,NA,NA,NA,NA,NA,NA,NA,NA,NA,NA,NA,NA,85,74,87,87,87,76,NA,69,84,79,97,80,72,96,77,92,71,74,62,68,77,68,68,75,65,67,67,77,76,69,NA,NA,64,77,77,71,86,69,59,90,70,86,80,59,66,86,83,53,66,63,63,69,59,75,103,88,68,69,86,88,69,103,97,97,83,55,98,88,68,103,82,95,68,103,72,100,79,82,85,89,91,78,73,73,84,66,62,76,66,66,76,95,66,90,75,67,80,83,72,80,89,87,89,83,91,87,70,83,85,80,83,80,81,85,79,79,85,71,73,71,69,73,83,NA,NA,NA,NA,NA,NA,NA,NA,NA,NA,NA,NA,NA,NA,NA,NA,NA,NA,NA,NA,NA,NA,NA,NA,NA,NA,NA,NA,NA,NA,NA,NA,NA
NA,NA,NA,NA,NA,NA,NA,NA,NA,NA,NA,NA,NA,NA,NA,NA,NA,NA,NA,NA,NA,NA,NA,NA,NA,NA,NA,NA,NA,NA,NA,NA,NA,NA,NA,NA,NA,NA,NA,NA,NA,NA,NA,81,88,87,74,81,85,86,88,84,NA,89,69,76,91,65,92,74,96,65,63,57,67,58,67,78,81,69,66,81,94,88,76,70,84,84,75,87,64,87,72,90,72,46,70,72,77,78,59,70,67,66,88,85,100,100,74,69,75,68,69,70,91,103,64,100,96,53,87,105,78,102,88,78,85,90,75,86,68,67,93,75,62,70,89,87,86,91,64,64,57,83,66,91,77,87,88,80,65,90,89,78,87,67,82,83,87,90,88,88,66,83,79,80,80,73,73,73,77,77,79,76,83,NA,NA,NA,NA,NA,NA,NA,NA,NA,NA,NA,NA,NA,NA,NA,NA,NA,NA,NA,NA,NA,NA,NA,NA,NA,NA,NA,NA,NA,NA,NA,NA,NA,NA,NA
NA,NA,NA,NA,NA,NA,NA,NA,NA,NA,NA,NA,NA,NA,NA,NA,NA,NA,NA,NA,NA,NA,NA,NA,NA,NA,NA,NA,NA,NA,NA,NA,NA,NA,NA,NA,NA,NA,NA,NA,NA,69,NA,81,NA,86,83,86,84,87,86,85,95,96,76,68,66,59,79,70,70,95,64,75,76,68,79,NA,80,67,64,82,68,71,97,84,84,69,72,90,71,90,66,74,84,68,60,60,84,84,100,59,74,71,66,82,60,69,75,82,71,67,88,74,69,104,55,85,64,92,68,82,56,95,67,NA,88,81,67,100,97,56,72,99,77,70,78,85,71,89,78,84,89,73,82,66,74,88,66,88,86,71,68,62,84,88,79,90,88,87,78,68,75,76,87,80,85,58,77,73,77,78,79,70,58,NA,79,NA,NA,NA,NA,NA,NA,NA,NA,NA,NA,NA,NA,NA,NA,NA,NA,NA,NA,NA,NA,NA,NA,NA,NA,NA,NA,NA,NA,NA,NA,NA,NA,NA
NA,NA,NA,NA,NA,NA,NA,NA,NA,NA,NA,NA,NA,NA,NA,NA,NA,NA,NA,NA,NA,NA,NA,NA,NA,NA,NA,NA,NA,NA,NA,NA,NA,NA,NA,NA,NA,NA,NA,NA,NA,NA,69,75,87,84,85,63,80,72,88,88,96,80,68,77,74,73,60,72,60,75,73,86,68,73,63,79,81,93,82,82,82,73,76,88,80,58,73,83,64,44,44,61,68,70,NA,68,87,59,61,85,103,62,66,71,106,74,71,73,74,68,66,51,91,103,91,105,74,69,102,93,96,81,95,101,105,73,100,88,82,56,91,104,90,86,68,99,73,79,65,75,86,76,83,98,88,65,88,87,85,87,78,86,72,70,69,78,86,69,75,69,76,82,68,61,64,83,62,61,71,78,91,79,79,82,58,NA,NA,NA,NA,NA,NA,NA,NA,NA,NA,NA,NA,NA,NA,NA,NA,NA,NA,NA,NA,NA,NA,NA,NA,NA,NA,NA,NA,NA,NA,NA,NA,NA
NA,NA,NA,NA,NA,NA,NA,NA,NA,NA,NA,NA,NA,NA,NA,NA,NA,NA,NA,NA,NA,NA,NA,NA,NA,NA,NA,NA,NA,NA,NA,NA,NA,NA,NA,NA,NA,70,81,67,NA,90,90,80,77,NA,86,76,85,84,76,71,92,84,66,87,72,81,77,70,70,79,71,82,81,68,77,87,84,79,90,82,82,82,76,89,48,83,92,52,79,72,57,74,71,90,77,78,73,76,82,85,80,73,72,90,87,68,61,102,101,64,67,66,58,55,70,106,74,95,72,72,96,82,78,105,98,92,92,103,66,68,86,67,70,87,77,86,83,86,86,78,65,63,85,65,63,73,63,66,65,86,61,88,86,83,82,69,87,88,84,62,82,72,85,83,89,91,84,82,77,88,79,84,84,83,80,NA,NA,NA,NA,NA,NA,NA,NA,NA,NA,NA,NA,NA,NA,NA,NA,NA,NA,NA,NA,NA,NA,NA,NA,NA,NA,NA,NA,NA,NA,NA,NA,NA
NA,NA,NA,NA,NA,NA,NA,NA,NA,NA,NA,NA,NA,NA,NA,NA,NA,NA,NA,NA,NA,NA,NA,NA,NA,NA,NA,NA,NA,NA,NA,NA,NA,NA,NA,NA,NA,NA,76,88,90,68,93,86,70,NA,76,89,75,92,83,92,63,76,72,72,95,74,54,83,86,77,77,70,68,82,74,68,79,78,67,89,70,78,65,77,70,68,51,63,89,NA,75,73,68,69,83,107,42,76,73,70,70,106,NA,88,74,70,94,102,99,78,79,69,58,54,96,106,83,70,59,98,81,82,71,53,53,68,81,98,74,59,74,77,70,96,84,99,85,86,76,97,78,75,88,69,87,84,65,67,67,86,68,95,87,82,NA,71,90,81,80,76,84,80,70,77,NA,85,83,85,85,74,NA,79,83,71,83,80,NA,NA,NA,NA,NA,NA,NA,NA,NA,NA,NA,NA,NA,NA,NA,NA,NA,NA,NA,NA,NA,NA,NA,NA,NA,NA,NA,NA,NA,NA,NA,NA
NA,NA,NA,NA,NA,NA,NA,NA,NA,NA,NA,NA,NA,NA,NA,NA,NA,NA,NA,NA,NA,NA,NA,NA,NA,NA,NA,NA,NA,NA,NA,NA,NA,NA,68,NA,NA,67,70,69,69,89,68,94,NA,71,86,90,80,91,90,84,77,69,70,78,81,81,91,73,82,71,81,77,78,83,79,77,62,69,72,80,84,82,69,89,73,82,70,87,71,69,63,77,79,79,80,87,67,72,84,91,76,84,91,76,76,76,84,102,64,65,94,78,52,99,106,80,102,83,105,79,76,93,94,100,60,67,69,74,93,68,69,103,76,99,84,83,98,87,75,88,79,78,71,69,59,66,83,76,90,65,85,63,89,72,71,77,84,79,62,90,85,78,86,76,87,83,87,73,78,85,79,86,81,83,68,68,84,82,74,NA,NA,NA,NA,NA,NA,NA,NA,NA,NA,NA,NA,NA,NA,NA,NA,NA,NA,NA,NA,NA,NA,NA,NA,NA,NA,NA,NA,NA
NA,NA,NA,NA,NA,NA,NA,NA,NA,NA,NA,NA,NA,NA,NA,NA,NA,NA,NA,NA,NA,NA,NA,NA,NA,NA,NA,NA,NA,NA,NA,NA,NA,NA,NA,71,70,NA,68,69,92,94,68,94,83,80,71,66,66,NA,84,89,80,83,78,78,85,66,74,69,78,78,75,71,68,72,77,62,80,81,71,62,85,63,73,85,81,NA,48,80,79,70,59,102,87,80,79,72,71,74,89,85,85,91,78,91,86,64,76,74,73,83,104,NA,104,103,91,72,95,82,98,87,77,93,105,93,103,75,75,96,90,99,59,88,97,75,97,87,96,90,83,74,75,71,75,91,90,104,91,69,72,72,NA,61,93,65,82,84,87,66,84,NA,84,87,57,82,83,83,64,81,84,75,70,81,83,79,78,80,79,80,83,81,87,NA,NA,NA,NA,NA,NA,NA,NA,NA,NA,NA,NA,NA,NA,NA,NA,NA,NA,NA,NA,NA,NA,NA,NA,NA,NA,NA
NA,NA,NA,NA,NA,NA,NA,NA,NA,NA,NA,NA,NA,NA,NA,NA,NA,NA,NA,NA,NA,NA,NA,NA,NA,NA,NA,NA,NA,NA,NA,NA,NA,NA,NA,NA,72,87,67,68,67,85,71,74,88,83,90,75,75,92,87,86,86,65,66,79,69,66,68,78,63,63,72,70,71,71,80,70,85,65,71,68,65,80,62,83,82,65,57,52,85,69,73,70,73,74,61,83,71,74,100,87,75,68,70,67,96,64,73,81,79,100,93,93,89,97,104,101,94,98,79,75,97,103,100,67,81,104,104,96,94,99,96,91,80,87,80,96,66,86,65,80,74,69,65,91,87,86,70,74,91,89,63,94,60,71,60,76,82,87,88,82,83,63,82,80,81,81,81,84,82,86,88,84,83,78,80,81,80,78,75,84,NA,NA,NA,NA,NA,NA,NA,NA,NA,NA,NA,NA,NA,NA,NA,NA,NA,NA,NA,NA,NA,NA,NA,NA,NA,NA,NA,NA
NA,NA,NA,NA,NA,NA,NA,NA,NA,NA,NA,NA,NA,NA,NA,NA,NA,NA,NA,NA,NA,NA,NA,NA,NA,NA,NA,NA,NA,NA,NA,NA,NA,NA,NA,82,NA,66,70,68,68,62,83,76,88,NA,69,88,69,68,92,92,85,83,84,92,83,70,68,79,77,77,67,65,83,68,83,83,69,80,59,NA,80,64,64,50,72,50,71,90,78,72,78,75,80,78,79,96,77,NA,63,90,93,72,77,87,75,68,96,84,90,72,100,68,64,102,103,102,59,102,104,99,67,73,78,98,76,82,79,91,63,82,79,95,97,96,91,73,80,86,74,80,87,79,66,87,89,89,75,86,66,66,93,66,78,75,72,72,85,78,89,87,83,87,67,81,81,82,88,78,83,82,79,84,83,83,67,80,83,87,84,78,87,87,87,NA,NA,NA,NA,NA,NA,NA,NA,NA,NA,NA,NA,NA,NA,NA,NA,NA,NA,NA,NA,NA,NA,NA,NA,NA
NA,NA,NA,NA,NA,NA,NA,NA,NA,NA,NA,NA,NA,NA,NA,NA,NA,NA,NA,NA,NA,NA,NA,NA,NA,NA,NA,NA,NA,NA,NA,NA,NA,NA,NA,67,72,71,78,78,77,75,70,89,87,63,90,65,75,87,84,65,76,79,75,66,80,69,78,81,70,72,78,67,82,60,60,71,59,70,81,69,78,71,81,83,93,92,57,75,63,78,73,83,70,88,79,70,78,109,81,100,74,62,72,95,96,71,94,94,103,68,96,93,NA,99,82,99,97,83,105,101,98,76,89,63,101,NA,93,67,73,95,69,75,67,80,72,58,73,96,86,60,62,92,86,90,81,79,88,78,104,80,61,67,97,95,93,82,83,89,87,97,82,80,72,71,80,82,81,NA,71,85,74,85,85,89,80,79,82,87,76,87,80,64,NA,80,85,NA,NA,NA,NA,NA,NA,NA,NA,NA,NA,NA,NA,NA,NA,NA,NA,NA,NA,NA,NA,NA,NA,NA
NA,NA,NA,NA,NA,NA,NA,NA,NA,NA,NA,NA,NA,NA,NA,NA,NA,NA,NA,NA,NA,NA,NA,NA,NA,NA,NA,NA,86,NA,NA,NA,NA,NA,68,71,72,69,69,76,85,67,86,89,87,89,NA,66,69,70,69,62,91,76,56,78,70,68,73,71,68,69,53,77,74,73,70,81,80,94,80,85,81,60,80,92,62,50,75,84,74,82,79,91,69,100,88,78,84,96,75,105,98,93,77,96,75,104,94,104,68,73,96,111,107,88,99,107,96,97,74,98,101,102,104,73,61,104,82,100,95,100,95,78,104,72,83,72,81,86,95,80,60,72,79,87,78,84,78,93,60,93,62,59,86,61,97,88,82,88,76,88,98,81,79,88,81,79,80,87,80,75,84,88,85,58,84,75,85,78,82,84,86,64,84,77,NA,NA,NA,NA,NA,NA,NA,NA,NA,NA,NA,NA,NA,NA,NA,NA,NA,NA,NA,NA,NA,NA,NA,NA
NA,NA,NA,NA,NA,NA,NA,NA,NA,NA,NA,NA,NA,NA,NA,NA,NA,NA,NA,NA,NA,NA,NA,NA,NA,NA,NA,NA,84,NA,NA,NA,NA,NA,72,76,69,69,70,77,76,71,58,74,69,91,75,66,75,65,89,86,70,62,72,69,65,94,70,77,70,71,74,61,73,80,58,63,84,81,62,65,82,96,72,83,61,62,77,78,102,87,81,82,48,98,78,93,100,63,70,100,74,93,78,89,80,97,95,72,61,111,84,78,97,99,76,78,NA,99,104,69,97,107,99,66,89,100,89,73,72,98,NA,96,104,97,83,86,94,100,86,85,86,70,59,68,80,70,88,79,105,93,74,83,70,86,62,89,89,NA,87,85,80,92,NA,78,73,80,83,83,71,83,83,81,83,72,71,79,85,79,79,83,80,80,84,57,NA,84,82,NA,NA,NA,NA,NA,NA,NA,NA,NA,NA,NA,NA,NA,NA,NA,NA,NA,NA,NA,NA,NA
NA,NA,NA,NA,NA,NA,NA,NA,NA,NA,NA,NA,NA,NA,NA,NA,NA,NA,NA,NA,NA,NA,NA,NA,NA,NA,NA,NA,NA,72,63,NA,NA,79,NA,82,71,72,83,71,86,79,79,73,76,89,68,86,66,69,NA,86,65,89,65,67,86,56,69,83,67,82,71,76,83,71,84,60,63,87,65,97,51,63,73,76,62,80,71,88,99,43,65,77,98,99,81,81,83,70,101,106,98,73,96,73,72,91,94,61,94,81,104,94,94,74,79,80,71,93,81,101,81,98,102,67,99,68,89,100,102,75,105,107,95,74,79,102,97,100,78,81,78,87,81,83,64,91,80,66,74,74,69,74,89,95,91,83,95,90,79,85,72,79,63,87,81,85,88,88,84,85,84,87,82,71,89,82,82,82,81,81,79,80,76,76,76,77,85,NA,NA,NA,NA,NA,NA,NA,NA,NA,NA,NA,NA,NA,NA,NA,NA,NA,NA,NA,NA,NA
NA,NA,NA,NA,NA,NA,NA,NA,NA,NA,NA,NA,NA,NA,NA,NA,NA,NA,NA,NA,NA,NA,NA,NA,NA,NA,NA,NA,NA,NA,81,81,86,84,71,72,80,80,85,74,74,63,78,73,89,75,71,87,87,76,75,84,68,62,67,61,77,83,71,75,72,76,82,85,68,59,79,72,83,70,72,87,72,65,102,92,60,80,62,80,80,87,71,99,70,75,69,100,70,102,100,109,73,103,109,90,104,46,104,99,104,73,91,72,98,94,95,71,80,106,92,98,99,60,79,104,88,73,93,89,81,106,69,105,87,85,63,97,79,85,77,80,NA,80,79,68,84,87,65,62,66,88,95,61,84,85,85,82,85,85,82,62,85,82,63,70,73,74,86,83,85,82,85,82,78,84,81,80,82,82,82,86,85,84,88,77,78,88,NA,NA,84,NA,NA,NA,NA,NA,NA,NA,NA,NA,NA,NA,NA,NA,NA,NA,NA,NA,NA,NA
NA,NA,NA,NA,NA,NA,NA,NA,NA,NA,NA,NA,NA,NA,NA,NA,NA,NA,NA,NA,NA,NA,NA,NA,NA,NA,NA,NA,NA,83,84,63,84,76,82,NA,80,75,60,83,86,81,88,89,79,67,90,86,65,79,86,72,69,64,69,78,NA,68,69,77,71,74,53,82,81,83,63,84,84,64,104,83,105,47,75,101,75,51,108,70,69,85,90,71,99,96,67,96,77,100,77,103,99,73,68,94,75,100,91,78,61,94,102,72,92,105,110,101,93,71,103,90,60,91,67,62,105,80,80,102,93,93,72,81,107,95,82,61,69,82,80,87,85,85,80,61,71,70,82,70,88,NA,80,90,86,88,89,80,86,83,73,78,85,72,70,82,77,73,73,78,88,84,80,65,76,83,81,81,82,82,84,83,78,83,83,85,77,84,84,80,NA,NA,NA,NA,NA,NA,NA,NA,NA,NA,NA,NA,NA,NA,NA,NA,NA,NA,NA,NA
NA,NA,NA,NA,NA,NA,NA,NA,NA,NA,NA,NA,NA,NA,NA,NA,NA,NA,NA,NA,NA,NA,NA,NA,NA,NA,NA,NA,NA,NA,NA,82,83,79,62,76,81,78,66,70,69,68,68,59,72,81,90,66,62,85,NA,79,79,70,76,69,61,67,72,72,61,80,69,88,79,68,94,52,63,65,71,86,83,47,74,69,84,50,84,70,86,67,96,65,98,110,85,85,58,72,90,99,90,99,106,105,47,77,103,93,89,93,102,97,107,104,79,95,110,94,103,94,99,100,67,50,63,97,97,94,65,72,105,90,NA,95,68,98,71,86,71,83,97,80,79,79,56,75,78,72,82,93,69,69,79,79,76,70,73,86,78,NA,78,87,72,86,78,86,77,84,70,86,84,79,90,90,83,84,89,85,85,82,81,75,77,85,86,84,NA,67,81,NA,NA,NA,NA,NA,NA,NA,NA,NA,NA,NA,NA,NA,NA,NA,NA,NA,NA,NA
NA,NA,NA,NA,NA,NA,NA,NA,NA,NA,NA,NA,NA,NA,NA,NA,NA,NA,NA,NA,NA,NA,NA,NA,NA,NA,NA,NA,NA,NA,79,82,82,NA,84,83,75,82,81,72,91,72,69,67,90,73,72,83,87,65,63,73,64,73,73,61,55,66,71,83,60,70,69,69,68,83,69,70,104,NA,63,63,105,52,64,87,96,75,NA,108,107,79,98,74,88,NA,110,72,102,48,96,73,108,66,102,102,47,62,84,106,63,104,105,101,95,62,95,74,94,80,96,92,105,93,107,93,97,NA,101,101,65,94,72,69,69,102,77,93,88,83,90,76,97,78,61,80,72,79,87,63,83,82,79,62,79,82,67,76,77,82,NA,87,70,NA,NA,83,78,82,79,85,79,70,89,73,84,90,85,83,73,85,67,69,81,84,79,83,NA,85,83,NA,NA,NA,NA,NA,NA,NA,NA,NA,NA,NA,NA,NA,NA,NA,NA,NA,NA,NA,NA,NA
NA,NA,NA,NA,NA,NA,NA,NA,NA,NA,NA,NA,NA,NA,NA,NA,NA,NA,NA,NA,NA,NA,NA,NA,NA,NA,NA,NA,80,69,77,78,78,83,76,70,71,58,82,70,68,84,71,78,88,72,88,58,85,61,NA,72,69,78,69,70,64,76,62,74,65,68,84,67,67,78,61,71,46,54,71,62,63,73,82,74,66,72,102,101,84,81,98,93,99,100,101,91,89,69,73,73,61,67,98,61,65,106,104,96,96,105,65,65,105,103,95,94,64,62,95,105,99,88,99,92,97,86,98,101,91,101,72,98,81,83,88,82,85,61,76,72,76,79,77,88,101,82,101,83,81,85,87,82,68,81,82,85,84,69,87,67,85,69,87,78,87,80,85,90,82,81,90,76,74,83,72,83,82,89,85,67,79,78,77,83,82,83,75,83,83,65,NA,NA,NA,NA,NA,NA,NA,NA,NA,NA,NA,NA,NA,NA,NA,NA,NA,NA
NA,NA,NA,NA,NA,NA,NA,NA,NA,NA,NA,NA,NA,NA,NA,NA,NA,NA,NA,NA,NA,NA,NA,82,NA,NA,NA,77,79,82,83,84,77,73,61,79,76,79,76,79,79,84,67,67,67,79,69,79,68,63,65,75,69,69,74,77,67,76,71,89,NA,56,71,72,57,85,68,65,70,67,71,56,85,67,104,NA,94,82,68,89,108,87,106,99,76,89,90,98,71,NA,104,98,86,66,76,96,104,72,76,109,102,111,74,91,96,95,65,104,71,91,105,107,94,70,103,91,63,71,97,106,101,92,87,97,99,83,85,73,82,NA,83,72,87,76,81,101,81,79,80,78,80,69,64,64,80,69,85,81,81,70,76,85,NA,87,78,78,76,87,89,84,86,84,73,71,74,83,67,87,82,83,74,83,82,75,84,80,85,83,77,NA,NA,83,NA,NA,NA,NA,NA,NA,NA,NA,NA,NA,NA,NA,NA,NA,NA,NA,NA,NA
NA,NA,NA,NA,NA,NA,NA,NA,NA,NA,NA,NA,NA,NA,NA,NA,NA,NA,NA,NA,NA,NA,NA,NA,82,NA,77,73,68,72,85,62,80,74,82,76,64,78,69,71,74,68,78,81,66,74,83,68,73,65,75,NA,67,70,79,63,76,72,71,85,65,80,83,63,71,65,61,56,81,79,91,47,62,57,70,83,74,71,74,86,92,102,106,102,106,103,99,NA,101,57,104,70,101,99,88,91,101,97,65,93,91,111,96,84,87,102,97,107,104,98,95,65,105,75,80,95,50,78,70,74,78,63,87,101,69,86,82,101,87,70,85,73,78,84,88,59,70,88,70,NA,69,81,82,84,77,70,72,84,82,87,NA,76,87,82,72,78,69,81,65,73,73,88,66,86,74,70,67,86,66,83,84,83,82,86,79,87,76,58,83,79,83,NA,NA,NA,NA,NA,NA,NA,NA,NA,NA,NA,NA,NA,NA,NA,NA,NA,NA,NA
NA,NA,NA,NA,NA,NA,NA,NA,NA,NA,NA,NA,NA,NA,NA,NA,NA,NA,NA,NA,NA,NA,NA,71,69,73,72,83,72,63,80,80,80,82,76,65,74,64,72,69,68,NA,72,77,89,58,87,64,80,74,83,78,84,72,72,76,72,70,67,61,61,76,59,59,57,74,76,66,68,58,85,60,60,64,63,68,94,68,69,100,70,90,65,101,65,95,76,102,95,102,98,109,66,99,98,74,105,110,84,66,105,107,85,107,110,97,93,107,95,98,52,98,92,NA,79,104,95,96,84,101,102,99,73,80,86,104,98,101,70,69,73,82,95,77,101,71,71,80,70,99,86,71,62,84,83,85,89,81,84,77,95,75,67,78,77,72,75,71,82,84,71,80,82,82,78,68,87,79,65,65,67,67,NA,67,79,88,83,86,80,65,76,85,NA,NA,NA,NA,NA,NA,NA,NA,NA,NA,NA,NA,NA,NA,NA,NA,NA,NA
NA,NA,NA,NA,NA,NA,NA,NA,NA,NA,NA,NA,NA,NA,NA,NA,NA,NA,NA,NA,NA,NA,NA,NA,NA,NA,78,68,NA,79,63,62,77,79,64,69,59,65,75,74,69,77,90,90,72,64,66,83,61,82,73,84,61,78,70,79,73,61,84,73,71,73,81,73,83,67,61,NA,61,85,60,60,71,99,78,86,87,72,104,69,87,71,101,103,91,102,99,79,57,104,93,89,101,99,91,76,102,100,102,78,107,94,103,96,97,103,74,106,96,84,94,83,95,64,103,102,103,82,100,85,101,79,62,75,84,84,82,78,93,77,NA,79,79,77,74,86,86,74,79,68,87,71,74,82,80,68,86,80,79,110,78,72,66,83,81,75,75,78,82,75,80,67,67,86,79,85,66,80,82,83,64,82,73,78,82,66,76,79,85,84,NA,86,NA,NA,NA,NA,NA,NA,NA,NA,NA,NA,NA,NA,NA,NA,NA,NA,NA,NA
NA,NA,NA,NA,NA,NA,NA,NA,NA,NA,NA,NA,NA,NA,NA,NA,NA,NA,NA,NA,NA,NA,NA,NA,61,68,74,82,NA,70,74,67,65,80,72,70,55,80,72,74,62,72,NA,76,74,76,91,63,75,60,60,58,74,73,NA,84,57,76,77,67,66,66,76,73,86,73,70,67,98,87,57,68,94,69,72,NA,69,74,67,72,92,83,79,104,82,64,65,94,93,94,74,75,91,94,101,94,102,104,92,77,70,102,85,79,95,97,104,92,77,82,94,103,108,103,98,61,101,79,83,78,90,102,92,93,70,93,85,102,82,94,94,70,103,103,83,73,81,80,74,82,82,87,82,82,84,77,81,79,84,79,84,69,77,81,81,99,75,83,73,88,74,77,88,80,92,96,91,59,82,64,83,75,74,87,70,87,67,72,70,64,85,74,86,NA,NA,NA,NA,NA,NA,NA,NA,NA,NA,NA,NA,NA,NA,NA,NA,NA
NA,NA,NA,NA,NA,NA,NA,NA,NA,NA,NA,NA,NA,NA,NA,NA,NA,NA,NA,NA,NA,NA,NA,NA,83,78,71,73,79,66,70,71,83,83,62,86,70,71,69,63,76,64,63,92,68,77,63,63,70,78,72,75,74,69,75,79,83,85,71,73,77,80,54,97,72,79,71,71,81,71,72,66,74,77,78,104,86,72,72,101,81,91,NA,96,106,96,73,75,94,108,101,105,69,102,95,95,100,107,95,94,93,96,104,82,107,104,107,71,103,79,105,108,93,79,86,103,79,72,61,83,85,71,79,100,93,83,83,93,86,99,94,85,NA,86,76,71,69,83,83,74,64,74,72,85,82,83,82,82,71,82,82,93,83,69,72,83,89,79,81,80,69,64,76,92,80,77,NA,58,85,69,82,82,88,83,64,85,68,86,78,80,80,83,NA,NA,NA,NA,NA,NA,NA,NA,NA,NA,NA,NA,NA,NA,NA,NA,NA,NA
NA,NA,NA,NA,NA,NA,NA,NA,NA,NA,NA,NA,NA,NA,NA,NA,NA,NA,NA,NA,NA,NA,NA,NA,83,68,82,78,76,69,78,74,69,70,74,67,73,73,71,63,76,63,76,76,67,75,63,74,74,66,66,69,67,75,87,74,66,68,82,81,82,76,84,71,60,51,75,67,54,NA,73,85,85,67,58,60,102,107,96,97,NA,71,108,100,95,102,68,70,76,96,101,108,100,95,87,69,93,77,95,94,102,101,103,101,99,98,103,92,102,101,83,94,83,96,102,95,103,98,93,77,71,84,62,104,99,97,82,99,70,79,78,99,94,87,74,103,89,72,72,70,70,84,87,70,82,74,71,89,80,84,69,98,93,109,72,89,77,79,81,81,79,69,83,79,70,68,71,74,85,82,81,54,83,66,67,79,87,79,69,69,68,78,68,NA,NA,NA,NA,NA,NA,NA,NA,NA,NA,NA,NA,NA,NA,NA,NA,NA
NA,NA,NA,NA,NA,NA,NA,NA,NA,NA,NA,NA,NA,NA,NA,NA,NA,NA,NA,NA,NA,NA,NA,NA,75,NA,70,64,NA,65,63,71,83,75,86,85,68,55,71,67,68,64,77,71,70,82,63,57,64,68,76,68,77,68,64,82,84,68,74,81,77,79,64,71,76,75,70,93,69,71,71,NA,76,60,79,77,102,73,103,101,71,101,78,90,84,95,90,103,90,101,106,100,98,107,100,77,109,84,90,86,66,102,97,98,104,97,92,106,93,65,93,98,65,95,93,94,94,84,93,72,70,94,97,105,81,99,91,94,77,99,109,85,67,91,77,76,86,84,82,73,74,62,88,92,87,84,83,83,83,76,86,72,82,83,81,81,72,87,79,96,70,70,77,59,NA,78,82,71,82,75,87,73,76,76,68,66,79,68,67,87,75,NA,NA,NA,NA,NA,NA,NA,NA,NA,NA,NA,NA,NA,NA,NA,NA,NA,NA,NA
NA,NA,NA,NA,NA,NA,NA,NA,NA,NA,NA,NA,NA,NA,NA,NA,NA,NA,NA,NA,NA,NA,NA,74,NA,63,70,NA,80,66,75,75,70,77,62,76,85,60,82,72,62,62,64,75,64,70,72,64,66,78,80,76,82,79,72,82,75,79,71,75,84,81,77,72,81,59,75,76,76,87,85,60,56,97,61,76,101,68,76,100,76,100,67,95,98,105,109,103,96,100,65,83,107,94,76,97,95,98,92,105,105,98,70,92,98,103,81,104,97,103,98,108,108,94,70,61,84,93,76,97,84,93,85,95,70,94,NA,102,76,80,73,69,68,62,106,77,82,73,82,104,NA,83,84,86,88,84,75,62,68,90,57,81,65,81,99,81,83,79,79,77,86,79,67,87,70,73,80,83,75,76,74,75,87,82,60,76,79,66,57,64,52,74,NA,NA,NA,NA,NA,NA,NA,NA,NA,NA,NA,NA,NA,NA,NA,NA,NA,NA
NA,NA,NA,NA,NA,NA,NA,NA,NA,NA,NA,NA,NA,NA,NA,NA,NA,NA,NA,NA,NA,NA,NA,NA,NA,65,62,67,66,75,70,64,61,65,75,67,68,64,69,73,64,63,72,66,75,71,81,60,76,69,66,64,81,81,78,80,66,60,60,88,75,81,84,74,72,75,95,70,76,94,75,99,89,101,94,101,65,58,96,90,73,89,67,100,109,96,88,70,94,101,106,73,94,90,94,74,94,74,92,94,95,92,102,90,101,90,90,99,97,99,104,99,65,105,94,103,91,94,93,105,NA,92,105,98,53,70,91,81,99,103,63,79,86,81,NA,96,97,101,81,86,69,103,59,83,85,85,74,66,74,75,69,81,98,76,83,73,74,97,88,79,89,81,81,60,69,69,84,88,68,75,63,73,90,57,66,67,86,57,81,74,78,NA,NA,NA,NA,NA,NA,NA,NA,NA,NA,NA,NA,NA,NA,NA,NA,NA,NA,NA
NA,NA,NA,NA,NA,NA,NA,NA,NA,NA,NA,NA,NA,NA,NA,NA,NA,NA,NA,NA,NA,NA,NA,65,NA,73,64,66,66,74,63,72,65,58,85,68,64,77,82,77,63,72,81,74,75,80,61,74,77,58,66,75,69,67,84,55,73,89,72,81,73,83,77,73,73,82,71,56,72,95,76,78,99,99,68,101,94,66,98,73,83,91,89,99,91,100,98,105,103,103,108,110,110,99,93,93,98,96,84,73,105,95,98,90,102,103,93,72,95,98,85,102,103,97,101,82,82,94,96,99,81,72,101,105,76,94,58,57,74,103,99,94,99,94,108,94,70,96,71,68,86,86,70,74,85,84,80,58,90,94,74,78,93,83,75,84,85,79,82,81,90,64,87,81,73,81,84,82,75,90,66,74,90,59,61,56,72,62,56,NA,77,89,NA,NA,NA,NA,NA,NA,NA,NA,NA,NA,NA,NA,NA,NA,NA,NA,NA,NA
NA,NA,NA,NA,NA,NA,NA,NA,NA,NA,NA,NA,NA,NA,NA,NA,NA,NA,NA,NA,NA,NA,NA,74,75,NA,69,65,73,70,67,71,66,67,77,73,62,77,NA,74,67,77,79,74,76,70,78,82,70,64,64,66,73,74,61,60,60,81,76,64,77,83,71,76,88,75,53,59,59,71,71,76,68,64,74,100,73,74,82,72,104,91,102,NA,NA,105,96,95,97,66,104,100,67,89,104,86,84,96,103,70,96,98,79,65,90,103,102,104,81,102,96,96,94,105,65,101,81,92,94,75,106,102,90,94,82,65,85,93,74,68,73,73,83,56,97,90,102,85,104,96,65,89,85,82,77,85,72,74,66,75,59,109,109,100,98,80,83,100,80,83,60,81,82,89,80,82,73,78,76,87,95,69,88,84,84,74,81,65,65,76,78,NA,NA,NA,NA,NA,NA,NA,NA,NA,NA,NA,NA,NA,NA,NA,NA,NA,NA,NA
NA,NA,NA,NA,NA,NA,NA,NA,NA,NA,NA,NA,NA,NA,NA,NA,NA,NA,NA,NA,NA,NA,75,59,74,63,73,72,70,NA,NA,62,69,73,67,74,63,78,63,71,81,61,61,64,62,84,77,84,70,75,NA,73,83,81,64,75,77,69,81,79,63,NA,82,76,74,76,87,76,78,63,52,98,75,73,100,72,73,46,93,72,76,93,99,85,91,96,68,105,92,103,103,72,92,NA,99,93,96,89,76,74,72,99,106,104,99,104,74,102,107,75,96,100,91,105,83,94,102,94,96,75,94,76,99,103,72,73,102,93,73,106,52,97,73,81,102,62,72,76,60,97,77,85,82,80,75,67,95,103,106,100,94,104,93,88,83,82,94,94,79,92,106,74,77,78,80,99,NA,75,75,90,73,60,59,82,55,79,53,57,72,63,78,64,75,59,NA,NA,NA,NA,NA,NA,NA,NA,NA,NA,NA,NA,NA,NA,NA,NA
NA,NA,NA,NA,NA,NA,NA,NA,NA,NA,NA,NA,NA,NA,NA,NA,NA,NA,NA,NA,NA,80,73,64,78,75,74,71,69,64,68,65,65,64,67,59,78,66,67,69,66,66,65,71,61,64,63,74,83,76,75,76,67,68,80,76,79,83,98,69,82,82,82,72,79,74,81,76,80,71,71,57,78,92,102,67,46,98,91,99,102,85,104,93,71,96,98,93,105,93,103,101,69,95,97,102,101,98,102,98,92,106,94,64,103,107,93,84,78,103,107,NA,91,99,104,101,95,102,93,94,95,106,99,91,101,94,91,94,57,104,105,107,97,67,67,67,80,93,82,88,99,82,63,82,72,75,70,106,91,91,77,83,59,97,97,78,NA,83,81,79,80,83,82,66,86,58,NA,57,68,95,69,77,58,89,71,77,85,66,59,90,64,NA,62,73,NA,NA,NA,NA,NA,NA,NA,NA,NA,NA,NA,NA,NA,NA,NA,NA
NA,NA,NA,NA,NA,NA,NA,NA,NA,NA,NA,NA,NA,NA,NA,NA,NA,NA,70,NA,NA,71,64,65,78,81,62,78,64,NA,75,74,68,77,65,73,74,73,66,68,67,76,68,65,85,71,77,72,79,94,66,84,72,76,69,75,73,85,85,82,74,66,77,63,80,73,78,68,77,73,91,75,106,45,95,96,68,84,91,71,70,79,93,86,70,107,101,102,95,69,97,95,102,105,99,99,77,102,110,90,79,97,104,76,78,106,97,98,106,104,107,100,96,NA,103,72,96,90,93,93,98,94,93,98,94,98,94,102,104,101,99,100,94,101,86,92,84,97,53,85,74,67,74,82,90,80,74,75,67,82,94,86,73,53,67,97,96,95,101,106,83,96,73,80,81,84,58,101,94,58,72,68,56,59,77,82,85,54,47,65,62,84,63,87,NA,NA,NA,NA,NA,NA,NA,NA,NA,NA,NA,NA,NA,NA,NA,NA
NA,NA,NA,NA,NA,NA,NA,NA,NA,NA,NA,NA,NA,NA,NA,NA,NA,NA,NA,66,78,71,69,80,81,62,64,69,62,78,78,NA,75,NA,73,67,58,86,61,67,61,81,63,71,58,73,80,73,77,76,93,80,72,75,93,62,60,80,67,77,69,82,74,91,69,74,88,77,100,76,98,67,75,95,75,NA,72,79,96,84,107,105,101,101,102,77,97,103,98,105,67,109,104,93,103,99,105,104,50,74,76,102,70,96,101,101,64,99,105,98,91,94,94,NA,94,93,81,99,90,90,93,94,101,98,94,102,104,93,93,73,101,82,85,86,92,97,73,90,91,74,82,84,52,59,75,97,91,90,82,95,94,79,97,89,81,97,101,88,85,74,88,84,102,79,92,75,67,NA,55,55,93,82,83,57,55,59,64,63,68,65,NA,NA,62,96,NA,57,NA,NA,NA,NA,NA,NA,NA,NA,NA,NA,NA,NA,NA,NA
NA,NA,NA,NA,NA,NA,NA,NA,NA,NA,NA,NA,NA,NA,NA,NA,NA,NA,NA,81,70,81,66,65,64,63,80,71,78,77,66,69,78,77,73,78,73,69,78,62,79,81,71,78,80,58,93,80,63,78,63,74,65,67,76,73,66,73,66,82,74,92,73,80,71,74,81,72,99,73,87,75,63,96,84,99,68,96,99,86,86,93,54,96,76,100,100,104,97,102,72,103,104,105,99,94,95,103,103,101,102,95,97,84,70,97,98,105,100,99,76,99,103,102,96,89,80,105,93,103,106,95,98,102,102,100,105,81,71,90,89,71,72,92,67,82,104,91,59,106,70,102,102,91,52,74,99,95,58,75,102,104,89,89,95,48,97,104,85,85,81,86,82,68,53,67,97,68,69,67,65,58,59,64,59,77,86,63,63,58,87,62,69,68,87,NA,NA,NA,NA,NA,NA,NA,NA,NA,NA,NA,NA,NA,NA,NA
NA,NA,NA,NA,NA,NA,NA,NA,NA,NA,NA,NA,NA,NA,NA,NA,NA,NA,NA,70,62,74,70,78,65,64,80,72,63,79,66,75,72,71,65,79,66,66,76,62,56,65,88,72,86,79,73,73,78,81,64,64,65,72,76,81,66,101,70,74,79,69,92,84,78,74,72,67,70,66,98,70,70,96,94,99,99,67,95,94,96,88,102,96,86,97,98,96,NA,92,102,102,85,91,91,105,95,98,105,97,74,98,94,71,101,66,98,98,50,97,94,102,103,98,95,78,97,103,95,106,98,106,102,101,102,94,105,70,93,82,68,81,104,84,97,102,104,84,93,72,NA,102,64,60,79,95,84,90,80,95,100,97,94,86,97,97,67,72,59,77,92,96,88,51,76,95,55,99,86,69,99,65,81,62,80,82,81,76,76,83,53,73,92,95,65,NA,NA,NA,NA,NA,NA,NA,NA,NA,NA,NA,NA,NA,NA,NA
NA,NA,NA,NA,NA,NA,NA,NA,NA,NA,NA,NA,NA,NA,NA,NA,NA,NA,NA,NA,NA,71,62,NA,67,76,63,63,62,80,78,65,58,76,76,NA,73,69,67,76,87,80,88,71,66,58,NA,79,74,72,71,65,75,74,76,64,64,64,84,65,70,93,88,74,73,75,74,58,87,74,76,75,75,72,78,83,69,106,76,99,81,84,102,90,103,77,103,98,91,95,97,86,103,98,85,98,97,105,55,96,94,55,97,95,64,76,95,105,99,72,102,70,105,97,97,105,103,72,101,100,99,96,107,99,93,104,70,93,90,101,97,103,88,101,106,61,64,88,87,75,91,73,64,87,60,95,93,90,72,97,100,95,97,84,101,88,102,86,92,103,92,96,73,99,92,68,95,79,57,68,63,60,81,80,82,63,68,54,70,92,61,95,81,79,62,94,NA,NA,62,74,NA,NA,NA,NA,NA,NA,NA,NA,NA,NA
NA,NA,NA,NA,NA,NA,NA,NA,NA,NA,NA,NA,NA,NA,NA,NA,NA,NA,NA,72,70,72,62,79,73,65,70,71,73,63,61,64,70,64,72,69,75,74,62,71,79,84,79,85,76,79,75,76,73,75,67,66,63,92,76,81,64,65,66,74,73,87,103,74,83,78,87,88,71,76,99,100,74,99,76,103,72,95,102,98,104,97,91,70,84,97,89,74,92,93,96,105,105,104,94,94,98,107,97,73,96,99,70,73,97,84,106,106,103,100,96,82,51,104,97,93,96,77,101,96,96,97,96,103,104,94,103,91,74,72,106,72,108,NA,97,89,100,92,75,93,94,70,98,74,70,89,89,100,72,96,100,54,79,101,97,104,103,76,95,53,67,101,87,80,92,59,87,58,73,63,81,73,79,79,94,64,53,68,92,90,71,61,76,87,85,80,77,NA,64,NA,NA,NA,NA,NA,NA,NA,NA,NA,NA,NA
NA,NA,NA,NA,NA,NA,NA,NA,NA,NA,NA,NA,NA,NA,NA,NA,NA,NA,NA,NA,NA,72,72,NA,74,63,75,69,70,68,74,59,73,58,73,68,76,74,64,68,76,75,76,73,79,80,68,80,70,NA,65,72,70,75,82,73,62,65,71,84,81,83,90,94,74,78,97,71,64,73,96,92,96,62,92,101,76,103,94,104,101,100,101,103,104,97,82,NA,95,108,74,74,99,105,98,75,77,65,77,98,107,76,101,93,70,98,NA,70,75,84,104,74,94,94,101,103,92,105,84,99,107,101,92,99,105,96,99,68,93,69,90,72,89,101,84,85,70,82,93,94,89,86,98,88,82,69,87,56,74,102,102,59,92,95,60,48,53,88,81,96,93,96,88,67,62,93,63,72,55,99,66,68,59,80,52,79,52,58,77,71,77,82,62,NA,79,77,69,59,57,64,NA,NA,NA,NA,NA,NA,NA,NA,NA,NA
NA,NA,NA,NA,NA,NA,NA,NA,NA,NA,NA,NA,NA,NA,NA,NA,NA,NA,81,80,63,NA,63,NA,76,69,77,67,66,64,68,59,78,75,69,75,70,65,65,77,80,NA,86,79,85,66,68,94,75,76,72,66,67,75,65,70,66,NA,103,82,78,100,63,70,98,77,64,92,71,66,87,99,83,74,99,81,83,99,101,91,104,103,103,95,99,101,100,97,98,98,94,98,93,93,74,95,60,86,99,97,97,102,97,101,106,98,106,93,85,74,96,67,98,73,105,80,100,77,105,96,97,99,78,101,100,74,87,74,104,105,107,103,108,105,84,83,87,104,84,70,98,98,99,94,80,103,90,97,92,96,101,89,92,97,60,77,88,104,81,66,93,64,58,92,74,79,72,101,61,57,55,63,80,66,97,96,73,92,63,66,62,78,NA,91,64,76,93,80,NA,77,NA,NA,NA,NA,NA,NA,NA,NA,NA,NA
NA,NA,NA,NA,NA,NA,NA,NA,NA,NA,NA,NA,NA,NA,NA,NA,NA,81,65,79,75,77,78,78,76,71,65,61,67,71,69,79,68,74,78,77,78,75,74,66,80,75,80,76,82,75,80,78,67,75,93,82,63,65,76,75,79,104,86,78,88,74,73,75,99,64,63,79,82,98,86,95,109,95,100,78,68,68,65,92,91,72,99,90,96,58,NA,100,108,94,108,105,68,103,68,75,64,107,94,105,96,55,106,97,95,85,85,100,102,94,85,76,85,97,81,NA,94,84,84,96,100,109,80,96,91,98,105,101,105,85,107,87,94,77,107,96,53,92,104,71,60,96,60,62,88,95,89,101,80,69,74,84,95,72,80,60,60,96,68,95,91,78,94,94,92,93,78,58,71,54,61,81,82,53,73,97,80,83,83,78,75,58,85,77,64,NA,67,75,66,NA,NA,77,NA,NA,NA,NA,NA,NA,NA,NA
NA,NA,NA,NA,NA,NA,NA,NA,NA,NA,NA,NA,NA,NA,NA,NA,NA,NA,77,60,65,80,77,64,65,62,74,74,62,61,64,68,73,70,70,76,67,70,80,74,74,67,65,81,79,79,NA,79,75,74,68,78,93,62,64,72,70,74,82,65,78,94,70,74,73,75,75,98,73,98,78,95,67,100,96,93,68,105,99,98,100,103,103,97,98,97,95,96,94,101,100,105,103,70,94,97,100,85,97,94,87,102,106,95,100,84,86,97,97,81,98,96,61,99,101,89,103,100,101,102,71,101,97,106,104,80,105,104,102,106,87,92,74,78,103,NA,94,78,99,88,94,98,99,91,100,99,90,69,98,68,94,70,96,100,94,92,95,65,97,NA,NA,101,102,100,67,98,66,62,75,75,55,83,78,96,69,79,80,79,92,63,80,73,78,71,62,62,84,78,83,76,83,60,70,NA,NA,NA,NA,NA,NA,NA
NA,NA,NA,NA,NA,NA,NA,NA,NA,NA,NA,NA,NA,NA,NA,NA,NA,NA,73,75,65,64,65,NA,70,76,74,72,56,71,79,67,78,79,69,68,70,78,67,79,60,70,66,67,83,74,69,80,74,80,82,68,80,104,76,69,76,NA,69,83,63,79,63,98,82,74,101,94,86,74,74,66,69,65,82,73,86,65,93,96,94,102,95,58,93,90,108,97,96,94,101,94,103,93,73,97,100,93,99,74,93,97,96,97,102,88,99,106,92,96,NA,94,70,64,89,82,92,94,94,96,96,100,101,59,101,88,93,104,96,86,94,67,94,107,94,98,60,54,92,61,90,91,70,77,97,100,97,60,96,94,58,97,99,NA,59,97,93,67,97,57,102,98,66,101,96,53,54,78,96,82,83,92,63,54,59,74,90,86,56,71,71,78,61,58,NA,73,69,66,66,92,76,NA,NA,NA,NA,NA,NA,NA,NA,NA
NA,NA,NA,NA,NA,NA,NA,NA,NA,NA,NA,NA,NA,NA,NA,NA,NA,NA,76,73,65,80,80,77,71,61,67,74,61,74,NA,72,69,61,78,74,80,70,70,70,70,68,67,60,72,75,82,81,64,81,79,91,75,90,73,81,91,82,69,89,67,82,68,70,98,64,68,96,90,59,74,92,98,99,65,93,73,93,74,98,98,97,98,90,88,105,90,100,61,101,108,103,74,94,102,102,100,100,96,101,70,55,94,NA,101,99,106,72,64,98,101,67,84,73,97,74,103,103,96,67,100,100,89,98,88,99,101,90,100,105,62,101,90,89,51,106,104,54,81,78,83,61,99,106,91,89,97,94,68,94,86,98,96,75,75,75,90,88,86,96,97,59,97,67,53,62,69,96,68,55,77,55,69,64,68,67,71,79,64,66,84,77,78,74,83,70,56,79,76,60,77,63,100,NA,NA,NA,NA,NA,NA,NA
NA,NA,NA,NA,NA,NA,NA,NA,NA,NA,NA,NA,NA,NA,NA,NA,NA,NA,NA,78,72,73,79,69,69,74,74,71,70,67,60,78,64,61,69,68,NA,77,69,80,71,74,72,68,73,73,72,71,87,70,73,62,76,66,66,75,76,85,81,74,NA,100,67,105,74,73,81,79,81,81,66,109,76,97,69,84,100,65,100,94,101,77,91,73,93,93,72,93,107,98,98,102,70,77,62,94,94,94,89,95,96,99,105,84,101,101,98,107,96,86,99,74,100,86,102,96,99,96,99,67,107,106,103,91,100,100,96,97,95,100,106,99,71,105,61,97,69,98,104,70,102,96,97,97,98,91,99,89,98,97,101,98,78,97,NA,57,98,60,98,93,80,58,80,63,58,67,68,59,67,93,93,95,68,68,90,91,66,64,53,70,67,62,78,65,70,69,64,73,65,80,63,82,NA,NA,NA,NA,NA,NA,NA,NA
NA,NA,NA,NA,NA,NA,NA,NA,NA,NA,NA,NA,NA,NA,NA,NA,NA,NA,NA,76,60,67,73,71,70,66,92,70,89,68,74,87,75,75,72,68,73,81,71,63,71,NA,NA,76,56,73,82,64,66,83,77,77,94,83,103,94,68,64,64,75,67,72,76,NA,74,73,77,75,70,105,70,75,92,95,64,95,104,103,101,98,103,94,91,98,95,95,93,94,96,100,99,98,96,94,99,97,94,91,59,70,97,73,98,79,94,88,100,54,101,92,99,77,89,97,99,96,101,97,97,101,74,98,75,99,90,101,81,105,93,71,97,51,106,95,51,97,95,71,94,70,74,96,80,98,95,91,91,94,82,89,72,100,59,101,76,92,98,101,78,56,61,80,80,98,100,94,53,96,94,79,95,66,54,54,68,67,67,67,92,92,62,60,61,NA,75,76,80,76,84,56,98,NA,NA,NA,NA,NA,NA,NA,NA,NA
NA,NA,NA,NA,NA,NA,NA,NA,NA,NA,NA,NA,NA,NA,NA,NA,NA,NA,76,70,67,71,73,76,65,66,76,79,68,76,76,67,NA,73,78,81,70,69,78,71,64,68,77,67,66,73,75,71,73,68,76,96,73,69,74,70,96,75,85,68,74,75,67,68,106,105,105,72,86,79,94,103,94,108,100,99,98,70,61,103,99,97,94,92,97,102,102,94,96,101,100,100,98,74,92,NA,90,100,93,66,102,107,96,103,97,107,97,106,100,106,106,95,97,93,61,98,106,95,103,99,101,76,102,97,100,93,69,67,104,112,101,46,99,95,102,89,104,84,96,99,87,101,68,74,95,68,98,NA,96,70,105,75,77,76,86,102,99,96,76,69,71,100,80,77,98,64,100,94,92,61,54,92,53,57,94,62,92,66,59,69,53,84,71,67,77,74,64,66,84,77,91,NA,NA,NA,NA,NA,NA,NA,NA,NA
NA,NA,NA,NA,NA,NA,NA,NA,NA,NA,NA,NA,NA,NA,NA,NA,NA,NA,71,72,69,73,73,94,70,70,93,87,63,74,70,66,75,72,63,69,74,66,90,83,96,74,74,75,75,56,85,72,79,55,90,84,71,77,69,73,63,74,78,78,87,74,73,62,66,101,79,101,71,98,97,87,100,78,94,99,77,104,87,98,98,99,94,NA,101,98,56,60,96,74,97,91,98,94,70,94,60,91,74,63,97,99,98,93,NA,100,98,96,94,107,101,106,84,107,108,102,84,101,96,108,105,105,56,105,101,104,74,46,103,76,66,67,98,90,82,100,96,97,106,99,96,90,99,68,65,98,97,77,69,95,53,73,99,97,88,102,76,100,66,55,60,80,60,101,67,58,94,81,65,95,77,99,66,73,77,92,NA,69,80,78,NA,80,61,57,74,73,72,100,100,62,71,92,NA,NA,NA,NA,NA,NA,NA,NA
NA,NA,NA,NA,NA,NA,NA,NA,NA,NA,NA,NA,NA,NA,NA,76,76,71,73,73,71,76,95,77,73,75,72,71,89,64,NA,NA,74,75,75,95,68,NA,76,74,79,69,73,96,75,80,95,82,82,70,71,75,74,78,NA,68,78,85,75,71,NA,75,87,75,93,104,79,106,110,75,99,100,93,76,76,100,110,103,61,99,93,99,107,76,95,107,93,89,74,NA,103,96,98,95,63,102,106,99,93,96,93,59,100,96,99,96,106,98,93,96,73,85,93,107,60,106,103,95,99,97,97,90,96,113,97,70,100,75,104,102,NA,103,99,101,91,84,101,101,68,94,99,66,93,90,96,53,84,85,58,84,87,96,90,NA,74,101,97,91,94,56,55,83,55,74,95,78,82,101,61,NA,94,68,53,92,92,76,92,90,85,73,69,60,72,65,76,78,68,74,71,77,71,71,NA,NA,NA,NA,NA,NA,NA,NA
NA,NA,NA,NA,NA,NA,NA,NA,NA,NA,NA,NA,NA,NA,NA,70,67,81,76,80,80,71,95,80,81,74,79,74,81,80,90,64,63,76,76,68,66,68,80,73,94,81,76,78,NA,73,85,80,65,68,72,77,69,72,68,73,80,72,69,74,75,86,52,101,74,103,68,96,72,NA,108,110,105,66,85,89,92,72,76,97,101,93,91,56,56,77,107,74,100,91,74,93,95,106,96,92,94,57,93,74,92,59,99,71,73,93,91,100,104,104,105,99,100,92,105,94,97,105,107,103,103,NA,75,109,98,108,75,90,104,93,69,99,89,103,96,70,102,101,55,76,89,68,97,97,54,85,85,77,57,93,82,82,102,86,69,96,95,60,61,52,101,60,98,84,84,86,96,97,82,66,74,93,97,55,53,77,95,96,86,74,68,64,72,78,79,79,95,70,92,95,56,72,77,NA,NA,NA,NA,NA,NA,NA
NA,NA,NA,NA,NA,NA,NA,NA,NA,NA,NA,NA,NA,NA,NA,NA,NA,NA,NA,68,71,71,75,80,73,81,70,71,76,79,81,76,87,85,66,89,73,77,74,87,71,72,83,81,81,72,76,74,71,69,69,73,76,81,83,83,92,84,75,77,68,59,72,73,69,104,107,106,97,73,96,97,73,73,97,98,97,96,77,98,106,76,73,92,86,100,100,108,97,91,101,95,107,96,97,97,93,103,99,94,75,99,76,99,99,99,106,104,96,101,92,100,100,107,106,96,107,95,105,94,66,100,102,113,76,99,104,102,102,81,71,103,71,98,98,68,96,96,92,104,75,95,95,69,82,94,77,56,98,85,100,103,93,93,103,75,81,58,92,103,94,67,75,81,94,92,66,69,68,97,97,80,80,49,85,85,76,68,90,51,75,75,63,75,79,83,73,78,72,75,63,NA,71,NA,NA,NA,NA,NA,NA,NA
NA,NA,NA,NA,NA,NA,NA,NA,NA,NA,NA,NA,NA,NA,59,NA,NA,NA,NA,68,74,73,73,80,70,71,75,63,74,82,80,80,80,78,73,83,96,96,76,75,74,64,65,64,72,80,71,85,81,70,82,73,69,69,74,85,72,92,75,101,71,94,101,104,101,97,77,102,71,94,94,92,72,103,94,100,97,106,95,100,76,73,95,96,96,100,95,95,76,101,99,101,77,99,99,99,98,94,104,102,101,103,103,111,100,76,105,100,101,106,96,99,93,96,67,85,99,77,105,95,106,102,106,110,99,102,99,101,102,100,103,102,102,97,97,106,90,55,90,90,88,88,99,74,75,69,75,101,87,95,53,66,104,72,73,56,104,103,96,92,97,67,57,68,98,62,82,82,93,94,95,82,94,93,69,96,81,64,93,84,59,62,68,66,61,75,NA,73,63,75,75,92,68,74,72,71,NA,NA,NA,NA
NA,NA,NA,NA,NA,NA,NA,NA,NA,NA,NA,NA,NA,NA,NA,73,NA,80,73,83,76,79,64,80,75,81,81,73,76,62,78,77,83,79,79,68,88,83,73,76,62,94,72,59,68,76,72,77,66,70,69,65,82,71,91,72,74,68,75,72,74,100,105,57,102,104,104,86,88,65,93,108,94,98,94,96,93,93,76,77,102,100,76,100,77,93,100,95,74,101,98,104,98,99,97,107,104,104,98,102,102,97,92,101,99,104,96,101,90,101,107,76,96,96,81,107,106,87,66,93,97,102,95,101,66,100,56,81,101,81,101,98,102,80,90,70,83,98,72,91,75,64,104,101,103,80,100,72,95,98,69,77,72,73,67,102,97,88,81,96,102,93,58,75,96,58,64,59,93,73,93,97,76,54,94,69,92,84,68,82,57,86,84,78,76,NA,64,68,NA,60,74,75,96,74,74,NA,NA,NA,NA,NA
NA,NA,NA,NA,NA,NA,NA,NA,NA,NA,NA,NA,NA,NA,NA,61,84,59,61,82,83,76,81,72,64,80,75,77,70,71,73,76,70,83,79,88,69,62,63,61,80,88,74,96,81,96,78,77,83,77,65,71,70,69,94,77,89,77,73,74,104,104,75,65,101,72,83,103,99,70,101,99,100,100,94,73,98,96,NA,76,107,71,96,95,94,60,78,97,95,94,103,93,99,95,60,95,95,94,103,99,76,93,103,95,76,84,97,108,97,107,87,58,93,93,96,82,72,104,104,105,97,99,102,92,98,111,87,83,103,94,98,101,98,101,98,96,93,96,75,73,55,91,98,102,99,95,84,98,95,57,101,92,96,69,105,102,NA,82,68,97,82,95,82,70,77,66,77,59,92,96,81,54,97,98,74,77,87,85,79,62,66,86,71,75,82,75,78,73,71,72,85,71,73,93,NA,NA,NA,NA,NA,NA
NA,NA,NA,NA,NA,NA,NA,NA,NA,NA,NA,NA,NA,NA,NA,NA,59,75,61,80,80,76,71,69,64,80,NA,81,70,81,81,77,83,74,71,68,69,94,68,68,80,75,68,82,72,72,81,68,77,78,79,82,75,73,60,94,89,77,82,75,65,79,74,72,104,83,65,106,96,98,78,98,97,72,86,107,63,63,95,97,100,95,106,96,78,102,94,94,95,98,99,93,101,101,95,105,98,105,102,101,101,100,99,111,80,76,110,99,99,98,102,92,103,104,93,97,95,93,95,107,101,93,93,108,108,102,103,99,96,98,98,100,101,101,106,74,93,104,80,107,107,73,84,84,102,71,70,98,94,73,83,98,102,93,70,96,84,102,102,75,53,73,92,96,84,64,94,78,96,56,72,80,66,66,53,79,67,75,87,76,68,89,74,67,82,69,68,69,82,79,69,73,71,70,70,NA,NA,NA,NA,NA
NA,NA,NA,NA,NA,NA,NA,NA,NA,NA,NA,NA,NA,77,NA,85,79,72,82,72,82,75,64,82,81,68,77,76,70,70,79,72,69,73,86,88,71,76,77,71,94,68,81,94,87,80,85,76,84,76,78,83,68,76,82,68,74,80,79,70,65,75,107,89,97,69,97,97,76,104,94,96,105,71,97,77,97,NA,93,87,77,95,51,99,104,75,102,100,104,58,101,95,63,103,103,65,72,107,97,98,99,100,98,110,109,98,95,76,99,66,104,104,105,67,96,107,NA,75,76,111,102,92,110,96,103,101,103,99,100,95,100,98,74,97,104,98,91,89,80,94,103,101,92,78,90,105,69,79,100,95,73,105,100,101,93,93,76,55,93,56,53,NA,102,93,92,81,82,97,78,82,67,75,92,91,75,68,76,67,91,87,76,84,76,79,73,61,69,75,73,93,92,76,76,74,78,71,NA,NA,NA,NA
NA,NA,NA,NA,NA,NA,NA,NA,NA,NA,NA,NA,NA,63,79,63,85,68,83,77,58,69,72,65,61,81,78,76,57,77,82,89,77,94,82,68,93,82,77,79,92,63,NA,75,83,75,76,62,62,79,76,75,80,72,77,69,63,74,106,72,72,59,72,87,98,65,71,102,105,103,103,105,89,60,96,79,98,96,108,NA,96,77,93,51,100,87,96,87,98,98,96,98,63,98,101,96,NA,99,94,96,98,80,94,89,92,69,101,100,108,100,96,NA,96,91,109,106,99,110,111,58,100,102,94,82,91,85,97,103,94,102,103,102,103,101,80,50,102,91,96,89,92,66,53,83,101,91,101,104,54,98,86,94,72,101,94,104,92,93,NA,93,61,71,80,81,81,88,68,78,94,88,94,67,97,75,76,86,65,82,63,NA,76,81,72,62,71,71,NA,92,72,75,85,72,83,71,71,69,NA,NA,NA,NA
NA,NA,NA,NA,NA,NA,NA,NA,NA,NA,NA,NA,NA,69,NA,82,70,70,68,72,77,59,59,78,78,73,86,72,70,85,85,85,88,70,83,73,93,70,66,79,74,69,69,78,79,61,62,69,63,68,69,82,77,82,82,63,65,74,63,106,89,51,102,102,103,104,103,96,107,90,103,96,108,93,97,98,78,72,94,NA,100,95,69,104,63,95,75,95,100,99,60,95,96,105,105,114,97,104,97,100,84,102,102,101,69,89,99,109,97,105,97,107,70,105,67,67,99,112,58,105,94,110,108,84,105,91,99,56,93,90,103,103,94,96,71,98,103,96,101,83,102,91,96,75,96,95,73,95,73,67,74,98,102,101,93,103,100,70,102,94,73,91,94,93,92,96,96,55,96,80,92,96,95,NA,NA,76,65,92,74,78,92,72,85,62,71,61,64,75,85,74,84,90,82,83,NA,NA,NA,NA,NA,NA
NA,NA,NA,NA,NA,NA,NA,NA,NA,NA,NA,NA,NA,69,81,77,76,77,59,79,77,80,86,78,71,67,74,88,74,76,92,86,80,88,82,62,67,76,69,74,62,92,74,74,69,77,82,78,63,73,77,73,82,77,64,73,75,69,80,97,104,58,93,82,102,54,101,70,105,92,96,67,69,96,92,69,95,108,NA,92,102,96,95,99,87,71,101,97,54,96,96,98,92,101,96,94,105,94,95,98,93,113,73,94,94,103,100,98,95,98,60,95,94,98,97,107,58,108,107,58,101,96,96,89,89,68,92,101,94,110,102,NA,95,75,93,104,101,95,74,103,97,99,97,96,101,84,92,95,67,93,64,76,95,78,78,74,96,91,99,91,73,94,NA,80,92,96,73,72,93,81,94,81,80,81,76,67,71,92,77,NA,70,93,74,63,80,73,69,72,77,74,64,84,90,71,NA,NA,NA,NA,NA,NA
NA,NA,NA,NA,NA,NA,NA,NA,NA,NA,NA,NA,NA,NA,63,77,81,76,71,57,76,64,81,77,56,86,69,74,76,76,85,73,85,78,82,73,83,73,75,73,82,77,74,62,73,75,75,72,75,76,72,80,63,74,64,79,79,73,74,83,103,90,76,99,103,99,102,NA,85,105,95,97,96,94,95,61,97,100,79,95,101,NA,102,75,105,97,75,97,93,98,94,95,98,94,96,112,65,93,114,96,97,98,102,97,91,106,93,95,70,90,106,104,60,95,100,110,98,54,105,106,72,96,94,88,99,88,91,94,110,96,100,100,81,97,95,71,95,71,98,98,73,106,54,54,90,94,71,101,75,96,76,96,86,98,58,71,92,94,94,58,92,56,78,80,94,97,82,55,97,55,73,66,79,67,99,91,75,92,NA,77,76,93,75,62,69,84,74,92,78,67,84,83,84,NA,74,NA,NA,NA,NA,NA
NA,NA,NA,NA,NA,NA,NA,NA,NA,NA,NA,NA,NA,NA,NA,74,70,79,83,82,82,77,59,79,73,80,74,74,66,64,89,77,NA,76,76,76,92,69,74,86,63,61,76,76,69,77,71,96,NA,62,77,75,63,96,76,73,81,73,74,99,103,59,63,102,65,88,85,88,93,90,75,94,81,81,85,96,101,68,76,98,98,102,64,91,97,96,93,61,96,97,71,71,101,112,93,108,108,57,94,102,84,69,110,96,103,94,57,101,97,95,95,96,102,94,105,96,94,106,104,106,108,58,102,91,89,104,90,92,69,101,96,106,97,101,73,104,95,96,97,100,69,93,95,98,99,101,95,98,90,77,90,92,52,54,102,89,75,75,73,102,98,85,93,100,98,100,72,62,72,NA,72,55,90,101,81,64,82,99,93,74,92,83,74,68,70,78,76,65,73,65,68,74,71,81,NA,NA,NA,NA,NA,NA
NA,NA,NA,NA,NA,NA,NA,NA,NA,NA,NA,NA,NA,NA,73,78,83,79,61,59,73,72,61,60,77,81,74,74,86,67,80,93,90,71,74,74,85,70,63,65,74,77,74,75,58,72,75,79,89,68,75,70,94,78,76,68,64,87,77,98,74,59,96,74,103,92,90,92,92,73,102,63,73,63,92,78,95,95,99,81,93,99,106,100,62,61,105,88,107,88,95,95,100,88,93,63,105,105,97,101,102,96,96,92,97,96,107,97,102,91,99,82,105,95,57,94,55,96,96,65,108,98,89,102,99,103,103,93,98,96,99,95,68,80,93,98,93,96,95,97,50,96,95,95,90,98,54,95,95,57,86,58,82,93,58,93,84,101,95,68,94,89,67,91,86,100,82,46,66,72,102,98,78,99,97,59,79,89,84,76,91,78,80,76,79,84,92,72,84,68,68,74,84,77,75,81,NA,NA,NA,NA
NA,NA,NA,NA,NA,NA,NA,NA,NA,NA,NA,NA,NA,59,74,80,79,80,64,79,61,76,NA,78,75,73,74,73,80,75,57,71,71,75,87,72,NA,75,76,74,87,76,75,83,84,75,76,78,58,72,64,77,78,78,73,93,75,77,101,77,76,91,96,66,101,65,88,89,81,71,72,97,81,103,56,100,80,97,58,100,NA,65,103,96,107,99,88,98,72,97,96,96,62,95,103,83,102,100,106,99,102,97,112,102,98,106,110,93,95,102,103,90,106,96,115,101,66,109,100,58,103,94,104,110,99,104,99,94,95,94,97,91,99,93,95,73,102,102,103,99,101,102,94,90,72,90,91,105,85,52,75,NA,69,98,73,92,96,98,69,85,84,91,95,100,95,96,58,90,74,68,91,72,95,78,70,75,81,92,NA,72,69,72,76,79,75,84,75,85,73,67,84,86,74,85,79,NA,NA,NA,NA,NA
NA,NA,NA,NA,NA,NA,NA,NA,NA,NA,NA,NA,NA,73,NA,74,60,73,61,86,82,70,76,71,78,NA,81,74,79,86,74,81,90,61,72,78,77,74,71,71,76,70,72,85,75,77,74,76,68,73,80,78,62,64,73,70,77,95,65,76,73,84,85,70,86,73,90,92,102,102,91,86,76,69,80,67,94,94,68,96,70,97,104,95,72,54,102,88,97,87,69,95,101,99,100,63,102,74,99,105,99,93,104,97,103,63,97,97,105,94,103,102,62,57,90,70,104,56,NA,108,112,93,100,72,NA,73,80,103,101,101,97,70,95,96,93,71,79,103,104,97,104,100,98,96,95,106,82,99,54,101,74,91,97,100,68,100,98,102,103,103,100,89,48,48,100,48,56,100,74,68,94,89,102,97,79,66,63,96,74,74,71,79,72,79,80,80,65,84,78,68,79,69,73,NA,NA,NA,NA,NA,NA,NA
NA,NA,NA,NA,NA,NA,NA,NA,NA,NA,NA,NA,55,72,73,80,82,61,86,86,86,76,70,71,85,75,78,80,59,59,73,73,73,80,64,78,71,75,59,66,72,74,73,82,85,69,72,73,60,72,73,65,86,75,94,66,70,98,65,65,75,99,71,75,102,89,89,96,65,82,102,78,101,96,103,67,102,86,67,102,99,90,94,105,95,102,95,99,72,101,108,103,104,93,105,101,57,97,104,99,98,93,99,75,99,90,101,98,94,105,106,NA,74,74,104,108,94,107,101,95,111,97,103,96,102,95,95,101,52,81,93,97,96,67,97,92,55,100,100,96,71,95,96,96,102,96,92,72,92,101,101,69,54,102,65,90,95,94,95,81,100,72,93,89,48,56,99,66,80,92,68,92,98,77,77,73,63,70,80,83,66,73,75,74,72,79,81,67,75,79,79,76,76,86,NA,NA,NA,NA,NA,NA
NA,NA,NA,NA,NA,NA,NA,NA,NA,NA,NA,55,85,75,82,54,62,71,71,72,72,75,82,77,75,77,81,79,86,69,59,75,75,67,73,74,64,73,64,77,NA,73,74,74,70,69,76,74,74,75,70,62,75,60,77,75,NA,77,77,83,93,74,78,85,85,80,95,95,96,103,78,101,81,96,77,86,95,101,58,71,91,89,92,101,95,90,94,95,103,98,97,99,105,102,103,98,84,75,99,75,96,61,62,96,107,109,108,106,98,70,99,105,105,101,96,106,96,106,94,87,70,101,92,104,101,72,96,100,57,105,94,100,91,93,108,106,108,106,104,96,94,102,96,103,96,101,95,88,99,97,94,76,99,70,102,68,99,100,96,96,98,74,69,99,99,94,98,89,92,84,94,70,91,67,92,71,99,90,70,68,73,71,79,65,81,80,80,79,76,79,81,51,69,81,81,NA,NA,NA,NA,NA
NA,NA,NA,NA,NA,NA,NA,NA,NA,NA,NA,NA,75,74,53,53,71,NA,58,71,79,59,76,81,75,78,80,74,81,75,77,76,66,67,62,71,74,74,82,73,61,77,89,76,74,74,76,77,73,75,77,77,76,66,77,93,96,74,98,84,102,72,95,80,55,98,94,88,67,93,82,73,96,84,102,101,101,89,101,101,99,94,76,102,71,93,104,104,105,99,81,72,NA,96,106,95,88,75,98,88,100,83,99,114,68,108,105,108,105,105,101,94,100,108,106,105,94,105,96,71,111,95,109,100,110,97,96,93,93,97,100,101,95,98,96,95,91,104,103,99,95,103,74,102,90,102,68,98,98,96,68,100,71,90,94,69,69,93,93,94,98,74,68,86,96,NA,96,83,68,82,97,58,75,54,60,64,60,79,77,79,58,71,66,81,63,80,85,79,71,68,78,74,78,74,75,75,NA,NA,NA,NA
NA,NA,NA,NA,NA,NA,NA,NA,NA,NA,NA,NA,NA,75,NA,54,77,83,84,65,75,67,67,65,78,85,79,84,75,84,77,94,71,73,63,65,71,NA,74,77,65,72,NA,77,62,72,76,61,66,70,82,69,67,72,78,82,84,64,92,76,NA,56,81,85,95,102,75,83,82,97,71,100,71,65,70,95,99,101,100,93,80,54,94,92,91,61,94,54,90,54,97,102,106,100,91,98,98,101,97,NA,100,100,95,105,100,76,60,96,90,114,96,106,100,108,91,62,94,100,102,73,97,101,58,109,104,100,81,101,100,95,105,101,103,100,85,100,99,69,102,104,71,70,103,104,99,70,50,99,103,98,100,97,70,71,100,95,98,101,100,100,101,NA,91,67,98,93,63,69,98,87,71,81,71,70,91,81,70,67,60,90,84,78,65,65,51,71,71,65,80,70,80,70,81,80,NA,NA,78,NA,NA,NA
NA,NA,NA,NA,NA,NA,NA,NA,NA,NA,NA,NA,85,56,62,88,68,71,64,54,76,NA,66,77,74,71,85,77,72,64,75,70,62,71,71,63,65,82,73,80,71,77,74,74,70,80,67,72,71,73,74,64,70,97,71,91,77,94,55,64,94,68,78,80,86,91,54,95,95,79,76,56,83,62,75,NA,103,88,90,86,100,90,95,91,95,96,100,96,96,94,102,107,102,104,97,99,65,56,95,91,58,96,59,94,91,98,98,91,98,95,105,73,115,104,97,91,105,57,96,92,103,70,108,101,104,59,100,101,109,96,104,94,96,69,101,103,76,103,103,100,103,101,98,98,100,98,101,93,98,101,99,100,70,70,95,91,61,91,101,92,96,76,100,80,56,101,95,82,68,64,95,94,66,100,70,82,63,89,78,96,71,58,77,84,78,84,73,84,75,66,65,85,65,73,53,71,NA,NA,NA,NA
NA,NA,NA,NA,NA,NA,NA,NA,NA,NA,NA,86,56,54,63,63,87,85,75,86,86,74,78,70,70,80,75,NA,72,80,80,70,78,74,73,73,54,74,71,68,61,74,65,76,76,71,73,75,72,70,73,73,84,91,58,70,77,56,94,97,70,102,56,85,80,103,95,67,77,98,78,96,71,97,85,89,74,84,91,63,96,87,86,96,98,94,NA,95,88,95,103,88,94,100,67,101,111,91,97,59,98,59,114,60,98,100,99,101,112,96,95,98,104,105,97,105,69,112,107,102,95,58,95,105,59,100,95,92,97,104,97,96,99,101,103,102,86,98,70,104,72,96,103,106,95,102,102,98,88,94,95,102,92,100,91,93,95,81,NA,101,92,95,102,87,90,NA,100,90,100,81,75,75,68,58,97,69,63,68,72,84,70,82,75,70,70,69,85,66,85,85,92,67,73,73,NA,NA,NA,NA,NA,NA
NA,NA,NA,NA,NA,NA,NA,NA,NA,NA,NA,NA,86,80,83,86,64,69,54,54,60,81,68,76,77,78,79,70,71,60,78,77,73,74,67,73,70,77,75,71,61,72,74,69,67,69,75,70,71,62,73,73,68,96,82,70,84,64,100,58,70,92,76,84,84,66,55,95,86,95,99,102,96,92,101,97,90,96,92,93,65,96,90,95,102,95,105,97,97,97,104,94,96,86,101,112,92,90,97,84,110,100,105,59,104,99,99,60,60,105,104,104,94,105,103,102,66,98,58,65,101,58,103,103,100,101,95,95,92,98,97,89,100,103,92,92,101,63,104,83,83,103,105,106,93,101,71,102,93,68,95,59,103,96,97,88,95,95,99,102,96,99,71,55,69,69,62,90,88,67,59,NA,91,91,94,65,NA,60,72,77,82,63,82,60,78,83,64,70,68,76,67,60,70,70,73,NA,NA,NA,NA,NA
NA,NA,NA,NA,NA,NA,NA,NA,NA,NA,NA,NA,NA,NA,NA,65,62,NA,75,79,73,76,81,72,74,78,74,75,63,61,69,64,90,67,67,74,80,88,71,66,66,69,67,71,72,75,63,62,66,73,92,73,66,76,66,69,64,79,74,58,57,69,77,83,80,63,100,73,77,96,103,96,95,99,101,96,77,101,61,97,100,74,92,94,93,66,94,101,67,85,99,106,100,90,98,75,102,96,91,97,96,111,95,59,105,111,105,98,98,96,107,104,91,94,85,107,107,99,99,101,92,93,100,102,102,100,54,94,79,99,100,100,94,97,99,93,102,103,104,103,96,93,95,103,100,100,101,101,90,88,99,60,93,103,101,84,102,90,64,89,67,50,104,99,58,95,97,98,93,92,93,58,66,91,NA,65,91,63,60,81,68,68,57,66,81,61,70,75,85,76,72,66,85,58,71,NA,NA,NA,NA,NA
NA,NA,NA,NA,NA,NA,NA,NA,NA,NA,NA,NA,67,78,78,65,71,63,71,69,82,78,79,64,68,81,80,75,76,73,61,75,70,70,75,75,70,72,73,87,74,71,71,71,66,71,71,69,77,78,77,68,NA,73,60,71,66,79,92,55,65,87,74,100,77,77,71,55,97,100,84,101,77,96,98,90,61,86,65,102,92,101,92,66,103,100,100,85,91,92,106,104,102,101,70,90,101,61,97,65,98,89,96,98,96,100,96,112,95,89,72,96,98,97,98,94,110,106,97,100,99,108,87,65,70,98,95,106,97,95,99,106,63,101,95,99,100,85,97,97,94,100,97,89,99,87,102,100,93,92,71,103,95,68,90,102,73,96,74,102,90,96,93,99,93,94,64,93,77,93,82,93,83,89,94,94,94,65,68,59,61,82,78,89,97,73,68,66,63,67,70,53,79,67,59,80,NA,NA,NA,NA
NA,NA,NA,NA,NA,NA,NA,NA,NA,NA,NA,NA,78,NA,74,67,72,71,71,71,82,54,81,68,70,68,71,74,75,66,60,78,78,78,79,71,88,77,70,61,66,84,69,75,70,75,65,64,76,74,58,74,64,80,68,68,96,NA,63,65,90,96,85,69,77,99,84,98,91,87,67,56,87,79,82,90,61,90,58,100,87,87,100,99,96,99,60,96,99,98,103,100,96,103,95,92,102,104,97,93,112,103,101,93,103,58,94,96,96,105,101,103,72,86,106,87,95,110,91,103,103,101,100,94,104,107,108,94,97,101,106,101,98,100,98,94,97,101,101,94,94,100,101,100,100,102,91,88,91,96,99,69,60,90,88,86,97,97,56,92,97,99,58,81,103,63,87,54,99,91,59,57,67,63,94,92,98,91,91,73,74,73,68,93,66,97,76,54,70,77,77,77,79,77,NA,NA,NA,NA,NA,NA
NA,NA,NA,NA,NA,NA,NA,NA,NA,NA,NA,NA,NA,NA,NA,74,66,77,79,80,79,78,76,81,74,79,80,55,73,73,72,78,74,71,76,73,79,83,61,67,66,78,75,74,74,78,69,74,74,NA,76,95,77,79,61,65,76,85,85,97,79,96,75,70,101,99,101,100,96,69,100,68,96,65,101,88,NA,85,102,88,92,55,97,101,64,87,97,92,96,99,91,64,101,92,98,98,103,94,93,70,89,94,62,105,105,94,114,97,112,106,89,88,111,98,96,93,110,96,64,87,61,102,75,105,102,95,99,90,106,96,93,99,97,103,93,95,96,98,103,54,98,99,102,98,99,94,100,99,102,99,103,95,83,101,87,92,90,91,81,98,99,55,82,83,83,104,68,62,58,90,67,95,89,86,61,67,63,96,90,87,77,70,96,66,69,60,67,65,83,80,65,78,78,79,NA,NA,NA,NA,NA,NA
NA,NA,NA,NA,NA,NA,NA,NA,NA,NA,NA,NA,NA,72,84,84,83,61,65,61,NA,66,79,81,76,66,55,69,70,62,63,62,72,79,70,79,73,86,66,65,67,62,62,NA,75,75,77,62,72,73,77,61,64,76,69,70,73,61,69,71,66,75,69,93,98,57,96,97,95,74,66,97,57,63,101,63,58,100,72,109,58,101,82,59,58,99,96,96,66,97,96,94,98,96,99,93,91,99,95,90,113,99,93,59,102,114,81,97,88,101,111,102,101,104,106,97,99,110,87,108,102,100,79,102,105,90,94,98,103,93,105,102,88,99,102,102,93,100,102,99,97,104,56,102,88,95,102,60,99,103,103,91,NA,97,103,89,104,91,101,96,56,85,102,56,85,71,57,87,87,81,90,93,57,76,97,96,90,67,54,NA,87,87,78,60,64,70,65,63,66,67,NA,95,NA,NA,70,NA,NA,NA,NA,NA
NA,NA,NA,NA,NA,NA,NA,NA,NA,NA,NA,NA,NA,64,64,77,77,68,80,75,64,68,85,67,59,62,68,79,74,77,77,70,67,72,71,64,66,73,71,NA,75,65,65,70,70,77,68,64,74,74,81,61,82,66,65,73,77,61,69,84,67,79,97,56,66,101,101,76,NA,80,92,95,99,70,88,100,95,67,96,91,95,97,101,98,96,98,103,55,86,106,93,102,102,90,102,70,99,103,86,95,105,91,93,94,101,60,103,89,101,93,103,66,103,81,103,106,77,86,113,102,NA,107,107,96,101,107,56,104,104,102,87,94,102,98,98,96,103,101,102,92,101,95,96,98,96,96,97,101,102,91,99,99,89,100,101,99,97,98,60,99,90,87,83,60,100,68,96,85,96,85,82,74,58,90,63,67,73,97,63,91,91,88,70,77,64,60,NA,86,68,83,77,96,80,97,NA,NA,NA,NA,NA,NA
NA,NA,NA,NA,NA,NA,NA,NA,NA,NA,NA,NA,NA,NA,NA,75,75,83,77,72,61,77,84,79,54,69,70,71,59,79,68,62,69,72,72,61,64,78,68,78,75,71,70,70,73,65,70,73,78,NA,76,72,79,69,70,71,67,73,74,60,97,60,71,61,81,79,NA,91,74,NA,66,76,92,100,100,94,69,93,86,93,111,99,59,97,104,99,97,97,109,98,99,106,74,95,85,105,98,89,61,101,93,104,64,106,89,91,105,105,99,105,94,97,95,88,109,81,108,103,101,63,101,106,59,102,98,108,79,95,54,104,100,103,103,94,96,56,56,88,99,99,97,100,99,102,98,50,96,97,95,100,91,90,89,93,102,85,98,57,96,61,75,96,54,93,87,88,67,89,85,NA,98,57,91,61,90,82,76,95,94,56,88,86,66,64,70,63,86,96,81,94,83,NA,97,NA,NA,NA,NA,NA,NA,NA
NA,NA,NA,NA,NA,NA,NA,NA,NA,NA,NA,NA,NA,NA,NA,76,72,72,72,68,66,62,86,69,86,79,68,68,81,69,81,66,58,61,72,72,70,63,67,66,68,74,74,75,73,67,73,68,77,72,63,76,73,73,65,98,79,58,NA,73,82,71,57,64,83,74,93,76,97,56,61,96,110,100,66,91,63,100,91,93,94,98,100,104,102,96,85,97,94,98,71,69,86,92,75,105,68,97,102,94,90,65,106,99,97,103,113,97,61,97,88,112,105,95,109,95,101,97,107,82,96,93,96,106,99,96,96,94,101,100,105,102,96,89,86,88,96,56,95,55,90,95,99,87,93,99,100,100,103,101,89,93,79,102,99,82,103,66,92,83,51,66,87,56,91,97,93,56,84,62,98,101,70,61,69,62,56,92,69,86,94,73,86,67,71,71,75,75,94,84,50,73,70,93,NA,NA,NA,NA,NA,NA
NA,NA,NA,NA,NA,NA,NA,NA,NA,NA,NA,NA,NA,NA,NA,76,NA,78,77,73,66,76,65,64,79,NA,70,68,77,71,74,72,71,72,66,65,54,54,71,78,NA,66,64,67,65,70,63,75,78,64,56,65,64,69,86,70,62,68,65,58,60,61,101,86,71,58,99,68,64,97,72,110,94,56,98,61,75,NA,67,66,59,97,63,101,100,95,65,98,86,99,97,97,84,97,93,95,91,98,95,88,100,91,94,NA,64,NA,84,99,99,77,99,97,105,102,93,102,107,61,93,94,98,105,99,98,95,103,103,98,94,105,104,100,93,98,93,92,86,94,106,89,99,102,98,101,98,92,101,51,93,96,76,79,97,84,93,92,89,104,95,97,55,57,94,93,93,95,71,58,90,90,82,68,80,91,69,85,90,91,70,93,56,81,62,59,61,82,91,91,67,100,68,99,66,63,77,NA,NA,NA,NA,NA
NA,NA,NA,NA,NA,NA,NA,NA,NA,NA,NA,NA,NA,NA,NA,NA,81,75,80,77,73,68,83,67,75,68,79,78,79,64,79,83,61,74,68,74,77,71,65,65,68,73,NA,74,68,77,80,75,82,65,77,65,69,68,86,68,79,66,67,67,74,60,61,66,67,67,66,77,93,72,68,93,NA,61,94,98,68,69,100,NA,102,100,93,68,86,98,93,93,98,96,88,101,104,105,86,86,98,97,62,94,95,95,99,62,110,89,108,93,98,97,98,101,76,106,97,92,102,88,84,93,82,90,95,104,107,107,106,101,106,93,98,86,99,104,102,95,105,106,96,99,97,90,105,92,91,100,54,93,101,97,95,93,102,97,97,93,92,89,NA,96,86,95,91,89,93,71,92,92,58,101,94,60,80,58,92,92,56,90,66,61,67,69,63,85,84,97,64,64,63,92,92,76,63,71,NA,NA,NA,NA,NA,NA
NA,NA,NA,NA,NA,NA,NA,NA,NA,NA,NA,NA,NA,NA,NA,78,79,64,NA,68,80,73,82,83,69,68,71,68,81,52,74,71,72,80,72,74,64,74,80,66,73,72,67,88,72,68,65,67,75,67,72,62,94,70,64,66,59,61,56,56,86,69,70,75,85,60,77,81,99,68,97,82,64,53,51,67,69,67,63,65,72,102,93,77,93,94,65,95,69,100,99,66,97,54,65,99,97,103,93,94,83,93,65,103,100,103,88,92,108,95,103,101,63,94,112,62,107,98,105,95,94,103,60,60,103,93,92,101,99,105,99,93,104,103,102,102,96,89,90,88,51,88,96,101,102,88,102,102,102,96,76,69,88,102,52,100,102,90,72,87,88,90,55,96,71,95,64,90,96,69,61,97,91,76,86,86,84,92,66,100,63,67,67,91,89,68,68,56,90,91,68,77,77,63,NA,NA,NA,NA,NA,NA
NA,NA,NA,NA,NA,NA,NA,NA,NA,NA,NA,NA,NA,NA,82,79,70,74,69,74,62,62,85,63,83,79,69,83,69,69,74,71,72,71,73,76,71,74,72,64,70,74,63,66,83,68,65,70,NA,78,74,73,69,78,64,67,68,61,73,64,69,63,79,79,79,73,93,85,83,65,62,98,73,68,62,91,101,62,55,100,98,80,90,90,97,99,59,68,66,88,99,96,96,NA,74,85,99,102,97,95,101,98,108,96,100,94,105,111,90,104,105,103,100,98,98,99,107,114,99,111,105,86,103,99,104,85,99,104,101,99,98,86,98,104,100,100,100,91,96,96,107,101,105,100,56,95,94,98,56,90,90,92,86,93,97,95,86,57,85,97,94,95,61,96,69,55,81,102,95,61,91,61,90,89,102,102,66,81,66,92,88,67,68,69,96,58,65,66,84,66,81,92,81,94,NA,NA,NA,NA,NA,NA
NA,NA,NA,NA,NA,NA,NA,NA,NA,NA,NA,NA,NA,NA,76,68,74,65,78,80,66,67,77,63,80,81,78,80,69,78,80,66,82,77,79,73,80,64,78,69,NA,70,76,74,71,60,66,77,62,70,82,74,64,63,64,64,76,95,71,57,71,67,96,55,62,93,93,60,77,86,62,92,60,92,101,60,88,100,76,95,77,102,66,72,66,65,95,100,93,99,109,59,90,64,60,62,97,90,91,NA,96,96,97,99,71,104,98,102,67,68,54,98,61,94,99,99,105,104,100,108,95,106,99,105,104,87,102,88,98,95,99,101,92,95,82,54,93,99,101,87,95,105,89,100,98,100,55,77,92,100,57,88,56,89,97,85,95,99,80,65,97,93,80,56,102,102,66,94,95,94,100,66,73,73,88,60,55,78,86,80,92,95,68,89,95,57,93,93,93,93,73,92,95,NA,NA,NA,NA,NA,NA,NA
NA,NA,NA,NA,NA,NA,NA,NA,NA,NA,NA,NA,NA,NA,NA,NA,70,65,77,73,68,71,67,79,NA,69,72,72,71,82,86,64,70,79,76,80,71,68,73,82,71,71,73,70,65,71,70,73,80,82,70,70,82,77,63,64,95,77,95,70,73,96,97,73,70,95,86,NA,86,96,100,72,90,101,73,55,70,64,77,76,93,77,99,49,71,99,63,79,89,91,66,89,85,101,95,98,97,99,100,64,94,96,89,75,98,103,101,69,93,99,107,93,102,102,81,99,98,92,97,94,70,100,104,94,103,101,99,56,91,55,105,98,103,99,94,97,98,93,89,91,90,94,103,100,102,93,93,53,NA,84,85,93,63,58,96,98,96,82,82,95,89,102,87,97,95,94,94,102,95,70,90,82,93,70,93,71,84,86,69,76,66,95,63,68,95,58,92,95,81,63,92,93,74,95,NA,NA,NA,NA,NA,NA
NA,NA,NA,NA,NA,NA,NA,NA,NA,NA,NA,NA,NA,NA,NA,NA,82,72,71,69,78,79,65,80,79,76,78,72,69,72,82,73,78,71,64,60,69,82,73,67,64,73,76,73,NA,76,69,70,93,70,71,69,75,67,96,70,70,95,64,66,71,97,79,58,64,66,93,56,NA,95,77,90,63,72,58,99,90,99,NA,96,77,101,NA,76,65,49,95,61,74,98,68,95,93,68,98,95,96,103,96,97,97,97,97,94,60,75,87,101,64,55,96,70,71,93,105,99,108,103,97,97,105,106,87,102,106,107,108,104,92,106,103,103,92,95,98,89,93,55,104,59,100,94,100,62,93,89,99,94,85,89,94,93,58,78,78,58,97,99,81,92,56,60,88,NA,94,61,104,95,95,76,57,65,69,64,69,59,80,92,53,67,68,72,80,81,67,91,58,69,80,60,NA,94,NA,95,NA,NA,NA,NA,NA,NA
NA,NA,NA,NA,NA,NA,NA,NA,NA,NA,NA,NA,NA,NA,NA,NA,71,64,64,70,78,67,74,81,81,68,65,77,66,72,66,75,87,71,NA,57,69,81,73,64,73,68,68,73,70,68,68,66,72,78,75,70,96,59,64,88,75,80,73,63,64,69,66,62,102,53,76,90,56,74,101,97,53,95,69,51,101,58,104,68,100,92,105,76,99,101,100,71,88,97,NA,97,96,93,105,95,97,101,93,96,71,109,97,99,95,111,109,110,94,110,83,70,107,109,98,104,101,85,94,101,87,88,96,103,104,104,101,94,101,91,94,96,99,103,85,90,96,95,93,102,99,104,89,101,86,97,94,92,94,55,62,87,96,89,71,76,96,76,90,94,61,62,79,82,103,104,96,93,96,69,64,94,94,67,95,95,64,67,75,56,91,60,54,84,62,51,90,68,84,92,73,NA,NA,NA,95,NA,NA,NA,NA,NA
NA,NA,NA,NA,NA,NA,NA,NA,NA,NA,NA,NA,NA,NA,63,71,73,71,70,74,71,61,71,80,79,70,81,76,76,76,81,73,78,NA,86,75,69,73,74,81,60,75,68,61,70,68,62,72,72,69,70,64,75,84,66,65,63,53,62,62,72,72,97,83,63,57,96,66,85,56,68,58,53,76,101,101,96,104,101,98,75,106,106,76,76,89,91,67,95,69,80,65,96,94,96,98,62,92,100,93,81,100,95,97,83,69,79,63,97,110,62,111,102,108,98,94,104,97,105,93,61,97,112,101,99,103,95,54,95,100,106,96,90,85,99,96,89,103,102,102,82,94,98,86,85,88,96,91,94,88,89,95,89,85,58,92,94,94,100,104,93,87,93,79,58,91,103,95,93,93,60,94,65,68,69,70,101,75,65,64,56,96,63,49,59,64,62,94,66,91,60,66,NA,NA,NA,NA,NA,NA,NA,NA
NA,NA,NA,NA,NA,NA,NA,NA,NA,NA,NA,NA,NA,NA,73,NA,67,69,69,75,80,71,77,80,78,70,69,70,69,64,80,86,87,80,74,78,76,59,73,63,67,60,59,70,75,65,72,64,79,62,68,77,72,66,72,94,76,80,73,77,64,69,96,71,63,57,76,59,77,68,59,54,79,48,75,100,73,61,67,69,75,104,102,73,95,102,76,87,98,95,95,105,93,95,104,98,99,NA,65,97,68,67,97,67,68,68,95,94,97,104,93,73,93,106,92,105,99,96,105,110,59,97,59,91,106,101,104,101,101,108,103,90,86,87,90,98,98,88,100,99,100,91,51,94,85,88,101,92,97,92,78,89,89,91,54,93,100,56,94,92,93,97,87,94,101,89,56,88,62,50,96,102,69,63,68,67,71,67,96,92,95,66,55,69,62,69,65,67,61,66,59,NA,NA,NA,NA,NA,NA,NA,NA,NA
NA,NA,NA,NA,NA,NA,NA,NA,NA,NA,NA,NA,NA,NA,NA,76,76,71,71,67,NA,81,72,84,84,89,77,71,73,69,66,69,73,65,66,74,75,73,63,92,80,71,67,74,66,64,69,75,79,92,75,91,60,63,62,56,76,61,56,72,69,64,78,69,74,58,88,64,63,86,59,60,NA,50,50,76,96,65,77,69,96,77,67,76,102,101,66,93,88,96,84,98,83,97,96,106,81,95,98,70,65,80,99,95,53,71,96,87,97,110,97,94,102,67,94,103,92,80,104,96,112,91,89,89,60,104,59,108,87,103,96,53,105,85,99,95,96,87,93,NA,94,86,56,103,61,58,92,83,66,95,56,94,94,93,58,94,85,54,55,86,85,67,90,55,93,94,70,93,92,96,93,58,101,69,64,102,101,86,95,56,92,50,62,50,48,70,68,68,54,58,70,NA,NA,NA,NA,NA,NA,NA,NA,NA
NA,NA,NA,NA,NA,NA,NA,NA,NA,NA,NA,NA,NA,NA,NA,NA,NA,70,61,68,NA,67,65,64,61,65,83,80,74,69,63,65,70,73,68,93,72,62,93,69,70,73,83,67,82,63,65,69,67,66,77,61,67,75,85,65,69,62,75,73,71,84,63,66,62,57,62,77,93,73,71,66,73,73,76,62,49,63,58,69,68,85,71,76,97,94,90,93,68,92,95,66,96,64,94,99,90,95,105,103,84,59,93,90,94,71,95,61,95,68,112,104,80,109,109,91,109,106,91,112,106,105,107,60,93,106,96,94,94,97,103,94,87,85,99,95,93,90,101,92,103,89,56,99,102,97,NA,92,59,76,104,61,94,83,85,85,101,101,101,89,87,54,83,90,85,61,91,94,67,70,93,56,69,104,104,64,71,59,75,92,92,58,50,83,68,63,62,81,78,70,NA,NA,NA,NA,NA,NA,NA,NA,NA,NA
NA,NA,NA,NA,NA,NA,NA,NA,NA,NA,NA,NA,NA,NA,NA,NA,NA,69,71,61,67,70,66,64,69,80,70,82,75,76,84,70,82,75,62,70,78,63,70,70,71,70,70,67,73,71,70,78,60,77,70,72,72,72,86,69,71,64,70,58,59,59,NA,96,59,57,57,60,74,67,94,101,58,100,73,70,75,56,101,69,68,71,69,106,89,102,96,102,97,68,103,85,103,96,99,97,96,105,94,101,95,97,99,97,94,100,99,99,102,66,80,89,101,91,92,70,66,103,76,96,105,70,94,60,108,96,59,100,95,95,85,52,90,95,69,85,88,112,79,NA,96,102,100,104,91,92,104,87,94,94,61,94,85,56,90,85,75,88,93,94,85,71,75,90,67,93,62,69,54,57,60,102,96,103,93,77,76,95,91,64,64,56,65,51,60,55,61,91,NA,91,62,NA,NA,NA,NA,NA,NA,NA,NA,NA
NA,NA,NA,NA,NA,NA,NA,NA,NA,NA,NA,NA,NA,NA,NA,NA,NA,NA,84,68,NA,67,63,65,60,72,63,76,72,69,NA,69,70,66,75,75,64,65,74,73,65,65,64,70,69,85,64,68,67,59,64,78,72,86,63,78,68,72,71,106,76,81,74,92,85,58,60,82,66,67,62,96,52,67,62,100,77,NA,89,69,71,69,93,66,69,89,78,94,67,94,68,96,101,84,96,98,95,66,100,76,79,98,95,95,67,95,101,112,61,78,55,97,93,101,103,114,80,106,59,86,106,107,77,108,95,82,96,114,98,102,94,94,107,84,96,88,89,103,94,98,102,99,92,99,102,90,89,92,94,89,89,87,94,92,90,62,93,91,89,91,92,93,84,94,58,68,92,93,66,72,57,95,56,103,103,68,69,58,70,58,50,61,NA,57,51,83,63,63,62,69,NA,NA,NA,NA,NA,NA,NA,NA,NA,NA
NA,NA,NA,NA,NA,NA,NA,NA,NA,NA,NA,NA,NA,NA,NA,NA,NA,72,67,68,66,68,72,83,78,79,83,72,66,75,68,65,73,73,63,67,65,67,64,63,79,68,67,67,68,72,68,67,69,71,75,60,68,68,68,71,66,73,68,71,73,66,83,67,64,65,NA,58,75,82,58,67,63,58,100,70,56,71,86,81,69,96,94,71,86,88,66,90,90,94,96,61,101,105,106,95,97,105,105,97,96,94,82,95,78,91,58,94,75,73,95,54,95,109,64,104,109,99,95,100,63,78,93,94,95,95,93,96,99,96,114,102,113,84,65,94,79,96,103,104,72,86,93,93,93,94,95,89,89,53,89,93,92,98,98,93,61,91,89,90,94,58,75,NA,73,91,96,92,104,57,NA,94,76,63,59,72,70,62,71,65,91,57,63,85,NA,62,51,63,65,64,62,NA,NA,NA,NA,NA,NA,NA,NA,NA
NA,NA,NA,NA,NA,NA,NA,NA,NA,NA,NA,NA,NA,NA,NA,NA,NA,NA,61,65,68,86,66,72,82,73,71,NA,76,67,83,78,69,67,88,73,78,80,67,67,63,61,80,67,64,66,73,73,62,71,71,68,64,56,58,72,73,73,72,72,70,61,97,61,94,61,69,88,62,64,64,61,60,71,NA,87,77,98,71,86,97,103,105,104,78,78,59,98,70,92,95,89,80,99,96,101,96,82,94,108,101,58,102,107,76,92,68,95,94,82,102,100,95,91,63,66,101,111,81,90,92,95,108,94,94,NA,97,94,92,83,52,95,106,96,104,90,104,96,78,57,64,92,92,50,94,53,61,73,76,93,92,61,92,78,94,93,96,86,89,95,92,91,91,55,69,96,93,66,96,100,59,94,75,47,93,58,59,94,67,58,95,92,57,63,NA,61,69,NA,NA,62,NA,NA,NA,NA,NA,NA,NA,NA,NA,NA
NA,NA,NA,NA,NA,NA,NA,NA,NA,NA,NA,NA,NA,NA,NA,NA,NA,NA,NA,NA,NA,70,83,63,69,65,74,89,59,71,66,66,75,93,71,60,NA,75,67,NA,61,66,72,74,83,68,73,70,68,76,68,64,73,67,71,72,64,85,62,77,69,56,66,62,66,70,69,NA,70,85,66,63,103,84,62,87,78,NA,105,69,98,88,102,94,105,89,80,91,96,102,81,92,95,97,98,98,69,96,82,97,109,102,81,67,96,89,98,99,72,66,96,80,108,94,102,95,55,93,92,99,98,82,93,102,91,54,99,NA,97,95,94,111,97,65,95,95,67,90,53,91,101,82,92,99,93,86,108,105,92,77,92,59,94,59,93,100,94,93,94,88,91,75,89,95,92,92,95,73,66,47,94,95,63,54,61,NA,59,59,63,62,92,58,96,64,66,64,83,57,66,59,NA,NA,NA,NA,NA,NA,NA,NA,NA,NA
NA,NA,NA,NA,NA,NA,NA,NA,NA,NA,NA,NA,NA,NA,NA,NA,NA,NA,NA,NA,NA,65,62,63,65,79,61,72,83,65,60,66,75,72,74,72,71,75,60,73,69,85,73,74,72,68,82,82,77,61,66,72,65,73,66,69,59,61,63,NA,57,64,69,62,103,71,72,65,61,58,71,58,100,103,63,70,67,52,58,98,73,65,78,96,87,97,97,96,96,93,94,78,80,99,81,96,98,100,57,89,109,82,90,56,101,110,110,98,93,98,95,102,75,104,106,112,80,94,94,106,93,105,95,98,93,94,91,98,98,97,97,112,NA,100,94,95,88,67,70,90,91,93,94,51,79,95,93,62,94,94,60,95,101,67,93,89,59,93,89,86,59,90,92,55,93,60,93,104,59,64,93,100,61,69,53,101,69,89,93,56,60,96,92,96,64,55,98,98,NA,NA,NA,NA,NA,NA,NA,NA,NA,NA,NA,NA
NA,NA,NA,NA,NA,NA,NA,NA,NA,NA,NA,NA,NA,NA,NA,NA,NA,NA,NA,NA,65,NA,82,83,82,78,76,67,83,69,59,77,64,65,72,77,80,78,70,70,74,70,79,57,73,65,71,74,74,60,72,72,70,NA,64,67,73,59,72,66,99,102,67,63,55,58,67,106,67,71,61,63,104,74,71,58,78,97,97,97,98,57,92,91,98,97,98,82,92,68,100,98,69,90,55,61,94,76,97,76,94,98,83,83,97,100,98,71,99,93,96,78,79,101,94,96,105,104,108,94,71,95,62,93,95,107,102,95,97,103,112,98,103,95,102,99,95,88,99,98,92,101,77,93,90,90,63,74,94,94,93,94,101,NA,61,95,82,91,96,88,72,64,95,94,96,93,93,59,100,55,95,94,60,62,63,102,59,68,64,51,67,56,65,94,101,57,54,65,NA,NA,NA,NA,NA,NA,NA,NA,NA,NA,NA,NA
NA,NA,NA,NA,NA,NA,NA,NA,NA,NA,NA,NA,NA,NA,NA,NA,NA,NA,NA,NA,83,62,71,72,72,78,71,65,78,65,77,81,69,68,74,69,70,79,76,69,65,70,71,71,59,74,NA,74,66,64,72,69,55,67,66,62,61,68,65,91,53,66,65,67,67,71,67,95,82,99,68,105,57,83,81,110,92,97,95,70,104,103,103,104,98,98,66,76,103,96,96,98,96,83,94,65,100,92,93,92,90,100,90,97,89,72,95,94,93,106,101,98,86,102,104,111,94,108,96,77,71,62,97,108,82,53,103,102,95,95,102,112,88,112,85,110,96,98,NA,99,108,110,94,79,70,97,57,76,76,97,97,94,95,61,92,69,96,99,87,62,96,93,91,92,95,NA,96,94,95,102,59,45,61,52,53,63,97,94,57,70,56,91,94,64,52,66,97,67,59,62,56,62,NA,NA,NA,NA,NA,NA,NA,NA
NA,NA,NA,NA,NA,NA,NA,NA,NA,NA,NA,NA,NA,NA,NA,NA,NA,NA,NA,83,71,62,89,72,80,73,68,68,68,80,77,68,76,76,67,75,67,67,73,75,74,60,67,74,71,74,66,74,NA,66,72,64,57,81,64,64,65,71,91,102,71,102,69,86,101,79,84,102,95,90,104,105,62,74,93,105,68,105,78,67,73,57,96,63,84,93,66,87,103,93,99,100,100,83,99,99,NA,98,98,98,97,58,56,106,52,56,106,92,98,95,100,99,65,75,106,111,94,96,99,106,92,106,90,94,96,95,99,99,109,95,105,91,96,96,94,51,70,96,96,94,101,68,94,94,90,94,92,91,91,NA,78,98,56,69,60,66,97,94,90,85,68,98,64,102,86,87,96,85,94,66,60,85,66,99,65,62,63,101,55,57,56,66,68,93,52,65,66,65,NA,NA,NA,NA,NA,NA,NA,NA,NA,NA,NA,NA
NA,NA,NA,NA,NA,NA,NA,NA,NA,NA,NA,NA,NA,NA,NA,NA,NA,NA,NA,NA,NA,86,66,83,86,80,74,80,82,90,77,79,77,59,69,73,75,NA,NA,76,68,73,74,71,72,67,65,72,67,72,63,67,68,57,NA,73,NA,73,65,69,70,82,106,97,107,57,63,63,62,65,69,76,93,80,47,90,58,100,100,83,101,79,90,79,95,98,105,94,103,93,91,100,93,91,99,58,NA,102,99,98,79,97,98,89,97,70,93,73,64,106,92,93,96,111,59,78,100,94,107,102,100,94,90,105,100,95,90,99,96,65,98,103,NA,93,107,67,95,95,99,80,101,99,99,101,96,96,77,60,91,95,93,61,94,98,94,97,97,60,99,92,71,86,92,71,91,91,99,63,103,90,95,85,59,52,65,58,62,88,57,73,66,101,65,55,65,60,NA,64,65,NA,NA,NA,NA,NA,NA,NA,NA,NA,NA,NA
NA,NA,NA,NA,NA,NA,NA,NA,NA,NA,NA,NA,NA,NA,NA,NA,NA,NA,NA,NA,NA,NA,73,86,72,62,89,65,78,91,78,86,77,70,77,88,59,73,67,62,68,68,68,74,72,72,69,74,72,75,75,62,73,68,NA,68,69,69,67,77,70,60,68,107,60,68,68,92,60,68,78,104,70,86,103,71,108,49,100,88,103,97,90,91,67,89,80,98,94,NA,94,95,82,105,96,101,82,90,81,110,90,90,95,97,93,98,92,92,93,93,105,105,92,93,60,84,96,94,105,103,95,91,103,98,62,108,53,106,99,81,100,92,91,92,96,100,94,98,96,95,93,58,102,100,68,93,93,94,72,95,60,75,61,60,93,85,94,59,91,NA,95,64,92,51,100,100,93,87,94,99,60,65,93,63,52,95,56,51,67,92,55,NA,64,70,51,65,60,NA,NA,NA,NA,NA,NA,NA,NA,NA,NA,NA,NA,NA
NA,NA,NA,NA,NA,NA,NA,NA,NA,NA,NA,NA,NA,NA,NA,NA,NA,NA,NA,NA,NA,NA,60,86,NA,71,80,81,80,91,72,86,58,89,69,67,75,59,70,73,73,70,74,67,77,74,NA,66,68,74,72,67,68,80,67,65,66,56,77,66,62,68,104,71,53,101,68,65,75,92,98,93,64,97,110,87,94,67,71,57,58,90,79,90,95,79,70,81,98,94,89,100,72,105,100,71,65,90,110,64,97,52,93,70,95,101,99,90,98,89,98,94,92,95,94,74,62,97,105,103,84,108,94,96,56,53,90,95,98,63,107,94,96,90,65,53,94,91,67,98,98,96,97,77,62,57,58,92,78,60,95,75,94,93,94,76,60,95,95,93,97,73,95,64,92,98,60,92,102,74,96,60,68,92,58,60,57,93,95,70,58,53,63,65,67,84,60,60,NA,NA,NA,NA,NA,NA,NA,NA,NA,NA,NA,NA
NA,NA,NA,NA,NA,NA,NA,NA,NA,NA,NA,NA,NA,NA,NA,NA,NA,NA,NA,NA,NA,NA,NA,61,65,NA,81,60,72,74,67,67,79,90,78,67,73,74,76,76,59,68,77,68,75,68,NA,77,68,67,66,62,65,66,68,69,56,66,98,76,66,72,91,90,64,77,84,71,83,93,93,107,67,57,73,65,68,93,101,94,94,70,71,58,71,79,93,94,88,96,105,105,NA,105,97,94,99,98,99,94,87,108,89,108,56,90,100,61,91,77,83,100,94,NA,75,95,94,63,106,61,99,100,86,99,86,48,106,105,57,94,97,58,98,91,99,91,108,67,96,109,65,87,96,90,100,97,93,95,90,94,107,94,75,99,97,101,94,93,98,92,93,92,97,100,94,86,66,52,60,63,58,99,92,68,60,58,94,58,73,103,96,69,64,69,52,67,69,NA,NA,NA,NA,NA,NA,NA,NA,NA,NA,NA,NA,NA
NA,NA,NA,NA,NA,NA,NA,NA,NA,NA,NA,NA,NA,NA,NA,NA,NA,NA,NA,NA,NA,NA,NA,NA,75,61,85,65,75,90,90,67,72,87,70,75,74,62,72,72,73,68,60,76,77,58,73,67,72,55,65,73,61,69,66,65,66,66,77,86,77,65,91,100,80,67,76,79,85,102,105,60,100,97,97,92,99,103,78,94,96,104,71,58,96,82,96,93,102,57,92,102,100,98,94,97,98,97,101,94,102,106,105,108,70,93,66,86,102,92,65,64,97,92,102,67,57,63,97,56,104,103,74,77,92,95,92,88,97,94,96,66,95,111,94,64,97,61,93,96,94,94,108,108,70,90,92,95,67,95,92,94,92,94,93,96,93,76,92,93,108,93,97,NA,62,57,86,93,68,93,101,60,54,66,52,57,60,71,100,100,63,66,63,59,84,100,NA,65,NA,NA,NA,NA,NA,NA,NA,NA,NA,NA,NA,NA
NA,NA,NA,NA,NA,NA,NA,NA,NA,NA,NA,NA,NA,NA,NA,NA,NA,NA,NA,NA,NA,NA,NA,81,NA,81,61,84,71,69,76,76,67,76,75,71,75,62,65,62,73,74,58,84,71,70,55,83,75,69,70,65,71,66,NA,64,58,75,69,66,73,54,NA,98,75,100,104,68,64,82,79,74,99,98,109,47,99,76,101,71,58,89,63,87,103,82,98,94,80,102,98,100,64,106,105,101,102,81,99,98,64,90,90,99,98,99,83,106,104,93,93,59,93,87,97,93,109,59,61,96,92,96,90,95,95,80,98,106,91,103,92,90,93,91,90,75,96,74,75,96,96,61,95,93,92,89,92,63,88,91,88,88,85,101,80,71,99,98,92,NA,59,94,90,92,56,97,52,97,91,101,63,99,62,99,101,99,53,62,53,65,93,64,55,64,97,72,93,63,NA,NA,NA,NA,NA,NA,NA,NA,NA,NA,NA,NA
NA,NA,NA,NA,NA,NA,NA,NA,NA,NA,NA,NA,NA,NA,NA,NA,NA,NA,NA,NA,NA,NA,NA,NA,58,NA,77,73,90,60,79,78,NA,69,87,66,70,69,66,77,67,73,68,71,69,65,75,70,66,71,62,63,65,68,58,65,62,62,67,72,62,70,100,63,89,99,82,58,105,88,101,102,75,74,96,58,89,99,100,99,NA,93,100,80,93,93,82,49,102,96,102,88,96,75,95,96,86,109,99,100,103,65,103,99,100,73,99,86,70,96,105,94,94,93,76,87,110,98,104,59,66,100,96,90,59,107,94,63,93,NA,89,87,60,NA,94,90,97,99,75,98,NA,93,61,96,109,86,97,98,NA,67,79,94,91,97,82,80,77,94,57,72,95,94,100,60,90,100,69,94,90,55,94,98,98,98,60,71,93,67,93,66,64,51,64,69,52,72,64,98,NA,NA,NA,NA,NA,NA,NA,NA,NA,NA,NA,NA
NA,NA,NA,NA,NA,NA,NA,NA,NA,NA,NA,NA,NA,NA,NA,NA,NA,NA,NA,NA,NA,NA,NA,68,NA,NA,70,NA,74,73,87,60,68,81,62,73,70,72,69,74,70,68,68,68,66,73,73,65,72,68,63,60,68,64,63,58,60,69,67,84,66,67,102,102,61,100,61,59,56,101,98,100,89,101,76,NA,100,NA,76,101,96,70,91,102,73,92,104,96,94,98,64,86,99,89,96,105,100,80,105,93,100,107,101,99,89,107,102,93,97,59,106,78,86,82,95,106,96,110,95,95,78,55,90,96,70,98,108,94,63,75,96,96,90,100,102,89,95,101,64,113,98,93,95,95,86,95,68,94,70,94,97,94,79,63,57,94,91,99,73,94,66,78,60,91,92,61,94,97,97,96,72,97,99,93,55,64,98,59,91,97,94,96,NA,53,53,66,NA,98,NA,NA,NA,NA,NA,NA,NA,NA,NA,NA,NA,NA
NA,NA,NA,NA,NA,NA,NA,NA,NA,NA,NA,NA,NA,NA,NA,NA,NA,NA,NA,NA,NA,NA,NA,NA,NA,NA,NA,84,81,69,71,74,76,81,85,67,67,85,NA,69,74,77,77,71,85,74,66,74,74,85,85,63,71,NA,69,58,71,66,84,64,87,65,98,65,69,73,104,64,64,104,78,75,99,99,NA,87,67,87,100,97,89,95,95,103,80,106,72,97,106,98,74,74,105,91,103,103,91,78,NA,92,91,93,81,65,107,85,88,86,84,102,90,95,84,94,95,102,79,70,102,93,93,99,95,91,56,80,84,89,93,71,65,96,102,94,80,63,94,60,81,93,93,88,91,95,92,94,75,98,93,87,103,63,95,64,92,92,76,98,98,78,94,59,84,103,60,54,64,69,60,99,94,68,98,60,60,62,55,98,63,59,58,69,55,55,63,71,67,NA,NA,NA,NA,NA,NA,NA,NA,NA,NA,NA,NA,NA
NA,NA,NA,NA,NA,NA,NA,NA,NA,NA,NA,NA,NA,NA,NA,NA,NA,NA,NA,NA,NA,NA,NA,NA,NA,NA,91,71,77,90,68,91,77,85,68,62,77,62,69,72,70,71,85,70,71,67,85,85,71,63,67,70,67,67,63,59,61,62,76,76,67,60,55,60,68,100,77,64,66,66,100,102,78,75,75,68,98,102,103,57,75,NA,102,104,73,98,103,98,100,81,105,106,103,101,105,95,94,103,92,71,87,77,64,86,89,87,76,89,89,104,103,86,71,106,93,102,95,65,92,107,109,96,74,95,95,90,NA,90,96,89,99,99,99,62,81,94,95,47,60,84,88,92,87,61,55,79,79,103,87,94,98,72,110,96,72,101,91,94,90,91,102,84,86,103,94,94,95,NA,97,71,67,98,55,101,68,55,68,72,98,62,59,58,91,NA,70,71,NA,NA,NA,NA,NA,NA,NA,NA,NA,NA,NA,NA,NA,NA
NA,NA,NA,NA,NA,NA,NA,NA,NA,NA,NA,NA,NA,NA,NA,NA,NA,NA,NA,NA,NA,NA,NA,NA,NA,NA,81,77,83,69,70,70,77,86,61,70,72,73,65,73,69,75,68,62,67,74,67,69,67,63,74,73,68,72,63,66,71,112,67,86,99,99,63,57,81,103,73,85,97,99,100,81,100,81,90,49,76,98,102,103,103,82,101,65,64,95,84,93,98,94,102,96,67,106,100,76,81,100,104,107,98,78,93,87,62,93,92,90,90,65,99,105,107,101,101,106,106,99,95,92,57,66,104,58,93,96,108,83,94,57,98,89,63,113,67,75,63,92,99,99,104,105,102,104,66,102,97,97,62,102,104,104,87,91,95,95,57,57,98,85,94,96,97,59,64,79,99,94,84,91,79,62,99,87,98,60,57,98,58,56,58,63,72,97,NA,NA,NA,NA,NA,NA,NA,NA,NA,NA,NA,NA,NA,NA,NA,NA
NA,NA,NA,NA,NA,NA,NA,NA,NA,NA,NA,NA,NA,NA,NA,NA,NA,NA,NA,NA,NA,NA,NA,NA,NA,NA,79,81,69,75,61,77,70,84,74,69,69,77,66,74,78,74,90,67,77,67,72,88,69,71,72,68,63,69,64,79,77,71,79,54,64,60,89,63,68,79,83,81,103,94,98,79,75,79,75,75,101,100,91,102,88,97,59,91,97,101,93,103,95,NA,71,101,104,80,74,91,103,76,73,99,102,87,105,85,88,90,90,71,105,92,103,107,83,56,93,106,92,65,107,93,61,85,107,108,105,99,65,106,90,87,91,96,104,58,100,92,54,77,84,104,104,102,105,77,106,66,94,57,66,94,99,93,90,93,NA,99,66,97,102,78,83,100,92,99,67,53,100,94,91,97,94,100,53,56,63,64,96,99,55,69,97,64,59,NA,NA,NA,NA,NA,NA,NA,NA,NA,NA,NA,NA,NA,NA,NA,NA,NA
NA,NA,NA,NA,NA,NA,NA,NA,NA,NA,NA,NA,NA,NA,NA,NA,NA,NA,NA,NA,NA,NA,NA,NA,NA,NA,NA,65,78,74,65,76,76,61,75,87,75,83,75,75,75,69,69,73,71,69,67,73,59,68,67,68,76,61,63,54,76,65,77,77,66,77,64,65,67,62,61,100,105,103,100,66,87,79,73,75,95,77,96,100,94,98,71,107,57,97,97,80,71,107,102,101,100,94,95,98,103,105,63,70,105,99,78,103,101,95,91,97,87,105,64,104,97,93,86,63,72,83,95,58,102,93,94,98,98,92,66,98,91,91,93,90,94,87,85,60,103,92,105,92,NA,102,106,54,96,86,91,103,57,99,62,93,110,92,94,70,93,96,87,99,89,85,92,55,56,92,59,70,61,100,62,63,89,62,59,101,96,101,61,54,65,97,64,57,NA,NA,NA,NA,NA,NA,NA,NA,NA,NA,NA,NA,NA,NA,NA,NA
NA,NA,NA,NA,NA,NA,NA,NA,NA,NA,NA,NA,NA,NA,NA,NA,NA,NA,NA,NA,NA,NA,NA,NA,NA,NA,80,NA,73,76,81,65,75,76,77,87,85,72,77,90,73,74,85,72,64,67,68,71,69,62,67,68,63,63,75,60,67,72,78,75,60,84,62,67,67,59,67,61,76,86,76,95,101,100,65,101,101,103,84,96,96,88,71,95,102,92,101,86,98,104,102,101,102,77,87,87,94,105,91,96,100,107,NA,92,90,83,92,95,98,84,109,109,85,102,102,98,63,57,100,58,93,94,107,99,81,68,94,57,100,70,71,87,92,98,90,94,91,97,61,98,56,91,93,87,93,102,100,97,97,63,93,99,102,87,87,103,91,101,92,93,86,56,97,94,68,94,99,97,100,52,52,51,60,60,97,99,58,66,66,97,99,62,64,52,NA,NA,NA,NA,NA,NA,NA,NA,NA,NA,NA,NA,NA,NA,NA,NA
NA,NA,NA,NA,NA,NA,NA,NA,NA,NA,NA,NA,NA,NA,NA,NA,NA,NA,NA,NA,NA,NA,NA,NA,NA,NA,NA,75,76,76,74,75,NA,72,75,NA,74,73,59,72,70,70,72,72,73,69,64,69,69,62,66,68,73,66,70,74,65,66,81,63,77,93,70,72,67,64,91,59,78,80,77,100,75,102,101,102,102,103,75,86,77,102,95,107,91,93,101,103,104,106,64,102,95,112,109,82,99,91,100,64,104,85,92,102,92,101,86,83,95,89,86,92,90,90,109,101,102,95,94,57,93,101,67,100,95,81,88,100,61,63,77,103,102,102,60,60,103,64,78,64,57,96,96,108,86,102,92,64,91,89,51,57,57,111,103,99,51,96,95,100,62,NA,68,89,99,68,66,NA,94,58,68,60,92,65,88,NA,60,62,66,89,70,NA,NA,NA,58,NA,NA,NA,NA,NA,NA,NA,NA,NA,NA,NA,NA,NA,NA,NA
NA,NA,NA,NA,NA,NA,NA,NA,NA,NA,NA,NA,NA,NA,NA,NA,NA,NA,NA,NA,NA,NA,NA,NA,NA,NA,NA,NA,67,76,77,87,75,75,72,89,75,72,88,76,75,70,66,74,73,77,80,67,78,66,70,69,82,66,60,65,67,67,93,70,114,67,66,70,63,67,57,92,99,63,77,100,75,85,95,99,95,101,66,91,99,92,103,100,97,103,105,104,97,108,95,112,99,94,96,101,101,94,108,100,99,99,106,81,99,94,111,82,87,57,87,70,65,100,108,108,80,90,101,97,62,62,108,96,66,91,83,91,90,98,96,103,99,67,80,95,58,105,95,92,92,86,104,90,102,95,93,78,93,93,96,92,95,98,111,85,52,100,60,101,64,96,65,NA,66,93,52,51,51,90,99,94,59,101,64,64,63,64,65,65,56,97,58,NA,NA,NA,NA,NA,NA,NA,NA,NA,NA,NA,NA,NA,NA,NA,NA,NA
NA,NA,NA,NA,NA,NA,NA,NA,NA,NA,NA,NA,NA,NA,NA,NA,NA,NA,NA,NA,NA,NA,NA,NA,NA,NA,NA,NA,NA,77,NA,76,74,72,59,71,69,61,70,70,63,73,66,67,80,65,67,68,78,66,70,82,66,62,71,69,65,72,71,NA,60,66,57,76,NA,87,81,87,116,60,105,96,80,73,86,99,94,98,88,100,100,93,77,104,107,99,94,103,98,95,95,94,100,95,79,93,98,79,108,96,109,112,77,78,95,90,90,86,95,87,91,83,100,98,101,94,100,100,92,98,83,78,97,95,78,96,91,84,70,77,68,95,98,81,105,92,58,60,92,57,96,64,104,98,103,NA,95,90,93,85,93,97,90,98,90,85,102,51,91,101,90,71,69,65,96,92,66,94,102,71,50,96,64,93,63,68,66,57,62,NA,NA,NA,NA,NA,NA,NA,NA,NA,NA,NA,NA,NA,NA,NA,NA,NA,NA,NA,NA,NA
NA,NA,NA,NA,NA,NA,NA,NA,NA,NA,NA,NA,NA,NA,NA,NA,NA,NA,NA,NA,NA,NA,NA,NA,NA,NA,NA,NA,NA,67,NA,NA,74,NA,NA,73,72,73,86,71,85,65,86,69,68,77,66,74,67,63,70,66,63,69,75,70,70,62,63,68,84,77,53,105,78,115,77,102,81,60,96,71,70,101,86,66,100,95,100,NA,66,66,83,100,98,94,106,102,71,101,97,110,101,73,107,54,95,89,80,109,93,103,99,106,100,59,66,90,95,98,87,102,102,82,91,101,97,72,72,101,95,69,92,67,98,58,67,78,90,98,105,73,105,57,92,77,93,87,92,114,NA,102,57,57,47,103,98,89,63,56,74,60,94,62,94,100,61,99,52,50,69,61,93,65,68,70,95,59,92,64,63,63,88,69,99,101,60,93,93,NA,NA,NA,NA,NA,NA,NA,NA,NA,NA,NA,NA,NA,NA,NA,NA,NA,NA,NA,NA,NA
NA,NA,NA,NA,NA,NA,NA,NA,NA,NA,NA,NA,NA,NA,NA,NA,NA,NA,NA,NA,NA,NA,NA,NA,NA,NA,NA,NA,NA,NA,NA,NA,NA,NA,NA,NA,86,62,72,58,69,69,73,66,67,63,67,67,70,67,61,73,57,66,81,65,67,67,58,65,87,104,64,105,78,57,59,91,116,81,72,95,106,101,84,76,95,65,78,102,106,86,66,100,92,89,90,86,100,100,93,76,106,93,106,110,98,91,103,75,100,105,75,70,72,111,90,105,105,86,102,97,107,62,99,102,110,92,96,95,72,81,92,94,58,80,90,99,67,95,61,57,102,63,67,91,69,93,93,57,86,102,89,94,93,60,59,94,94,99,93,94,95,63,95,102,60,62,68,56,78,60,65,86,66,66,70,66,88,92,101,102,56,88,64,66,101,95,66,91,NA,NA,NA,NA,NA,NA,NA,NA,NA,NA,NA,NA,NA,NA,NA,NA,NA,NA,NA,NA
NA,NA,NA,NA,NA,NA,NA,NA,NA,NA,NA,NA,NA,NA,NA,NA,NA,NA,NA,NA,NA,NA,NA,NA,NA,NA,NA,NA,NA,NA,NA,NA,NA,NA,NA,73,88,65,63,86,66,NA,85,88,79,67,61,67,67,64,69,74,65,68,68,66,69,70,78,54,87,68,68,55,75,78,69,61,70,79,69,105,106,62,93,68,98,102,70,102,98,98,86,83,107,97,101,101,86,95,86,101,51,98,92,91,103,89,103,98,87,80,91,101,89,112,89,107,92,104,87,97,96,64,57,80,97,96,56,100,80,73,81,79,96,92,98,91,61,68,97,59,78,91,100,96,85,83,93,56,97,102,77,85,93,86,86,95,55,90,58,99,88,99,100,98,94,57,60,93,100,68,100,100,65,59,78,95,88,93,95,58,92,100,64,90,88,60,92,NA,NA,NA,NA,NA,NA,NA,NA,NA,NA,NA,NA,NA,NA,NA,NA,NA,NA,NA,NA,NA
NA,NA,NA,NA,NA,NA,NA,NA,NA,NA,NA,NA,NA,NA,NA,NA,NA,NA,NA,NA,NA,NA,NA,NA,NA,NA,NA,NA,NA,NA,NA,NA,NA,NA,NA,NA,63,72,65,73,86,68,NA,68,68,64,68,69,66,67,67,72,69,68,63,63,74,63,63,58,54,68,77,85,77,88,67,70,57,70,70,69,81,73,55,104,101,83,96,73,89,101,99,107,78,99,95,102,74,74,94,95,94,107,111,95,98,98,98,95,105,103,75,90,109,99,98,111,107,113,95,107,116,62,105,95,96,91,91,86,98,85,86,99,85,94,92,78,68,99,68,91,99,67,61,90,92,91,58,68,54,94,67,60,53,91,63,110,65,93,NA,58,66,63,99,67,67,61,65,100,68,51,94,92,90,88,55,68,102,93,85,62,71,101,68,91,101,101,60,92,NA,NA,NA,NA,NA,NA,NA,NA,NA,NA,NA,NA,NA,NA,NA,NA,NA,NA,NA,NA
NA,NA,NA,NA,NA,NA,NA,NA,NA,NA,NA,NA,NA,NA,NA,NA,NA,NA,NA,NA,NA,NA,NA,NA,NA,NA,NA,NA,NA,NA,NA,NA,NA,NA,NA,72,65,72,73,82,69,89,65,73,67,64,62,62,65,66,67,76,61,72,69,62,71,72,71,73,52,113,111,105,81,NA,68,64,74,102,67,104,98,101,103,93,NA,101,102,80,95,76,102,98,106,83,92,100,107,101,94,78,99,92,98,74,102,112,95,103,103,101,103,98,101,NA,112,101,101,94,95,98,94,96,75,77,98,89,91,56,89,86,77,85,NA,98,75,66,99,96,96,91,86,51,85,96,57,92,94,70,70,59,55,58,77,90,63,61,109,65,61,57,66,91,66,89,63,89,90,100,90,71,94,65,99,100,102,61,100,94,70,65,92,65,63,101,88,66,NA,NA,NA,NA,NA,NA,NA,NA,NA,NA,NA,NA,NA,NA,NA,NA,NA,NA,NA,NA,NA,NA
NA,NA,NA,NA,NA,NA,NA,NA,NA,NA,NA,NA,NA,NA,NA,NA,NA,NA,NA,NA,NA,NA,NA,NA,NA,NA,NA,NA,NA,NA,NA,NA,NA,NA,NA,NA,NA,65,65,64,74,65,89,64,76,70,73,68,73,71,78,62,69,70,69,71,65,66,64,70,74,68,88,78,111,111,66,76,83,84,69,105,59,62,65,88,101,66,62,92,95,98,91,98,72,100,96,90,100,93,104,108,103,89,111,100,94,104,95,103,87,115,112,112,112,83,109,81,112,102,100,115,111,96,80,80,98,59,96,97,97,87,92,91,99,98,98,94,94,95,59,94,98,98,69,98,58,NA,98,97,85,55,58,56,91,60,62,63,109,58,94,99,62,93,92,89,67,58,80,55,59,64,82,86,67,99,89,61,102,90,90,93,100,100,94,91,NA,NA,96,NA,NA,NA,NA,NA,NA,NA,NA,NA,NA,NA,NA,NA,NA,NA,NA,NA,NA,NA,NA,NA
NA,NA,NA,NA,NA,NA,NA,NA,NA,NA,NA,NA,NA,NA,NA,NA,NA,NA,NA,NA,NA,NA,NA,NA,NA,NA,NA,NA,NA,NA,NA,NA,NA,NA,NA,74,73,74,64,62,74,62,72,69,65,73,79,69,67,69,67,72,65,71,69,70,58,72,69,78,65,67,64,92,77,64,68,92,102,60,58,60,90,75,93,93,103,80,79,91,92,73,92,58,101,97,89,103,77,98,103,98,78,111,100,103,101,108,111,72,108,108,83,102,117,99,65,104,109,66,110,115,111,91,90,89,101,89,91,85,98,68,98,68,104,95,90,91,87,87,79,79,66,69,95,88,89,96,96,65,NA,71,68,100,86,86,99,54,95,94,91,89,76,100,56,76,71,62,95,66,69,63,60,93,70,89,61,100,102,70,93,85,64,90,91,58,63,NA,NA,NA,NA,NA,NA,NA,NA,NA,NA,NA,NA,NA,NA,NA,NA,NA,NA,NA,NA,NA,NA,NA
NA,NA,NA,NA,NA,NA,NA,NA,NA,NA,NA,NA,NA,NA,NA,NA,NA,NA,NA,NA,NA,NA,NA,NA,NA,NA,NA,NA,NA,NA,NA,NA,NA,NA,65,NA,65,65,65,NA,76,65,67,72,61,80,NA,72,66,77,73,71,72,70,66,71,66,73,67,66,94,63,77,60,111,66,85,77,111,77,85,65,71,76,59,58,101,92,93,76,90,100,100,93,93,102,97,73,65,93,92,101,102,103,103,97,105,NA,99,98,114,109,115,110,86,95,76,111,100,109,91,109,54,116,66,99,97,97,92,96,NA,95,57,95,94,96,92,99,96,78,97,73,59,61,62,78,59,51,68,69,NA,58,98,99,90,53,90,60,86,60,60,63,56,53,96,92,101,54,94,95,94,95,85,90,89,60,58,60,96,91,68,94,90,93,89,91,NA,NA,NA,NA,NA,NA,NA,NA,NA,NA,NA,NA,NA,NA,NA,NA,NA,NA,NA,NA,NA,NA,NA,NA
NA,NA,NA,NA,NA,NA,NA,NA,NA,NA,NA,NA,NA,NA,NA,NA,NA,NA,NA,NA,NA,NA,NA,NA,NA,NA,NA,NA,NA,NA,NA,NA,NA,NA,NA,NA,NA,74,73,73,NA,83,83,72,76,73,65,67,73,73,67,69,76,70,71,70,60,68,66,66,68,65,66,58,57,66,68,67,102,NA,65,70,75,80,60,60,59,98,64,91,57,92,92,91,84,97,94,100,94,91,98,107,95,NA,110,100,101,77,97,85,108,117,91,103,62,95,65,97,85,112,104,91,101,NA,95,99,77,99,74,87,67,96,105,89,103,99,96,88,94,81,99,92,98,97,61,68,65,97,62,57,91,65,77,64,92,66,56,105,99,66,109,59,88,67,91,95,97,98,55,94,60,64,82,90,60,64,95,60,94,96,96,93,88,59,NA,NA,NA,NA,NA,NA,NA,NA,NA,NA,NA,NA,NA,NA,NA,NA,NA,NA,NA,NA,NA,NA,NA,NA,NA,NA
NA,NA,NA,NA,NA,NA,NA,NA,NA,NA,NA,NA,NA,NA,NA,NA,NA,NA,NA,NA,NA,NA,NA,NA,NA,NA,NA,NA,NA,NA,NA,NA,NA,NA,NA,NA,NA,NA,NA,NA,NA,65,76,65,64,64,70,65,NA,70,73,73,71,72,69,71,68,64,69,69,68,95,67,69,67,76,105,64,75,64,85,65,109,101,78,79,83,91,65,104,92,79,90,79,73,66,100,105,102,107,70,113,91,79,105,80,90,82,98,117,NA,91,105,91,106,48,116,97,96,87,87,86,115,95,75,66,57,54,107,65,98,76,99,98,98,75,77,75,95,88,93,99,96,67,96,89,96,97,62,60,70,98,60,53,68,54,102,81,109,92,96,95,56,94,66,NA,93,99,85,98,93,90,101,101,60,90,NA,66,99,95,96,63,NA,87,96,NA,NA,NA,NA,NA,NA,NA,NA,NA,NA,NA,NA,NA,NA,NA,NA,NA,NA,NA,NA,NA,NA,NA,NA,NA
NA,NA,NA,NA,NA,NA,NA,NA,NA,NA,NA,NA,NA,NA,NA,NA,NA,NA,NA,NA,NA,NA,NA,NA,NA,NA,NA,NA,NA,NA,NA,NA,NA,NA,NA,NA,NA,NA,NA,63,71,63,NA,73,66,64,70,68,77,65,68,71,70,64,71,NA,72,66,69,NA,60,63,76,66,76,65,68,85,105,64,67,85,65,62,98,100,102,100,108,99,93,93,101,101,66,99,96,70,99,84,103,75,100,80,108,NA,104,108,97,79,96,101,103,116,102,104,109,96,113,95,91,104,94,60,97,64,77,106,94,105,98,97,72,63,65,88,97,92,59,47,88,97,91,57,71,96,63,90,62,59,57,80,57,95,60,100,68,68,NA,92,65,95,67,56,63,96,89,96,98,99,94,91,101,82,96,88,98,59,58,94,91,98,54,100,89,91,NA,NA,NA,NA,NA,NA,NA,NA,NA,NA,NA,NA,NA,NA,NA,NA,NA,NA,NA,NA,NA,NA,NA,NA
NA,NA,NA,NA,NA,NA,NA,NA,NA,NA,NA,NA,NA,NA,NA,NA,NA,NA,NA,NA,NA,NA,NA,NA,NA,NA,NA,NA,NA,NA,NA,NA,NA,NA,NA,NA,NA,NA,NA,NA,NA,80,66,71,64,64,67,75,67,67,NA,65,81,69,68,64,67,55,65,68,74,68,63,65,72,111,72,73,85,102,73,73,102,64,62,66,100,107,92,NA,100,83,87,78,79,104,91,97,97,84,109,73,104,97,96,99,98,108,100,102,94,103,104,102,55,55,72,94,64,95,94,48,103,79,98,75,96,99,92,96,63,84,55,63,98,88,99,99,88,59,98,77,95,92,66,56,67,98,87,63,60,69,91,94,90,69,91,102,90,92,93,94,90,61,61,75,60,93,95,64,91,93,90,96,98,88,98,60,92,98,91,98,98,98,93,NA,NA,NA,NA,NA,NA,NA,NA,NA,NA,NA,NA,NA,NA,NA,NA,NA,NA,NA,NA,NA,NA,NA,NA,NA
NA,NA,NA,NA,NA,NA,NA,NA,NA,NA,NA,NA,NA,NA,NA,NA,NA,NA,NA,NA,NA,NA,NA,NA,NA,NA,NA,NA,NA,NA,NA,NA,NA,NA,NA,NA,NA,NA,NA,69,74,69,NA,70,65,74,72,81,75,66,63,68,68,68,71,77,67,71,70,76,64,67,68,64,73,68,66,67,74,69,84,108,65,91,81,85,59,92,92,97,109,100,92,98,97,98,91,87,96,84,78,78,97,76,92,91,82,105,104,107,62,94,102,110,55,85,100,103,97,97,62,98,95,92,76,86,100,96,97,86,74,98,101,100,97,75,65,71,68,60,61,73,76,92,90,98,60,98,61,109,98,66,88,65,58,66,92,81,61,70,61,93,92,92,92,96,96,60,59,96,90,90,54,95,58,92,89,97,96,53,89,98,86,98,NA,NA,NA,NA,NA,NA,NA,NA,NA,NA,NA,NA,NA,NA,NA,NA,NA,NA,NA,NA,NA,NA,NA,NA,NA,NA
NA,NA,NA,NA,NA,NA,NA,NA,NA,NA,NA,NA,NA,NA,NA,NA,NA,NA,NA,NA,NA,NA,NA,NA,NA,NA,NA,NA,NA,NA,NA,NA,NA,NA,NA,NA,NA,NA,NA,NA,NA,61,64,64,65,75,73,69,67,67,66,66,67,64,68,70,64,65,95,65,67,77,67,64,75,76,78,67,69,63,68,63,79,92,63,80,70,73,91,99,84,67,89,106,92,55,96,103,86,85,92,78,105,78,105,105,105,97,104,114,108,108,113,104,97,107,100,64,98,103,96,47,75,103,80,79,99,86,61,69,97,97,91,100,90,91,77,91,71,60,94,62,57,66,74,94,93,92,84,94,88,98,100,61,68,94,99,94,92,99,91,94,72,59,97,61,65,60,96,90,96,62,92,94,96,93,90,89,100,89,89,90,94,85,64,NA,NA,NA,NA,NA,NA,NA,NA,NA,NA,NA,NA,NA,NA,NA,NA,NA,NA,NA,NA,NA,NA,NA,NA,NA
NA,NA,NA,NA,NA,NA,NA,NA,NA,NA,NA,NA,NA,NA,NA,NA,NA,NA,NA,NA,NA,NA,NA,NA,NA,NA,NA,NA,NA,NA,NA,NA,NA,NA,NA,NA,NA,NA,NA,NA,76,NA,76,NA,66,70,74,76,70,75,65,66,63,68,69,63,67,66,64,74,67,68,74,75,67,71,66,71,67,91,52,62,60,91,96,91,90,105,67,66,82,92,105,71,100,90,83,107,103,86,76,92,102,115,94,102,93,59,114,102,106,97,104,95,97,99,109,98,103,85,97,63,76,95,74,80,86,99,99,60,97,60,99,80,91,73,96,88,101,92,92,83,87,NA,88,59,65,94,70,71,94,64,100,65,91,55,66,95,86,58,95,91,93,98,54,96,96,62,60,95,93,59,89,64,90,90,93,93,89,94,64,94,94,99,97,NA,NA,NA,NA,NA,NA,NA,NA,NA,NA,NA,NA,NA,NA,NA,NA,NA,NA,NA,NA,NA,NA,NA,NA,NA
NA,NA,NA,NA,NA,NA,NA,NA,NA,NA,NA,NA,NA,NA,NA,NA,NA,NA,NA,NA,NA,NA,NA,NA,NA,NA,NA,NA,NA,NA,NA,NA,NA,NA,NA,NA,NA,NA,NA,NA,NA,NA,NA,75,NA,67,74,NA,65,73,74,72,79,68,64,67,73,65,66,59,68,59,67,68,67,64,NA,63,62,74,109,83,92,69,66,103,91,109,88,98,98,91,79,53,105,97,91,NA,54,105,70,110,90,NA,94,102,93,101,103,108,109,111,94,99,97,103,95,107,58,103,78,96,96,79,95,80,79,73,65,80,78,95,88,97,61,77,78,98,101,95,86,66,62,85,81,97,98,94,98,88,NA,59,91,64,95,61,63,94,65,93,58,94,95,60,91,94,94,59,96,NA,57,95,65,90,59,58,90,58,88,88,94,65,96,NA,NA,NA,NA,NA,NA,NA,NA,NA,NA,NA,NA,NA,NA,NA,NA,NA,NA,NA,NA,NA,NA,NA,NA,NA,NA,NA
NA,NA,NA,NA,NA,NA,NA,NA,NA,NA,NA,NA,NA,NA,NA,NA,NA,NA,NA,NA,NA,NA,NA,NA,NA,NA,NA,NA,NA,NA,NA,NA,NA,NA,NA,NA,NA,NA,NA,NA,NA,NA,63,NA,NA,NA,76,66,74,75,64,65,65,64,69,79,71,68,70,74,79,65,68,63,109,77,78,77,64,80,76,72,97,58,93,91,69,63,101,89,92,106,98,79,55,87,93,68,NA,95,104,79,86,91,104,64,89,105,59,109,94,112,112,110,110,103,80,98,76,97,107,98,58,95,95,96,78,97,77,94,75,62,98,73,62,88,99,65,62,83,89,89,64,61,94,88,97,92,92,94,64,61,95,57,96,93,61,61,68,68,99,69,71,93,98,94,93,93,96,61,93,94,94,58,100,89,59,89,86,87,96,62,88,98,97,NA,NA,NA,NA,NA,NA,NA,NA,NA,NA,NA,NA,NA,NA,NA,NA,NA,NA,NA,NA,NA,NA,NA,NA,NA
NA,NA,NA,NA,NA,NA,NA,NA,NA,NA,NA,NA,NA,NA,NA,NA,NA,NA,NA,NA,NA,NA,NA,NA,NA,NA,NA,NA,NA,NA,NA,NA,NA,NA,NA,NA,NA,NA,NA,NA,NA,NA,NA,NA,NA,66,73,69,70,64,75,78,65,NA,76,70,63,78,76,78,109,69,60,64,69,108,65,112,71,69,75,54,65,93,72,81,71,65,93,105,103,97,105,89,92,92,99,92,93,74,92,90,86,101,93,103,104,64,115,104,90,97,98,101,67,81,110,110,64,110,96,61,80,95,71,96,62,97,69,64,98,62,98,98,96,67,90,61,61,94,84,66,60,67,94,60,92,82,98,94,92,88,58,53,94,97,94,90,80,55,68,97,64,93,60,70,91,94,91,92,92,96,NA,93,87,89,87,NA,96,94,NA,NA,83,NA,NA,NA,NA,NA,NA,NA,NA,NA,NA,NA,NA,NA,NA,NA,NA,NA,NA,NA,NA,NA,NA,NA,NA,NA,NA,NA
NA,NA,NA,NA,NA,NA,NA,NA,NA,NA,NA,NA,NA,NA,NA,NA,NA,NA,NA,NA,NA,NA,NA,NA,NA,NA,NA,NA,NA,NA,NA,NA,NA,NA,NA,NA,NA,NA,NA,NA,NA,NA,NA,NA,NA,75,NA,75,69,75,77,67,73,72,62,66,66,65,67,68,60,109,72,74,78,111,100,64,78,106,75,58,82,87,96,79,63,105,89,93,68,107,76,88,80,98,90,92,87,84,95,102,106,96,96,91,110,102,102,90,NA,113,76,110,91,97,92,97,85,99,76,81,86,90,96,96,80,65,75,98,94,57,96,62,98,70,59,98,75,87,95,97,93,60,89,84,87,83,88,93,95,73,81,88,88,97,84,93,90,93,92,93,67,58,67,96,93,60,60,89,62,66,64,59,89,53,90,NA,NA,88,NA,NA,65,NA,NA,NA,NA,NA,NA,NA,NA,NA,NA,NA,NA,NA,NA,NA,NA,NA,NA,NA,NA,NA,NA,NA,NA,NA,NA,NA
NA,NA,NA,NA,NA,NA,NA,NA,NA,NA,NA,NA,NA,NA,NA,NA,NA,NA,NA,NA,NA,NA,NA,NA,NA,NA,NA,NA,NA,NA,NA,NA,NA,NA,NA,NA,NA,NA,NA,NA,NA,NA,NA,NA,73,NA,NA,65,75,66,63,68,76,64,66,61,69,65,65,70,68,109,71,72,69,73,70,63,63,106,70,69,68,76,71,92,88,91,91,78,90,106,106,100,86,96,64,103,64,65,95,101,107,96,107,104,104,103,105,115,105,100,90,79,91,98,98,97,59,98,77,95,61,77,100,80,98,93,82,51,98,98,86,80,93,85,88,95,62,74,82,82,83,59,58,80,66,62,64,77,73,92,95,97,58,65,97,68,65,71,92,53,53,70,92,90,60,72,57,55,92,54,52,86,91,89,68,87,87,NA,NA,NA,NA,NA,NA,NA,NA,NA,NA,NA,NA,NA,NA,NA,NA,NA,NA,NA,NA,NA,NA,NA,NA,NA,NA,NA,NA,NA,NA,NA
NA,NA,NA,NA,NA,NA,NA,NA,NA,NA,NA,NA,NA,NA,NA,NA,NA,NA,NA,NA,NA,NA,NA,NA,NA,NA,NA,NA,NA,NA,NA,NA,NA,NA,NA,NA,NA,NA,NA,NA,NA,NA,NA,NA,NA,73,NA,65,76,78,66,70,69,75,64,77,67,66,73,67,57,77,63,61,77,111,69,87,69,109,109,66,68,92,92,78,87,78,81,71,65,100,84,79,103,103,68,103,92,81,80,85,66,92,96,69,115,105,64,112,92,113,64,98,82,66,95,101,81,109,109,68,75,96,77,93,79,74,74,78,69,97,87,97,80,59,NA,95,95,NA,83,62,66,95,77,97,97,77,81,92,57,92,70,89,95,65,69,92,90,94,95,61,95,89,93,96,92,54,94,89,62,71,67,92,91,68,89,64,NA,NA,NA,NA,NA,NA,NA,NA,NA,NA,NA,NA,NA,NA,NA,NA,NA,NA,NA,NA,NA,NA,NA,NA,NA,NA,NA,NA,NA,NA,NA,NA
NA,NA,NA,NA,NA,NA,NA,NA,NA,NA,NA,NA,NA,NA,NA,NA,NA,NA,NA,NA,NA,NA,NA,NA,NA,NA,NA,NA,NA,NA,NA,NA,NA,NA,NA,NA,NA,NA,NA,NA,NA,NA,NA,NA,73,75,57,66,NA,66,NA,72,61,67,69,75,NA,68,75,73,65,64,78,58,67,63,111,100,NA,68,94,78,91,83,74,91,91,92,66,101,76,92,100,95,84,109,87,82,69,80,92,84,91,92,105,80,100,NA,99,106,97,108,107,106,84,95,92,90,94,100,93,64,68,95,94,83,94,82,93,98,98,68,74,72,86,62,98,84,94,92,93,97,60,70,83,62,67,70,80,98,87,88,66,85,61,88,69,95,65,89,67,90,89,87,92,90,89,95,93,66,67,59,71,93,68,68,91,89,NA,NA,NA,NA,NA,NA,NA,NA,NA,NA,NA,NA,NA,NA,NA,NA,NA,NA,NA,NA,NA,NA,NA,NA,NA,NA,NA,NA,NA,NA,NA,NA
NA,NA,NA,NA,NA,NA,NA,NA,NA,NA,NA,NA,NA,NA,NA,NA,NA,NA,NA,NA,NA,NA,NA,NA,NA,NA,NA,NA,NA,NA,NA,NA,NA,NA,NA,NA,NA,NA,NA,NA,NA,NA,NA,NA,NA,73,75,69,NA,73,NA,NA,68,61,67,63,81,68,69,75,65,80,64,61,100,65,110,78,104,68,61,77,94,59,65,90,90,NA,101,93,76,107,111,65,111,68,100,70,98,97,79,60,95,85,83,85,58,104,97,105,97,91,101,107,100,57,91,99,95,94,99,99,98,96,99,94,85,62,75,84,98,69,100,65,84,74,79,93,98,76,90,60,91,79,85,81,92,66,88,73,65,87,100,86,85,61,88,93,67,65,93,92,66,93,93,89,92,50,87,90,65,89,96,95,89,NA,NA,90,NA,NA,NA,NA,NA,NA,NA,NA,NA,NA,NA,NA,NA,NA,NA,NA,NA,NA,NA,NA,NA,NA,NA,NA,NA,NA,NA,NA,NA,NA,NA,NA
NA,NA,NA,NA,NA,NA,NA,NA,NA,NA,NA,NA,NA,NA,NA,NA,NA,NA,NA,NA,NA,NA,NA,NA,NA,NA,NA,NA,NA,NA,NA,NA,NA,NA,NA,NA,NA,NA,NA,NA,NA,NA,NA,NA,NA,NA,NA,NA,NA,NA,NA,NA,69,66,61,67,71,NA,61,57,61,80,63,64,110,64,60,63,57,83,77,69,90,59,92,88,69,64,56,102,90,95,60,86,107,87,87,100,NA,73,98,81,61,92,105,105,109,104,105,101,93,65,76,105,110,103,99,55,99,82,96,100,97,70,94,93,73,93,98,98,70,98,76,76,100,93,84,99,75,58,75,93,88,79,79,67,97,60,88,95,91,67,89,95,87,89,64,68,67,65,84,90,89,65,88,93,97,88,93,90,96,NA,68,94,95,NA,NA,NA,91,NA,NA,NA,NA,NA,NA,NA,NA,NA,NA,NA,NA,NA,NA,NA,NA,NA,NA,NA,NA,NA,NA,NA,NA,NA,NA,NA,NA,NA,NA,NA
NA,NA,NA,NA,NA,NA,NA,NA,NA,NA,NA,NA,NA,NA,NA,NA,NA,NA,NA,NA,NA,NA,NA,NA,NA,NA,NA,NA,NA,NA,NA,NA,NA,NA,NA,NA,NA,NA,NA,NA,NA,NA,NA,NA,NA,NA,NA,NA,NA,NA,NA,66,68,64,67,74,74,NA,71,68,66,64,64,64,65,80,80,67,65,59,NA,70,100,100,102,77,90,91,NA,72,84,93,103,107,68,98,108,86,66,69,69,98,103,95,80,97,58,104,NA,107,100,84,98,110,104,98,103,97,85,99,70,87,84,100,65,70,75,90,97,96,100,74,88,90,85,89,61,99,90,61,61,93,75,63,89,66,74,69,62,59,94,90,63,95,99,89,89,88,97,67,67,95,87,91,64,91,92,91,95,92,87,NA,98,66,NA,98,NA,NA,NA,NA,NA,NA,NA,NA,NA,NA,NA,NA,NA,NA,NA,NA,NA,NA,NA,NA,NA,NA,NA,NA,NA,NA,NA,NA,NA,NA,NA,NA,NA,NA
NA,NA,NA,NA,NA,NA,NA,NA,NA,NA,NA,NA,NA,NA,NA,NA,NA,NA,NA,NA,NA,NA,NA,NA,NA,NA,NA,NA,NA,NA,NA,NA,NA,NA,NA,NA,NA,NA,NA,NA,NA,NA,NA,NA,NA,NA,NA,NA,NA,NA,NA,NA,68,77,74,73,77,63,64,79,63,78,66,112,63,60,65,66,89,78,62,55,86,73,80,108,88,105,74,75,74,71,65,90,93,67,87,104,104,69,82,82,76,86,83,NA,105,99,101,101,101,91,105,51,98,109,81,99,102,83,100,98,84,70,98,98,97,98,84,86,83,99,65,98,85,92,98,91,75,84,81,84,70,98,58,60,74,80,65,62,67,88,66,100,96,65,61,91,97,62,97,95,87,88,88,88,85,91,65,83,NA,NA,NA,92,91,NA,NA,NA,NA,NA,NA,NA,NA,NA,NA,NA,NA,NA,NA,NA,NA,NA,NA,NA,NA,NA,NA,NA,NA,NA,NA,NA,NA,NA,NA,NA,NA,NA,NA,NA
NA,NA,NA,NA,NA,NA,NA,NA,NA,NA,NA,NA,NA,NA,NA,NA,NA,NA,NA,NA,NA,NA,NA,NA,NA,NA,NA,NA,NA,NA,NA,NA,NA,NA,NA,NA,NA,NA,NA,NA,NA,NA,NA,NA,NA,NA,NA,NA,NA,NA,NA,NA,74,77,63,76,69,62,62,68,66,58,60,76,64,105,68,69,65,89,70,61,79,86,75,78,74,99,72,66,74,62,66,94,66,94,66,104,65,99,100,87,85,76,NA,82,83,82,107,66,98,84,97,84,85,64,NA,97,103,81,101,102,50,84,93,80,98,79,94,81,96,100,83,100,90,80,100,99,66,93,84,76,77,94,83,75,96,72,73,86,68,67,78,78,94,59,67,87,65,65,67,67,71,61,68,72,64,92,NA,91,NA,NA,NA,NA,NA,NA,NA,NA,NA,NA,NA,NA,NA,NA,NA,NA,NA,NA,NA,NA,NA,NA,NA,NA,NA,NA,NA,NA,NA,NA,NA,NA,NA,NA,NA,NA,NA,NA,NA,NA
NA,NA,NA,NA,NA,NA,NA,NA,NA,NA,NA,NA,NA,NA,NA,NA,NA,NA,NA,NA,NA,NA,NA,NA,NA,NA,NA,NA,NA,NA,NA,NA,NA,NA,NA,NA,NA,NA,NA,NA,NA,NA,NA,NA,NA,NA,NA,NA,NA,NA,NA,NA,68,73,NA,64,69,NA,67,NA,78,62,79,75,79,80,61,75,78,70,64,60,106,62,72,80,71,77,56,73,72,67,67,73,87,74,65,99,101,81,100,86,86,96,82,102,105,58,103,99,105,101,62,105,64,66,68,66,77,97,97,88,94,83,96,96,97,96,96,89,83,90,96,66,91,91,98,98,99,59,101,60,97,81,86,63,95,79,65,67,86,99,68,98,67,95,92,65,66,65,62,68,84,72,89,89,56,56,71,88,NA,NA,NA,NA,NA,NA,NA,NA,NA,NA,NA,NA,NA,NA,NA,NA,NA,NA,NA,NA,NA,NA,NA,NA,NA,NA,NA,NA,NA,NA,NA,NA,NA,NA,NA,NA,NA,NA,NA,NA
NA,NA,NA,NA,NA,NA,NA,NA,NA,NA,NA,NA,NA,NA,NA,NA,NA,NA,NA,NA,NA,NA,NA,NA,NA,NA,NA,NA,NA,NA,NA,NA,NA,NA,NA,NA,NA,NA,NA,NA,NA,NA,NA,NA,NA,NA,NA,NA,NA,NA,NA,NA,NA,NA,NA,NA,NA,NA,NA,NA,65,66,79,80,65,66,68,67,59,55,57,64,59,69,83,58,103,NA,105,76,71,58,64,87,99,68,85,98,99,63,85,63,NA,80,89,106,105,82,105,53,53,101,60,104,69,99,78,70,70,81,103,72,95,84,81,78,96,97,97,85,56,84,61,93,85,89,99,98,82,89,60,81,97,64,80,94,77,64,79,70,64,86,98,94,67,57,82,66,93,89,64,54,69,64,95,95,89,70,57,NA,NA,NA,NA,NA,NA,NA,NA,NA,NA,NA,NA,NA,NA,NA,NA,NA,NA,NA,NA,NA,NA,NA,NA,NA,NA,NA,NA,NA,NA,NA,NA,NA,NA,NA,NA,NA,NA,NA,NA,NA
NA,NA,NA,NA,NA,NA,NA,NA,NA,NA,NA,NA,NA,NA,NA,NA,NA,NA,NA,NA,NA,NA,NA,NA,NA,NA,NA,NA,NA,NA,NA,NA,NA,NA,NA,NA,NA,NA,NA,NA,NA,NA,NA,NA,NA,NA,NA,NA,NA,NA,NA,NA,NA,NA,NA,NA,NA,NA,67,58,59,NA,71,80,102,65,61,65,65,79,67,64,69,60,79,75,110,110,77,80,106,81,81,77,87,87,98,100,94,73,76,95,82,85,96,99,80,105,105,105,95,99,69,73,63,67,82,52,52,80,65,96,96,76,82,83,96,74,63,94,93,97,98,55,85,91,97,89,94,86,92,94,97,80,96,95,68,64,78,98,90,58,99,88,84,95,NA,95,92,69,98,97,61,64,56,91,90,65,NA,57,NA,NA,NA,NA,NA,NA,NA,NA,NA,NA,NA,NA,NA,NA,NA,NA,NA,NA,NA,NA,NA,NA,NA,NA,NA,NA,NA,NA,NA,NA,NA,NA,NA,NA,NA,NA,NA,NA,NA,NA
NA,NA,NA,NA,NA,NA,NA,NA,NA,NA,NA,NA,NA,NA,NA,NA,NA,NA,NA,NA,NA,NA,NA,NA,NA,NA,NA,NA,NA,NA,NA,NA,NA,NA,NA,NA,NA,NA,NA,NA,NA,NA,NA,NA,NA,NA,NA,NA,NA,NA,NA,NA,NA,NA,NA,NA,NA,NA,NA,63,NA,66,64,102,72,83,62,61,69,102,102,60,82,79,64,63,99,71,109,71,NA,79,103,79,85,74,98,87,71,NA,74,105,106,74,77,102,67,95,79,85,67,67,68,103,91,99,86,97,74,97,94,50,96,87,86,97,95,80,80,94,84,85,83,66,56,96,95,66,97,96,66,55,98,97,88,65,68,97,NA,98,58,67,69,58,71,66,89,99,64,56,NA,63,68,63,66,88,90,54,NA,NA,NA,NA,NA,NA,NA,NA,NA,NA,NA,NA,NA,NA,NA,NA,NA,NA,NA,NA,NA,NA,NA,NA,NA,NA,NA,NA,NA,NA,NA,NA,NA,NA,NA,NA,NA,NA,NA,NA,NA,NA
NA,NA,NA,NA,NA,NA,NA,NA,NA,NA,NA,NA,NA,NA,NA,NA,NA,NA,NA,NA,NA,NA,NA,NA,NA,NA,NA,NA,NA,NA,NA,NA,NA,NA,NA,NA,NA,NA,NA,NA,NA,NA,NA,NA,NA,NA,NA,NA,NA,NA,NA,NA,NA,NA,NA,NA,NA,NA,NA,83,72,NA,72,102,NA,66,66,NA,68,68,57,101,82,99,103,71,72,98,86,95,66,80,97,94,69,93,94,75,58,96,96,75,81,77,88,100,89,67,78,104,83,53,53,97,83,86,99,98,96,77,92,86,82,87,84,97,84,92,74,95,70,88,98,95,101,88,90,83,89,96,96,56,93,59,93,59,97,77,77,65,68,56,92,71,65,59,56,67,68,72,88,64,54,87,NA,NA,NA,NA,NA,NA,NA,NA,NA,NA,NA,NA,NA,NA,NA,NA,NA,NA,NA,NA,NA,NA,NA,NA,NA,NA,NA,NA,NA,NA,NA,NA,NA,NA,NA,NA,NA,NA,NA,NA,NA,NA,NA,NA,NA,NA
NA,NA,NA,NA,NA,NA,NA,NA,NA,NA,NA,NA,NA,NA,NA,NA,NA,NA,NA,NA,NA,NA,NA,NA,NA,NA,NA,NA,NA,NA,NA,NA,NA,NA,NA,NA,NA,NA,NA,NA,NA,NA,NA,NA,NA,NA,NA,NA,NA,NA,NA,NA,NA,NA,NA,NA,NA,NA,NA,NA,NA,NA,72,NA,62,61,69,NA,69,69,69,68,98,NA,99,72,80,77,67,103,89,104,72,69,69,76,101,89,87,77,69,93,87,100,NA,99,98,NA,99,66,101,86,58,77,111,97,98,93,69,96,NA,NA,87,61,61,98,82,94,98,70,75,57,83,91,84,63,92,NA,97,101,56,85,92,75,66,92,65,90,96,65,67,90,98,70,NA,86,64,91,97,67,69,69,53,87,NA,NA,NA,NA,NA,NA,NA,NA,NA,NA,NA,NA,NA,NA,NA,NA,NA,NA,NA,NA,NA,NA,NA,NA,NA,NA,NA,NA,NA,NA,NA,NA,NA,NA,NA,NA,NA,NA,NA,NA,NA,NA,NA,NA,NA,NA
NA,NA,NA,NA,NA,NA,NA,NA,NA,NA,NA,NA,NA,NA,NA,NA,NA,NA,NA,NA,NA,NA,NA,NA,NA,NA,NA,NA,NA,NA,NA,NA,NA,NA,NA,NA,NA,NA,NA,NA,NA,NA,NA,NA,NA,NA,NA,NA,NA,NA,NA,NA,NA,NA,NA,NA,NA,NA,NA,NA,NA,NA,102,62,NA,NA,NA,NA,NA,59,68,NA,99,NA,NA,65,NA,64,86,103,72,86,74,104,91,85,101,104,89,89,103,75,92,74,71,104,102,78,106,84,103,83,86,73,85,73,92,93,85,95,59,61,88,92,88,82,83,98,93,95,95,75,93,86,96,97,88,86,84,96,98,96,63,76,95,95,61,67,74,98,62,62,89,67,58,66,89,89,89,86,NA,61,65,62,86,NA,NA,NA,NA,NA,NA,NA,NA,NA,NA,NA,NA,NA,NA,NA,NA,NA,NA,NA,NA,NA,NA,NA,NA,NA,NA,NA,NA,NA,NA,NA,NA,NA,NA,NA,NA,NA,NA,NA,NA,NA,NA,NA,NA,NA
NA,NA,NA,NA,NA,NA,NA,NA,NA,NA,NA,NA,NA,NA,NA,NA,NA,NA,NA,NA,NA,NA,NA,NA,NA,NA,NA,NA,NA,NA,NA,NA,NA,NA,NA,NA,NA,NA,NA,NA,NA,NA,NA,NA,NA,NA,NA,NA,NA,NA,NA,NA,NA,NA,NA,NA,NA,NA,NA,NA,NA,NA,NA,NA,NA,NA,NA,NA,NA,NA,NA,NA,NA,NA,65,NA,67,99,83,100,89,74,88,100,72,84,94,104,103,86,103,70,106,81,107,107,76,66,82,78,97,78,97,102,99,98,99,86,70,81,100,51,100,85,55,90,98,83,84,95,NA,88,70,83,96,94,95,86,56,56,77,73,87,97,73,75,81,86,86,94,61,56,89,NA,NA,91,84,96,NA,56,NA,NA,87,NA,NA,NA,NA,NA,NA,NA,NA,NA,NA,NA,NA,NA,NA,NA,NA,NA,NA,NA,NA,NA,NA,NA,NA,NA,NA,NA,NA,NA,NA,NA,NA,NA,NA,NA,NA,NA,NA,NA,NA,NA,NA,NA,NA,NA,NA,NA
NA,NA,NA,NA,NA,NA,NA,NA,NA,NA,NA,NA,NA,NA,NA,NA,NA,NA,NA,NA,NA,NA,NA,NA,NA,NA,NA,NA,NA,NA,NA,NA,NA,NA,NA,NA,NA,NA,NA,NA,NA,NA,NA,NA,NA,NA,NA,NA,NA,NA,NA,NA,NA,NA,NA,NA,NA,NA,NA,NA,NA,NA,NA,NA,NA,NA,NA,NA,NA,NA,NA,NA,NA,NA,NA,NA,73,76,100,73,90,67,89,NA,NA,88,72,89,92,89,83,101,71,91,71,75,80,104,102,75,106,82,86,85,79,53,50,81,81,70,103,99,95,55,81,84,55,86,99,88,86,88,88,66,96,73,96,87,75,91,62,77,85,97,96,NA,77,95,92,94,99,102,101,NA,NA,NA,55,NA,NA,NA,NA,NA,66,NA,NA,NA,NA,NA,NA,NA,NA,NA,NA,NA,NA,NA,NA,NA,NA,NA,NA,NA,NA,NA,NA,NA,NA,NA,NA,NA,NA,NA,NA,NA,NA,NA,NA,NA,NA,NA,NA,NA,NA,NA,NA,NA,NA,NA,NA,NA
NA,NA,NA,NA,NA,NA,NA,NA,NA,NA,NA,NA,NA,NA,NA,NA,NA,NA,NA,NA,NA,NA,NA,NA,NA,NA,NA,NA,NA,NA,NA,NA,NA,NA,NA,NA,NA,NA,NA,NA,NA,NA,NA,NA,NA,NA,NA,NA,NA,NA,NA,NA,NA,NA,NA,NA,NA,NA,NA,NA,NA,NA,NA,NA,NA,NA,NA,NA,NA,NA,NA,NA,NA,NA,NA,NA,NA,NA,NA,91,80,NA,80,NA,NA,81,87,72,92,69,102,106,86,78,57,79,100,86,80,58,NA,101,86,85,85,49,83,81,100,80,103,99,99,99,97,98,92,94,83,91,84,88,86,86,83,95,55,96,95,97,75,95,87,NA,88,NA,86,69,90,76,66,72,102,NA,NA,NA,NA,NA,NA,NA,NA,NA,NA,NA,NA,NA,NA,NA,NA,NA,NA,NA,NA,NA,NA,NA,NA,NA,NA,NA,NA,NA,NA,NA,NA,NA,NA,NA,NA,NA,NA,NA,NA,NA,NA,NA,NA,NA,NA,NA,NA,NA,NA,NA,NA,NA,NA,NA,NA,NA
NA,NA,NA,NA,NA,NA,NA,NA,NA,NA,NA,NA,NA,NA,NA,NA,NA,NA,NA,NA,NA,NA,NA,NA,NA,NA,NA,NA,NA,NA,NA,NA,NA,NA,NA,NA,NA,NA,NA,NA,NA,NA,NA,NA,NA,NA,NA,NA,NA,NA,NA,NA,NA,NA,NA,NA,NA,NA,NA,NA,NA,NA,NA,NA,NA,NA,NA,NA,NA,NA,NA,NA,NA,NA,NA,NA,NA,NA,NA,75,90,NA,NA,NA,92,81,100,95,85,91,107,72,83,76,76,93,105,79,79,81,75,56,78,57,98,95,75,79,100,102,78,98,96,61,80,81,90,81,97,56,90,90,96,83,95,87,99,NA,62,96,59,84,87,88,NA,NA,93,NA,90,96,56,60,NA,NA,NA,NA,NA,NA,NA,NA,NA,NA,NA,NA,NA,NA,NA,NA,NA,NA,NA,NA,NA,NA,NA,NA,NA,NA,NA,NA,NA,NA,NA,NA,NA,NA,NA,NA,NA,NA,NA,NA,NA,NA,NA,NA,NA,NA,NA,NA,NA,NA,NA,NA,NA,NA,NA,NA,NA,NA
NA,NA,NA,NA,NA,NA,NA,NA,NA,NA,NA,NA,NA,NA,NA,NA,NA,NA,NA,NA,NA,NA,NA,NA,NA,NA,NA,NA,NA,NA,NA,NA,NA,NA,NA,NA,NA,NA,NA,NA,NA,NA,NA,NA,NA,NA,NA,NA,NA,NA,NA,NA,NA,NA,NA,NA,NA,NA,NA,NA,NA,NA,NA,NA,NA,NA,NA,NA,NA,NA,NA,NA,NA,NA,NA,NA,NA,NA,73,NA,86,NA,NA,NA,NA,NA,NA,91,92,70,NA,91,63,83,72,78,80,81,105,76,101,78,81,57,78,84,102,105,82,104,82,97,102,96,97,97,55,99,93,NA,96,96,56,85,55,82,94,87,98,59,89,90,NA,NA,NA,99,90,84,NA,NA,71,NA,NA,NA,NA,NA,NA,NA,NA,NA,NA,NA,NA,NA,NA,NA,NA,NA,NA,NA,NA,NA,NA,NA,NA,NA,NA,NA,NA,NA,NA,NA,NA,NA,NA,NA,NA,NA,NA,NA,NA,NA,NA,NA,NA,NA,NA,NA,NA,NA,NA,NA,NA,NA,NA,NA,NA,NA,NA,NA
NA,NA,NA,NA,NA,NA,NA,NA,NA,NA,NA,NA,NA,NA,NA,NA,NA,NA,NA,NA,NA,NA,NA,NA,NA,NA,NA,NA,NA,NA,NA,NA,NA,NA,NA,NA,NA,NA,NA,NA,NA,NA,NA,NA,NA,NA,NA,NA,NA,NA,NA,NA,NA,NA,NA,NA,NA,NA,NA,NA,NA,NA,NA,NA,NA,NA,NA,NA,NA,NA,NA,NA,NA,NA,NA,NA,NA,NA,83,NA,NA,NA,NA,NA,NA,NA,70,56,56,92,109,98,108,104,103,81,80,82,94,78,105,83,83,103,82,79,100,83,82,83,75,82,105,102,81,98,NA,93,55,91,NA,86,81,86,86,93,NA,99,88,75,85,82,NA,NA,NA,NA,85,NA,NA,NA,NA,NA,NA,NA,NA,NA,NA,NA,NA,NA,NA,NA,NA,NA,NA,NA,NA,NA,NA,NA,NA,NA,NA,NA,NA,NA,NA,NA,NA,NA,NA,NA,NA,NA,NA,NA,NA,NA,NA,NA,NA,NA,NA,NA,NA,NA,NA,NA,NA,NA,NA,NA,NA,NA,NA,NA,NA,NA,NA,NA
NA,NA,NA,NA,NA,NA,NA,NA,NA,NA,NA,NA,NA,NA,NA,NA,NA,NA,NA,NA,NA,NA,NA,NA,NA,NA,NA,NA,NA,NA,NA,NA,NA,NA,NA,NA,NA,NA,NA,NA,NA,NA,NA,NA,NA,NA,NA,NA,NA,NA,NA,NA,NA,NA,NA,NA,NA,NA,NA,NA,NA,NA,NA,NA,NA,NA,NA,NA,NA,NA,NA,NA,NA,NA,NA,NA,NA,NA,NA,NA,NA,NA,NA,NA,NA,NA,70,NA,NA,91,90,109,NA,97,87,NA,62,61,85,94,75,81,86,98,79,105,100,83,68,75,75,105,80,105,54,81,NA,NA,65,NA,89,87,NA,81,83,97,NA,91,NA,NA,NA,NA,NA,NA,NA,NA,NA,99,NA,NA,NA,NA,NA,NA,NA,NA,NA,NA,NA,NA,NA,NA,NA,NA,NA,NA,NA,NA,NA,NA,NA,NA,NA,NA,NA,NA,NA,NA,NA,NA,NA,NA,NA,NA,NA,NA,NA,NA,NA,NA,NA,NA,NA,NA,NA,NA,NA,NA,NA,NA,NA,NA,NA,NA,NA,NA,NA,NA,NA,NA
NA,NA,NA,NA,NA,NA,NA,NA,NA,NA,NA,NA,NA,NA,NA,NA,NA,NA,NA,NA,NA,NA,NA,NA,NA,NA,NA,NA,NA,NA,NA,NA,NA,NA,NA,NA,NA,NA,NA,NA,NA,NA,NA,NA,NA,NA,NA,NA,NA,NA,NA,NA,NA,NA,NA,NA,NA,NA,NA,NA,NA,NA,NA,NA,NA,NA,NA,NA,NA,NA,NA,NA,NA,NA,NA,NA,NA,NA,NA,NA,NA,NA,NA,NA,NA,NA,NA,NA,98,91,NA,NA,NA,NA,NA,105,105,70,73,84,67,NA,83,78,78,93,83,82,NA,68,105,56,101,NA,NA,84,98,NA,55,NA,NA,87,NA,NA,81,95,82,57,NA,NA,NA,NA,NA,NA,NA,NA,NA,NA,NA,NA,NA,NA,NA,NA,NA,NA,NA,NA,NA,NA,NA,NA,NA,NA,NA,NA,NA,NA,NA,NA,NA,NA,NA,NA,NA,NA,NA,NA,NA,NA,NA,NA,NA,NA,NA,NA,NA,NA,NA,NA,NA,NA,NA,NA,NA,NA,NA,NA,NA,NA,NA,NA,NA,NA,NA,NA,NA,NA,NA,NA
NA,NA,NA,NA,NA,NA,NA,NA,NA,NA,NA,NA,NA,NA,NA,NA,NA,NA,NA,NA,NA,NA,NA,NA,NA,NA,NA,NA,NA,NA,NA,NA,NA,NA,NA,NA,NA,NA,NA,NA,NA,NA,NA,NA,NA,NA,NA,NA,NA,NA,NA,NA,NA,NA,NA,NA,NA,NA,NA,NA,NA,NA,NA,NA,NA,NA,NA,NA,NA,NA,NA,NA,NA,NA,NA,NA,NA,NA,NA,NA,NA,NA,NA,NA,NA,NA,NA,NA,NA,NA,NA,NA,NA,NA,NA,81,61,NA,104,NA,NA,53,105,83,76,NA,78,103,93,NA,56,106,105,NA,NA,NA,82,NA,NA,NA,NA,NA,NA,NA,98,94,57,83,NA,NA,NA,NA,NA,NA,NA,NA,NA,NA,NA,NA,NA,NA,NA,NA,NA,NA,NA,NA,NA,NA,NA,NA,NA,NA,NA,NA,NA,NA,NA,NA,NA,NA,NA,NA,NA,NA,NA,NA,NA,NA,NA,NA,NA,NA,NA,NA,NA,NA,NA,NA,NA,NA,NA,NA,NA,NA,NA,NA,NA,NA,NA,NA,NA,NA,NA,NA,NA,NA,NA,NA
NA,NA,NA,NA,NA,NA,NA,NA,NA,NA,NA,NA,NA,NA,NA,NA,NA,NA,NA,NA,NA,NA,NA,NA,NA,NA,NA,NA,NA,NA,NA,NA,NA,NA,NA,NA,NA,NA,NA,NA,NA,NA,NA,NA,NA,NA,NA,NA,NA,NA,NA,NA,NA,NA,NA,NA,NA,NA,NA,NA,NA,NA,NA,NA,NA,NA,NA,NA,NA,NA,NA,NA,NA,NA,NA,NA,NA,NA,NA,NA,NA,NA,NA,NA,NA,NA,NA,NA,NA,NA,NA,NA,NA,NA,NA,NA,NA,105,76,NA,NA,NA,84,82,NA,NA,85,NA,NA,NA,NA,NA,106,NA,NA,NA,NA,NA,NA,NA,NA,NA,NA,NA,96,NA,NA,NA,NA,NA,NA,NA,NA,NA,NA,NA,NA,NA,NA,NA,NA,NA,NA,NA,NA,NA,NA,NA,NA,NA,NA,NA,NA,NA,NA,NA,NA,NA,NA,NA,NA,NA,NA,NA,NA,NA,NA,NA,NA,NA,NA,NA,NA,NA,NA,NA,NA,NA,NA,NA,NA,NA,NA,NA,NA,NA,NA,NA,NA,NA,NA,NA,NA,NA,NA,NA,NA,NA,NA,NA
NA,NA,NA,NA,NA,NA,NA,NA,NA,NA,NA,NA,NA,NA,NA,NA,NA,NA,NA,NA,NA,NA,NA,NA,NA,NA,NA,NA,NA,NA,NA,NA,NA,NA,NA,NA,NA,NA,NA,NA,NA,NA,NA,NA,NA,NA,NA,NA,NA,NA,NA,NA,NA,NA,NA,NA,NA,NA,NA,NA,NA,NA,NA,NA,NA,NA,NA,NA,NA,NA,NA,NA,NA,NA,NA,NA,NA,NA,NA,NA,NA,NA,NA,NA,NA,NA,NA,NA,NA,NA,NA,NA,NA,NA,NA,NA,NA,NA,NA,NA,NA,NA,78,NA,NA,NA,NA,NA,NA,NA,NA,NA,NA,NA,NA,NA,NA,NA,NA,NA,NA,NA,NA,NA,95,NA,NA,NA,NA,NA,NA,NA,NA,NA,NA,NA,NA,NA,NA,NA,NA,NA,NA,NA,NA,NA,NA,NA,NA,NA,NA,NA,NA,NA,NA,NA,NA,NA,NA,NA,NA,NA,NA,NA,NA,NA,NA,NA,NA,NA,NA,NA,NA,NA,NA,NA,NA,NA,NA,NA,NA,NA,NA,NA,NA,NA,NA,NA,NA,NA,NA,NA,NA,NA,NA,NA,NA,NA,NA,NA
